-0.03094682243 -0.06798502203 47.43230677
-0.03809812812 -0.05416657192 47.48928582
-0.05868513739 -0.03721727012 48.23433399
-0.05982960812 0.01785317203 47.26777698
-0.07326215237 0.03125871921 48.50030614
-0.05130880198 0.08478736709 44.94431995
-0.07813493335 0.06261205526 48.41517158
-0.04380877505 0.01540546318 43.9406729
-0.01252951345 0.008881163043 38.80646035
0.01315400548 0.03796119805 33.41450987
-0.2269684448 0.1029995696 83.98679498
0.03486860154 -0.04456728201 24.15323575
0.0666459554 -0.08280924348 17.15504063
-0.02609649963 -0.01974296392 20.73173399
-0.006364510806 -0.01782737447 14.68651149
-0.01511789932 -0.0355609231 18.08290439
-0.02670674838 -0.06309709931 22.48651874
-0.03873009788 -0.1036362596 27.29980109
-0.05467647421 0.004643001071 27.9913347
-0.03292851698 0.014284371 19.29229423
-0.007401504371 0.01599023959 8.721721849
-0.02963818146 -0.001936064703 19.24915929
-0.01919140531 0.009431259274 13.64481587
-0.003609619167 0.003145736428 6.06452067
0.002714403373 0.01480956939 2.71427382
0.003002731406 0.001684706642 2.647321712
0.000608530233 -0.003869647834 4.150419355
0.01572837424 -0.008175205381 -4.529672745
0.02520597312 -0.005075351972 -10.46337719
0.01034131703 -0.01254216518 -0.4638368971
0.0177730607 -0.009318523885 -5.538614633
0.08441407905 0.01812749906 -50.57755637
0.08032271016 -0.006223980271 -45.95138129
0.0142963367 -0.003766210249 0.7062358933
0.003509869256 -0.001117537849 8.637740383
-0.02177113572 0.003027713052 27.85578533
-0.03427755945 -0.01459726194 38.21139168
-0.0833183203 -0.000678457655 77.3389448
-0.08641579201 0.03907572035 77.80639811
-0.0219064035 0.007661831053 24.0194752
0.00846369934 0.01789969655 -1.752446098
0.01215011497 0.005666214992 -4.625364753
0.01478679816 0.01199052706 -7.279693001
0.056548364 0.04038098246 -46.53297202
0.1051570945 0.04360149754 -91.18185528
0.005327918068 -0.03293248857 16.29748121
-0.009796220168 -0.08530454848 32.28800062
0.0722706211 -0.001860509335 -50.65482703
0.05372364752 0.04478074327 -31.73847441
0.04508906299 -0.02500700907 -21.86073312
0.02680815294 -0.06112124881 -1.597784384
0.009087248123 -0.05790312523 17.85094595
-0.004042372398 -0.05833450876 32.55078173
-0.01255211748 -0.056456613 42.24373546
-0.01763250858 -0.05637959573 48.13997106
-0.01996371077 -0.05600322599 50.89076677
-0.02063413461 -0.05585837701 51.69302576
-0.02063413461 -0.05585837701 51.69302576
-0.01560572789 -0.06804426405 47.22502762
-0.01893221137 -0.0540408578 46.85758533
-0.03387714839 -0.03270748687 47.10765162
-0.04902000497 -0.002214351221 46.9481746
-0.04397059232 0.03424977022 45.57445342
-0.05000485339 0.0233513096 47.01794271
-0.1114077201 0.1297259451 51.23639358
-0.06341282743 0.06198413267 45.85223217
-0.02176730611 0.02871164876 39.89715529
-0.004900654277 0.02536221889 37.05778941
-0.01097715409 0.05685608042 19.96356628
-0.009189781936 0.004917723191 14.20305374
0.003051363657 -0.005836095311 11.48424645
-0.008019700272 -0.03419909745 15.63986025
-0.01167423377 -0.02841240608 16.55318981
-0.02805637797 -0.05476128038 22.66795926
-0.03397186715 -0.06555388264 24.46996551
-0.07535676616 -0.04299301574 38.22169962
-0.01976663344 0.05418354337 12.56774855
-0.003900577026 0.04199588396 6.144198541
-0.02571864719 0.028150026 16.40986255
-0.03993338975 0.0005648738058 23.98119087
-0.03480801285 -0.00240126715 21.80798219
-0.001513210987 -0.002071933621 5.202656587
0.01237313175 0.01254182305 -2.263312485
-0.01255408405 0.007956720044 11.1850643
-0.007025115982 -0.0003862768986 8.257315562
0.01252450313 -0.0147955463 -2.665995305
0.02692792706 -0.02043511262 -11.31264095
0.01691789731 -0.01358135201 -4.717133501
0.03855616138 0.008592562303 -20.040401
0.1125053446 0.03413438986 -69.74807341
0.07309485032 -0.001673710722 -40.75000693
0.007960078589 0.001004342205 5.393402546
0.006455808442 -0.003020927156 6.51619059
-0.01062031027 0.007357111285 19.27204512
-0.03298434971 -0.008217528174 37.36566677
-0.07967552591 0.02455813146 73.46127762
-0.06644147603 0.05852139795 60.48606569
-0.03627438628 0.04527740792 35.38285117
0.0008847734169 0.01492717348 5.079668378
0.006913094367 0.01645520855 -0.3491463981
0.02490702793 0.01029640846 -16.68282385
0.03785255791 -0.2075002536 -21.97116758
0.05907309558 -0.06544284518 -46.26527925
-0.02308717104 -0.02234207856 43.82305898
-0.05939931098 -0.07094888117 81.38931605
-0.09059668881 -0.05301127635 112.0345799
-0.08613561193 -0.03320918571 106.6987468
-0.08730438438 -0.02896610735 107.7927672
-0.08730438438 -0.02896610735 107.7927672
0.224757606 0.02412601485 -139.9663158
0.2250304072 0.03251691517 -140.4820439
0.2456974549 0.000875279855 -162.9997531
0.2379789268 -0.02203223603 -152.7628047
0.213653283 -0.04412237656 -122.4585847
0.192817726 -0.1047652251 -94.30874598
0.1244313408 -0.08446019128 -11.75772091
0.007948639547 -0.06414887824 46.74785752
0.002220871004 -0.04306399143 45.71989951
-0.01042753016 -0.05568395813 46.278039
-0.04067314732 -0.03059671475 47.83043732
-0.04395650251 -0.02642163406 47.7067787
0.001713638027 -0.06200792279 44.74764736
-0.01545912955 -0.02670917259 44.51929697
-0.06723627872 0.03134135645 48.93497254
-0.03582707465 0.0407847072 42.68275433
-0.02829133092 0.02798593694 42.41251194
0 0 -1
-0.05060271542 -0.006635561798 25.17420329
-0.009883953083 -0.002666921407 14.96812329
-0.01191113392 -0.02876551457 16.7473682
-0.0114289526 -0.02390896299 15.77872938
-0.006267053947 0.00085645178 12.13842843
-0.009953821721 0.03183762779 11.28258866
-0.0335500293 0.04102722276 19.7665325
-0.03966838113 0.09365667611 19.48265872
-0.001635733562 0.06248940654 4.438820229
-0.06948286296 0.03453407738 35.34161673
-0.04386762566 0.01282475107 25.25807071
-0.03240960284 -0.000204710356 20.38781431
0.008993598356 0.0117227779 -0.8299451823
0.01351111826 0.01436497852 -3.003884649
-0.01481095343 0.01400002203 12.05239393
-0.009692996901 -0.0008755478764 9.827134448
0.008446973079 -0.009093889809 -0.370247411
0.02899586803 -0.007504442596 -12.94319892
0.04704500535 0.01063056997 -24.66287443
0.07032662289 0.02055852599 -40.92280938
0.09461610275 0.02503250384 -56.94371226
0.04145081345 -0.00561314558 -18.16879255
0.01737009531 -0.003580159323 -1.320327601
0.007783186748 0.001584408904 5.482245732
0.003899857557 0.0003616538008 8.482149704
-0.03145973686 0.01344520871 35.19659718
-0.01915109248 0.03906428886 23.64837523
-0.05055033544 0.08414975514 46.56488957
-0.04462664831 0.09926934669 40.64531813
-0.004676495233 0.05712826161 7.829764704
0.0108085982 0.08617451539 -6.910796299
0.004523316353 0.05668015732 0.06542465146
-0.03095292831 0.06781173008 32.49627669
-0.02130093504 0.05087934787 24.14661844
-0.09443045766 0.02178805889 112.5679173
-0.09946695132 -0.03057585858 119.8116057
-0.08595025739 -0.04177445586 106.832379
-0.08409225072 -0.03703460995 104.6886514
0.1936376245 0.05010262907 -107.5672279
0.2032454019 0.01907176509 -116.1131941
0.2297219826 0.021373421 -145.6818824
0.2362394678 0.03417557333 -154.0476802
0.259024908 0.0440034199 -180.3149044
0.2468378909 0.01771161549 -164.6699913
0.2162476547 -0.003123005112 -126.9059838
0.1680334097 -0.06818990989 -65.37335097
0.1262436275 -0.08002864123 -14.10946169
0.01632462174 -0.06426137841 46.5848269
0.01479845094 -0.06341352917 46.59201273
-0.01326854869 -0.03547436206 46.64994665
-0.04888409806 -0.05403818351 49.70033409
-0.05292633312 -0.01575344124 46.89480472
-0.02138579368 -0.03649014303 44.20368935
-0.0100729016 -0.03571902489 43.31229821
0.0006998401443 -0.05483137178 43.82019511
0.002205458335 -0.02984361622 41.29185611
0.02839462913 -0.02119586687 35.79000688
0 0 -1
-0.02971272174 -0.005831056573 19.93349278
-0.03501426298 -0.02383126807 22.55831398
-0.009831837289 -0.01532071125 14.89805318
0.004361217107 0.007002696955 8.870015614
-0.004967377919 0.02198197732 10.80584308
-0.01027710017 0.03888844919 11.36398736
-0.007468424197 0.0436263774 10.15807185
-0.02776891885 0.06667603511 16.32730365
-0.04626548526 0.04621536009 25.31223931
0 0 -1
-0.04497877143 0.0143566076 25.56003132
-0.02088433128 0.02108649994 13.40704352
0.02067351734 0.02315187576 -7.39368153
0.004577394194 0.01551751079 1.68239334
-0.01598138291 0.008216142632 13.28815405
-0.02488508064 0.001176683005 18.38870446
0.00139362 -0.004890016187 3.45056702
0.02501981611 0.01040356758 -12.06155039
0.05847650241 0.008120779189 -32.26730664
0.08137643432 0.0006828680359 -46.06413616
0.07485443892 -0.005156600196 -41.03211693
0.03722729062 -0.008075696576 -15.0593049
0.02407755485 -0.008534931979 -5.799793153
0.01657626453 -0.01305858555 -0.1733249853
0.003206079233 -0.005077440036 9.36079407
-0.01914919909 0.005550387908 25.91354783
-0.01726723682 0.01750471962 23.41379486
-0.01986254533 0.03754438202 24.4078162
-0.02724917237 0.07017344006 27.96079736
-0.006870981546 0.08068788075 9.348111523
0.006054913228 0.07030146705 -0.9976715594
-0.009832828681 0.07609446141 13.05627249
-0.03561704623 0.07613392747 37.00157915
-0.03957787013 0.08179893183 40.34525866
-0.07185411508 0.02279128761 90.56568517
0.2615227454 0.07308856746 -179.880827
-0.2281733633 -0.7069048018 387.3091855
0.1956811291 0.07260531718 -110.9946845
0.1755407862 0.05580845892 -88.93981437
0.2014396567 0.02624436575 -114.2413962
0.1974949712 -0.005449575522 -107.6757702
0.2337495507 -0.009319786721 -147.4030666
0.2490276764 0.01995985876 -166.9830311
0.1862792278 -0.04533380011 -88.8442873
0.1499849845 -0.1154911536 -40.84936827
0.1646381678 -0.07685666893 -61.37848789
0.1139459662 -0.1170041858 3.038565667
0.0200524511 -0.05069129974 45.26178959
0.01126995706 -0.04593908039 44.99488086
0.003674237366 -0.04463407047 45.20213319
-0.02045608803 -0.01648894231 44.02160227
-0.03598809613 0.00547924488 43.27846866
-0.02992907744 0.005148189379 42.88292731
-0.04726861053 -0.0132637761 46.9086024
-0.0174394766 -0.03619584731 44.28473928
-0.005855397177 -0.06498133578 45.01187483
-0.08838906079 0.08489068507 35.89392393
-0.0309910543 0.09200540199 21.51102216
-0.03418726894 0.03834855716 17.80308236
-0.003802066607 0.01148991502 23.90664825
-0.005286364339 0.0109961441 24.54256647
0.003389455454 0.002016465763 22.79739819
0.004744386214 0.02802587729 7.118824763
-0.01571905141 0.02122058189 14.5026256
-0.005771857546 0.02217617795 11.05834003
-0.0295035153 0.02670315647 19.94743896
-0.04946088976 0.02801540615 27.98993275
-0.08537841811 0.03764303269 42.63899718
-0.06793097196 0.02852814775 34.97699689
-0.01938317434 0.02102779906 12.83785504
0.002114257965 0.02115422934 2.291126007
-0.01348821815 0.009050797091 11.82154594
-0.03031598024 0.01155275485 20.70412272
-0.02196058926 0.004647004985 16.36736259
-8.287361472e-05 -9.63540944e-06 4.025848525
0.03843982229 -0.005190733504 -19.0120925
0.07017861212 -0.01927266254 -37.28462261
0.07614430087 -0.05204725201 -38.42197176
0.1073860776 -0.06300522545 -57.76223024
0.04324158684 -0.0177602697 -18.17485336
0.01833808755 -0.01020714064 -1.633090839
0.0338629036 -0.01521441875 -12.89224504
0.01636966198 -0.003533486041 -0.5479275886
-0.0005780862131 0.008765280549 10.99468797
-0.01016776003 0.01498212636 17.93406215
-0.01638332245 0.02643980314 22.10457742
-0.02227102113 0.02276822592 27.5896401
0.003073674237 0.02991563504 4.493082268
0.02588759185 0.0322635864 -15.646366
0.003266498642 0.06552822343 1.813862784
-0.01860975894 0.07592497243 21.0425284
-0.02674548348 0.084775471 27.83680864
0.237810876 0.06692537206 -155.546901
0.2404440724 0.07564466495 -159.1751342
0.2579242584 0.08053821284 -176.7895413
0.174728915 0.07483424006 -88.7512518
0.1541233077 0.05283623585 -65.23341344
0.1790793695 0.01829770852 -89.11797016
0.176120966 -0.08590649413 -76.45132747
0.2986424746 0.03508157821 -224.9985464
0.254518439 0.06735623084 -177.3599322
-0.2664286729 0.2935711797 416.7913619
0.06098858297 0.2323113658 38.63482835
0.06533699648 0.2177105306 34.34229808
0.08106645603 0.2845539712 18.23485411
0 0 -1
0.008165754529 -0.004355234597 40.09156642
0.02878333567 0.01385725301 37.46458012
0.01223875603 0.02266005068 37.58278953
-0.01877564355 0.02668496719 39.84137063
-0.04956514903 0.02382086846 43.50013534
-0.08316565494 0.0002596732626 50.52673285
-0.0542279614 -0.0489278899 51.16977123
-0.01390290566 -0.0322412511 43.2256767
-0.05747685957 0.02736332758 44.45605119
-0.03918102331 0.06241114284 27.39679758
-0.01201144928 0.07727284626 18.41952184
-0.0004989944345 0.02984718056 20.97743338
-0.003728865007 0.01257710552 23.88601407
-0.03756061231 -0.001435153546 36.01631935
-0.05017099459 0.03619218 25.30218034
-0.01297775727 0.01262452918 14.47168107
0.0002088949883 0.01740608234 8.969669209
-0.01795971194 0.03891261927 13.74284484
-0.05176667416 0.02497503765 29.11951653
-0.0841808147 0.02341899278 43.21867825
-0.06954975888 0.02032325772 36.32000074
-0.02441887936 0.02608435569 14.40096876
-0.007854044967 0.03033734063 6.039856215
-0.01832230056 0.01347903263 13.65335075
-0.01680489113 0.008392563588 13.64520501
-0.0380660437 0.01300244443 24.88003638
-0.01283756072 -0.009382245711 12.65493178
0.01955248407 -0.01962285102 -5.73425183
0.0478230998 -0.03988346739 -21.71721063
0.09762462756 -0.03842845605 -55.1454914
0.1201561879 -0.03236854277 -70.08975504
0.07846946612 -0.04896499368 -39.34538826
0.02566704465 -0.02517908183 -5.09578203
0.02392739816 -0.01705553283 -5.152986184
0.03243000036 -0.01302240372 -11.7902902
0.01380422241 -0.0004962704078 0.8840841391
0.005207894089 0.0142939986 5.760313538
-0.004818486409 0.02872985202 12.12833613
-0.003102705923 0.02524316435 10.69061177
0.006343979668 0.006855620749 4.416893483
0.01898460245 0.02318926153 -8.566294402
-0.4268073575 0.09912614329 399.6848461
0.2187295006 0.06660379316 -137.2116294
0.2263251384 0.05633847841 -143.3724248
0.2338994132 0.06238047078 -151.1997479
0.2580218699 0.07586569979 -177.0755948
0.2727466783 0.06992506526 -190.8707807
0.2037464891 0.06165773835 -117.8077722
0.1330139627 0.08940632879 -47.25023081
0.1435035947 0.06860711623 -55.84673188
0.1481306321 -0.0322495026 -50.90389921
0.1337232379 0.06473095217 -36.78168569
0.1960521938 0.128770346 -116.3643595
0.1769708664 0.113776319 -92.01756625
0.1145834584 0.09819855782 -16.67523647
0.04029696186 0.2066488885 65.92881536
0.04029696186 0.2066488885 65.92881536
0.01927580229 0.004518728271 38.66955054
0.009422720777 0.00256258193 39.12620093
0.02422539611 -0.00573138116 41.09975101
-0.01477333147 0.01541776161 41.04637692
-0.02161716246 0.02224427477 40.95403289
-0.08044697947 6.46974378e-05 50.57894869
-0.09502501803 -0.007770516202 52.84049405
-0.05171870637 -0.0002703328916 45.97291629
0.005056555727 -0.04198202764 29.65016806
0.05309162655 0.008495888665 12.666016
0.002721270516 0.02770288609 22.00195755
-0.01723850434 0.05334020525 23.10675124
-0.03790646075 0.03967335088 30.29390117
-0.02825690859 0.003477768048 32.63116491
-0.07344090691 -0.03315479285 52.15103545
-0.1171993535 -0.01776964992 63.39218347
-0.248435499 0.1835414595 79.42378463
-0.08940049992 0.117494278 29.95617313
-0.02168940986 0.04830909316 13.63880227
-0.06278425382 0.03979628859 31.61146285
-0.07865938224 0.06158679354 35.25181856
-0.06270541363 0.04911353854 29.15273549
-0.03022854079 0.07929315027 10.58048549
-0.0303549959 0.05181344763 14.7813195
-0.03986944668 0.03725063278 21.61671552
-0.01376063406 0.01232070713 11.2595389
-0.03528638681 0.005172949227 24.36626664
-0.02082744615 0.007166223455 15.20946397
0.001981456082 0.007657660872 1.647135797
0.003270446216 0.005845318375 0.9353926727
0.04448334644 0.0003109283034 -25.13050514
0.1123492792 -0.03271023362 -64.66181137
0.05183602409 -0.05839016276 -19.47358587
0.04925739505 -0.05850066327 -18.34388531
0.03314014165 -0.03551221053 -9.292860333
0.02587719028 -0.005833636848 -8.127623236
0.008999315773 -0.00585297262 14.6073273
0.02597161038 0.02998210484 -13.46076766
0.01773935387 0.04979087273 -9.851114767
0.1844714459 0.3679633633 -193.4270492
0.1933036511 0.1199266307 -165.3583591
0.1905962197 0.07731896694 -156.619421
-0.444632097 0.095442042 416.5688023
0.2105762721 0.06209612318 -128.9072708
0.2262616428 0.05460541739 -142.8480483
0.2441637193 0.06535258836 -161.6622146
0.2665221683 0.07194596333 -184.7204251
0.256993086 0.06889893363 -174.2193092
0.2156601152 0.03647655572 -126.5768146
0.1660998219 0.04807219365 -76.23588114
0.1984775446 0.1083404212 -120.0450077
0.1469962505 -0.00074486017 -48.4286471
0.1582728278 0.0946783062 -69.13472219
0.1871545424 0.105331115 -102.7622936
0.1324563201 0.1079385806 -38.76639298
0.09157611445 0.1086277585 9.426012895
0.06000929588 0.08067115411 50.91991067
0.2394858977 0.03493849131 -152.5836583
0.0141313703 -0.0004596797306 39.44335601
0.03124779701 -0.002847348343 39.57755237
-0.01146209103 -0.07073264324 52.53174011
0.01779871385 0.009054562739 39.44077473
-0.03676053071 0.006257566864 44.6571432
-0.1143120883 -0.021447036 58.41840998
-0.09635020244 -0.01137499004 53.11920952
-0.07545461802 -0.01671910619 51.13066117
0.03446250448 -0.05313056097 25.52387754
0.05826343082 -0.04633119584 19.47868517
0.07268919833 -0.009149210686 11.5230356
-0.01228623574 0.03137476925 25.06242379
-0.04940905261 0.008222344827 38.26379943
-0.06593876377 -0.01627929015 46.31339818
-0.08196117505 -0.08820605384 62.2871024
-0.08973732295 -0.08911466301 65.29478627
-0.1075890647 -0.0359939938 63.5360649
-0.1006269652 0.02673208108 49.67520603
-0.02448065585 0.02019332061 18.95883544
-0.06952072166 0.05969581603 32.40724974
-0.04982010804 0.07763138212 20.73172426
-0.05610563923 0.0895474062 21.8210615
-0.06064341861 0.0678552009 27.47330353
-0.03786408474 0.07496761086 14.93946599
-0.03065341014 0.06747979534 11.88988446
-0.02026579762 0.03455158739 11.02112312
-0.03455075403 0.02872815631 19.54898102
-0.001675733131 0.02499220382 0.8979723364
0.004348395392 0.02050566752 -1.750937436
0.01579565762 0.042976538 -12.94006128
0.07037003877 0.138723332 -63.575211
0.06728627189 -0.00105195661 -39.81516772
-0.008959800707 0.06380444128 2.930552125
0.01117482381 -0.005633240483 0.122033191
0.07033937486 -0.05712899977 -33.74426648
0.06127276871 -0.02804155035 -32.11054408
0.05959241497 0.0449646499 -42.5555184
0.03491748873 0.08179182166 -28.64861827
0.03043245081 0.1129842406 -30.52218541
0.1898784034 0.04228272226 -148.6651612
0.1527899934 0.06970694026 -121.6723564
0.1871327013 0.08586373937 -154.7281662
-0.4378503482 0.09223377435 410.8107048
0.199820196 0.03827682627 -115.0065215
0.2237581804 0.04346722439 -138.6692129
0.2519705319 0.02969778217 -163.9365472
0.2710386762 0.04776815381 -185.5933275
0.2467830297 0.05757751412 -162.1925678
0.1845258794 0.04222701049 -95.01222983
0.1289829441 0.01633083814 -32.06850658
0.1538752473 -0.00313365796 -55.72781295
0.2606248449 0.1273999119 -189.3545788
0.199046822 0.07629054618 -112.0339437
0.2046705746 0.07434865755 -118.3407277
0.1577147138 0.103499917 -67.86771773
0.1204854946 0.1029656306 -24.25990237
0.2805060663 0.05332153351 -205.6778716
0.238991278 0.04960178423 -154.2915612
-0.0009975330678 -0.003239258659 39.84533286
-0.008553722118 -0.01089511851 41.5941523
-0.03798305297 -0.02927788473 46.26622389
-0.04402886163 0.02739750619 34.53171863
-0.04618031955 0.07416986863 27.36696386
-0.07722430747 -0.05093713308 58.64876911
-0.08747179575 -0.08157370772 63.93622048
-0.05972857226 -0.01991190514 49.35023319
-0.4362278862 0.4491653684 26.90120455
0.02245276261 -0.05974804603 29.34683762
-0.01511095794 0.04901197496 22.69009797
-0.05345060552 0.03009733352 35.29722921
-0.08457812165 -0.004944183491 49.80791741
-0.1129507216 -0.01525248036 59.8578602
-0.1044662953 -0.06785846076 65.84254963
0.01606810025 -0.03006672388 47.07899709
-0.1055123105 -0.05350714128 64.52166019
-0.06428188958 0.009705559852 37.52301
-0.2182412161 -0.03286363285 104.490632
-0.03215252599 0.06423224899 15.51876569
-0.01358468578 0.1066689616 -0.0962472067
-0.07010561058 0.07072370343 31.46241905
-0.06202198312 0.05361820191 30.37241474
-0.1089267318 0.3244578828 9.415478282
-0.09254561143 0.150929792 33.75963939
-0.1074229779 0.1492346775 40.74343604
-0.1152832648 0.1043861889 53.43926809
-0.04536493815 0.07339434015 18.52201924
0.009742031642 0.04794489932 -9.852218578
0.08625127136 0.1508162649 -76.15847201
0.07703680487 0.1591301743 -70.42877901
0.005017932159 0.1423987593 -18.88145975
-0.04716567897 0.1442024721 15.74504441
0.02213573373 0.02610796438 -12.84877009
0.1043628954 -0.03659773238 -62.90831423
0.1019143956 0.01350436468 -70.05235433
0.08155859527 0.08498202754 -66.55731999
0.06967332707 0.1283924986 -64.34809156
0.1215698884 0.1380303594 -109.3045374
0.1619661219 0.05133155713 -126.5734335
0.1633555716 0.04885913567 -127.3619312
0.1739787331 0.04603830211 -85.8811391
0.1914654488 0.006079464828 -99.82274909
0.1571700241 0.01534082533 -70.88523498
0.2164762968 0.004400642538 -125.1113619
0.2753850308 -0.003728166507 -181.5017505
0.314472351 0.02908414481 -225.9489812
0.263096339 0.05344951787 -177.6392192
0.1663303509 0.03987462097 -75.36513005
0.1176048746 0.07229312451 -29.72563778
0.08915978075 0.01896751375 10.01169922
0.1892365282 0.07839706801 -100.7393893
0.1796717937 0.03661817022 -82.83259958
0.2043882982 0.06301862045 -116.0386081
0.191029664 0.08980379303 -105.1540203
0.2538521418 0.07307121219 -177.6843731
0.2716572725 0.04884160933 -193.9854359
0.2037089342 0.0303386534 -107.0068356
-0.01503235258 0.0158783603 36.66051361
-0.04403289312 0.03631233871 32.95896943
-0.03639496709 0.04356010524 31.47855981
-0.009258073794 0.03527114441 31.57363248
-0.03738348957 0.08283876167 25.48470235
-0.0313280444 0.08285397629 23.52524939
-0.04821226128 0.0460061985 33.39610482
-0.07708015649 0.04903048658 37.52776854
-0.07580821764 0.02465789212 42.19953984
-0.07876269218 0.05753550271 36.08727016
-0.06419068496 0.04346850895 35.68605336
-0.0703890342 0.03374538362 38.95015137
-0.03637164073 0.1595013984 24.88910085
0.004510165921 0.135333822 17.07657926
0.007482758578 0.01537349599 39.69790265
-0.002426000951 -0.03559128254 53.21335688
0.2472197763 -0.001641325556 -43.63418131
-0.08355864356 0.124846673 53.59633091
-0.1210197929 0.137157694 65.00172104
0.02363286576 0.1169325046 -18.70008237
0.01782579864 0.1468648443 -22.12155708
0.04474166928 0.125041935 -27.99053392
-0.003000541215 0.06309200242 7.888846981
-0.1077901078 0.09916747187 52.75625894
-0.1078033113 0.1030163389 50.95869412
-0.1074819748 0.1677981747 37.15640923
-0.040759593 0.278871832 -23.11627356
-0.03419628578 0.2939234422 -29.85890167
0.0101900833 0.3268417234 -63.27574116
0.03152785979 0.2597823583 -62.81351318
0.04917799945 0.2244712965 -66.51542732
0.04760087479 0.1712366664 -54.27734776
0.01276504082 0.1352712966 -23.07664922
0.1115572651 0.06554487282 -68.64476416
0.04504129448 0.05895896502 -17.56126163
0.01373594766 0.07923796729 1.22149122
0.02206181375 0.09583050728 -9.240310088
0.04184674657 0.07368323882 -20.05859632
0.1149409723 0.07230606365 -90.65105499
0.1274165336 0.0443277231 -95.58032789
0.1374175586 0.0299040254 -101.1667509
0.1589430488 0.04804682814 -72.88030148
0.1185477538 0.001061764063 -31.50885475
0.1158224785 -0.004483538652 -27.89356537
0.2244271586 0.009648888478 -134.3568046
0.2942465674 0.009140977925 -202.5085972
0.3118199106 0.04542673176 -226.3385314
0.2667930259 0.02694750668 -176.3662633
0.2129243823 0.03998228237 -124.2684768
0.2468305684 0.07775620246 -167.7852223
0.261782856 0.0503514926 -177.784539
0.2161371061 0.00894988356 -118.5487576
0.1911959628 0.01949536343 -92.8416421
0.2039557029 0.0213879818 -107.7440791
0.2149010728 0.0363553667 -123.2614637
0.2417784127 0.05328842237 -158.9660234
0.2500865478 0.03941762912 -165.5568623
0.2353151042 0.05346650822 -150.6353202
-0.01563329195 0.0487294725 29.831195
-0.004556350201 0.0745900479 23.88801548
-0.01087287534 0.1054767875 17.55386788
-0.002632422792 0.0767087053 23.48825058
-0.05681584444 0.03982247219 36.46805241
-0.06965896791 0.05054109042 36.18658706
-0.07562595612 0.02181176248 43.33204931
-0.07604471092 0.02588353453 42.49717646
-0.08849305757 0.02866987311 43.81053222
-0.07345712812 0.03181224654 40.27652848
0.03171982525 0.1890072778 1.622969648
-0.001381333081 0.1771171269 12.13711564
-0.007953797012 0.2019524263 7.606157119
0.004112571675 0.2513063282 -8.47778179
0.02986811121 0.3211867289 -32.56578672
0.01645572412 0.1734098359 6.24984876
-0.06497444647 0.1180915484 47.78665025
-0.123181733 0.09899217238 74.24655291
-0.1909380085 0.07708461811 105.2750414
0.05429205957 0.1762299928 -44.03633879
0.05445962174 0.1554627009 -39.40162892
0.02272095468 0.161736887 -26.66834008
0.001518396306 0.1042296177 -3.572284444
-0.07414886119 0.1306334043 28.01486866
-0.0650563532 0.2160899912 3.630296391
-0.03770583814 0.2785390779 -25.37460747
-0.005129133936 0.3241961037 -53.58266261
-0.006733450646 0.3160810537 -50.73489895
-0.0005227312373 0.3181915749 -54.85170492
0.01236064387 0.3079105684 -60.73104086
0.008940244364 0.281167838 -52.58286023
0.02775845929 0.2234843351 -52.2069646
0.1966105688 0.2103148548 -165.6587989
0.1334316611 0.05748609316 -83.25321759
0.06698519749 0.07062261382 -36.55002703
0.01848998561 0.07011615867 -0.1240267111
0.02057570383 0.06499107552 -0.7595534257
0.01316143308 0.06357785315 5.278851962
0.1198770366 0.03968309116 -88.2779532
0.1209170247 0.02693271484 -86.34983153
0.1283453474 0.02530154766 -92.31725888
0.122436442 0.04154611605 -38.88688994
0.1255599821 -0.03920932613 -29.11550314
0.1232017723 0.0003972006051 -35.73474553
0.1544422868 -0.06370121311 -51.82042252
0.3258751225 0.08334827506 -249.077448
0.2869726798 0.06896177324 -206.6959335
0.2474873554 0.03997537805 -159.9180563
0.2398001549 0.03446728653 -151.0385044
0.2432614269 0.03942481077 -155.7231491
0.2425467424 0.05069817282 -156.979162
0.2049667935 0.02965154151 -110.786801
0.2032787608 0.02101870517 -107.1365355
0.2177279158 0.02374701128 -124.1404996
0.2211397948 0.02665063388 -128.7472507
0.2547091209 0.03829389713 -171.5287918
0.2558664269 0.0459645189 -174.5266752
0.2797004627 0.07581022836 -210.3799838
0.002358030264 0.07720391014 22.98995945
0.00448370998 0.07167707297 24.31941643
-0.02527083512 0.06444424887 28.11939487
-0.03400283237 0.04712809484 32.73166317
-0.06629322579 0.03587531501 38.02025277
-0.06918039669 0.02034015935 42.28812505
-0.06923151959 -0.003041032307 47.96887461
-0.06198985858 0.003140408409 45.41513091
-0.07237603746 0.02920348608 40.74326486
-0.0668926807 0.03823104415 37.4794077
-0.4779242061 0.03212241704 151.813986
0.02506055981 0.1819682533 5.553861104
-0.0001791898966 0.1732063739 13.18607213
0.0130412566 0.1913309065 5.319204219
-0.01746574642 0.1847106649 15.14542889
-0.02598102959 0.136995692 29.8910503
-0.08356351554 0.1119485822 56.29414134
-0.1596473277 0.06206982079 96.84850172
-0.2503458701 0.003741426107 146.1365538
-0.2910716972 -0.04046909925 173.4703726
-0.005069354276 0.2909829166 -44.30481978
-0.01505667207 0.2628294584 -32.63224354
-0.01997627419 0.2804413988 -34.87005556
-0.03756197226 0.2402186283 -16.11523491
-0.00494846612 0.3051569829 -48.99463617
-0.0009339471122 0.3235007407 -55.82525398
0.00286489139 0.3355935019 -60.85972167
-0.004464006935 0.3254259064 -54.10841465
-0.001117800042 0.3297363793 -57.14542106
0.007333623185 0.3316040939 -63.0948037
-0.008419430469 0.3276109127 -51.65001807
0.01618021741 0.2928701189 -60.52720505
0.1407740296 0.1758818759 -117.7259143
0.1181289188 0.1333252 -91.50112187
0.09918806965 0.07362753759 -61.97061153
0.02251452055 0.06819146474 -3.240004601
0.002951888775 0.05413335701 15.4917275
-0.04224148389 -0.04781772636 76.43280443
-0.07730281485 -0.1028040437 118.4569237
0.09025127501 0.2508626292 -113.6265916
0.2699639966 0.0123301804 -173.7507691
0.2624404408 0.02254944603 -169.4936468
0.181653803 0.009776125618 -92.78175596
0.2406980659 0.04606277154 -155.4562991
0.2559588279 0.04698876371 -170.2099489
0.2392468723 0.05914453601 -156.7015293
0.2414683962 0.04665266405 -155.5745156
0.2395761 0.01879346271 -147.0441627
0.2486684916 0.01567653005 -155.725831
0.2704717286 0.05616515661 -189.1224816
0.2265242349 0.0586608806 -141.2536435
0.2002870173 0.03942157408 -107.7867549
0.2058529514 0.03614049287 -113.5353201
0.2238718573 0.04019485308 -135.0600187
0.2301995755 0.07057417075 -150.3544189
0.2600573418 0.05239018651 -181.5061858
0.2847035435 0.07235245652 -215.875887
0.3110533403 0.07550771425 -248.5621729
-0.01079877033 0.1254396139 10.52055382
-0.008424305844 0.1362884506 7.443512042
-0.01539139894 0.08872119683 20.55916621
-0.05021155356 0.05146365612 32.55510023
-0.04435433053 0.08874642625 21.66840899
-0.04188565708 0.07917757692 23.60969948
-0.02943159293 0.262141699 -27.32503252
0.0006687644625 0.2917424104 -39.74344377
0.009517794213 0.05669995117 41.5228121
0.01346935932 0.05728155453 40.59321592
-0.00371294579 0.08058380112 38.02624061
0.00455334194 0.1124684879 27.86616333
-0.01355885081 0.08720499277 40.21399135
-0.01881596314 0.1373567095 27.94369818
-0.01963210739 0.1061292789 36.13944454
-0.02465665127 0.1094424731 36.52720739
-0.1050870307 0.05279686782 79.23342362
-0.2049291957 0.04769796383 117.1989306
-0.2929146915 -0.04613086732 175.6359763
-0.2928403028 -0.04971210727 176.7139682
-0.04437353877 0.2820214872 -23.56460269
-0.02594826685 0.2949770758 -35.680931
-0.02244900736 0.2993121217 -38.52297161
-0.002929092086 0.312597478 -51.90839906
0.001814509678 0.3279214117 -58.2696946
-0.00518585128 0.3276801324 -54.23810732
-0.00338697026 0.3294386665 -55.6821379
-0.01440959458 0.3385638911 -51.77154445
0.009878530159 0.3442311947 -67.54373857
0.0005926348617 0.340408447 -60.64621078
-0.01716827397 0.3212460408 -43.46857402
-0.0312365187 0.3201185447 -34.20828348
0.0008550564063 0.3243436367 -57.48066908
0.02104506473 0.2883706546 -61.75844118
0.04671652514 0.1985380395 -56.31336557
0.001094877795 0.1859975026 -18.4336834
-0.04334132726 0.1701009221 20.61038471
-0.006744720671 0.2472097936 -30.11013281
0.0117747411 0.2718710146 -52.65448812
0.02891368716 0.2714722228 -66.8095489
0.2753148598 0.01696149848 -179.6483194
0.2692382211 0.01579402129 -173.6111547
0.2507288534 0.02573532229 -159.4149926
0.243534963 0.0324195086 -154.1409742
0.2470771263 0.03834231291 -159.2570518
0.2369933351 0.02813178774 -146.603919
0.2291562753 0.02264630446 -137.1821736
0.231155874 0.0418481873 -144.7342911
0.2498712203 0.05052270257 -166.9847741
0.2767672674 0.04692758816 -194.2487509
0.2786394835 0.01411439907 -186.2081247
0.1999734248 0.03919590419 -107.4930918
0.2086521982 0.03637123272 -116.506247
0.195565671 0.02540435846 -98.38183755
0.2316578964 0.03870025732 -143.27071
0.2515989498 0.05990641833 -172.6322571
0.2600780965 0.04287988999 -177.7521498
0.2897566595 0.04259579376 -213.9042807
-0.003961888254 0.1747109378 -3.374616543
-0.009084605733 0.1939604707 -9.017886187
-0.005832039402 0.1982988881 -10.42796839
-0.02837803958 0.2742736805 -31.40592113
-0.02839088657 0.2616835345 -27.4950666
-0.02611958712 0.2563958981 -24.68067164
-0.02038817327 0.05275382289 35.19712734
-0.005901052172 0.2871057566 -36.3326177
0.02337129568 0.0361492634 44.82431844
0.03002383617 0.04480820299 41.30548927
0.03673314342 0.02283600984 46.61900817
-0.01727979908 0.03832794751 54.55624508
-0.01175478997 0.03092191091 55.44020632
-0.02955932923 0.03130714808 60.27688362
-0.04040497241 0.04704326366 59.06616639
-0.06299005652 0.0235909399 73.14565411
-0.1432699332 -0.003162294265 108.9151111
-0.2572743863 0.009219720316 147.1055212
-0.3343732992 -0.08850556735 204.4099772
-0.04033584623 0.2785305287 -24.17341654
-0.02878524808 0.2913758811 -33.14831798
-0.01792621597 0.3029852998 -41.59837175
-0.001127591158 0.3200027469 -54.65690762
0.005019321421 0.3277859346 -59.91161322
0.002805370436 0.3295307763 -59.25506435
0.003212177574 0.3233244149 -57.65215033
0.002568759954 0.3412788116 -62.50523101
0.007205452996 0.3368018099 -63.78900836
-0.003030754959 0.3274587813 -54.51299851
-0.003859079801 0.3227847228 -52.50224841
-0.005246272943 0.3351038215 -55.79806472
-0.006002628934 0.3393739028 -56.64170745
-0.001936019574 0.3262203337 -55.69587277
0.009252501654 0.3109487844 -59.32074096
0.01274715059 0.3036840623 -59.96557685
0.0001102915093 0.2542841121 -36.24193398
-0.01219961842 0.2829113845 -34.95796577
-0.02204415282 0.301265222 -32.10527213
-0.002012090966 0.2955160483 -47.46111767
0.00200184109 0.2981008727 -51.34189418
0.2853396546 0.01712922535 -188.4005789
0.2681548386 0.02236323443 -174.7639647
0.2539582267 0.01084311649 -158.6004543
0.2486974657 0.009859256423 -152.8427369
0.2327634658 0.01732455306 -139.7292662
0.2505196583 0.0233542447 -158.5295764
0.2241643166 0.0258107533 -133.0398274
0.2503373062 0.02642294831 -159.7795627
0.2475901852 0.04975755255 -163.506588
0.2726835185 0.03775685637 -186.6425687
0.2561673739 0.005894442355 -160.3445423
0.2233608989 0.01313324519 -126.3302181
0.22267363 0.02724231723 -129.8849302
0.2406441952 0.04911817735 -156.5173048
0.2316995191 0.04354261674 -144.4313805
0.2433473433 0.02926580263 -154.0871332
0.256122824 0.02161276835 -167.1757458
0.252957822 0.01977190993 -162.9101497
-0.002799056412 0.2380024114 -22.27818546
-0.009442286633 0.253577985 -26.98234823
-0.003253591778 0.2565588202 -28.51614574
-0.008797711425 0.2846020561 -35.97849926
-0.006134839299 0.2989236507 -40.60195526
-0.007493912909 0.2648742146 -29.77929269
-0.01852029576 0.2518592985 -24.41988479
0.01809209257 0.242860818 -27.10006718
0.2517876562 -0.2175657401 79.99145894
0.03810486943 -0.002212489697 53.65525954
0.01406870659 -0.01743959831 63.68431507
-0.003381931219 -0.007109279078 64.52515087
-0.01410090269 -0.003717656922 66.08355058
-0.02483102599 -0.002158212351 68.67070757
-0.04351841129 -0.0232781483 80.72691026
-0.06812165648 -0.02527376503 89.12824215
-0.1097808667 -0.008838826454 98.54156851
-0.1756788517 0.0002276075065 119.4433541
-0.04785662959 0.2140759706 -0.8904473438
-0.03947200039 0.2770462904 -24.04018659
-0.02660431476 0.2894482203 -33.72735423
-0.01134665868 0.3035090119 -44.90544831
0.001149413974 0.3211416131 -56.02228901
0.008827241215 0.3238230156 -60.57183329
0.005415092452 0.3239163269 -58.88711534
0.003055015838 0.3289701278 -59.1280472
0.004363501372 0.3299617848 -60.22359044
0.004944894998 0.3278113003 -59.86094207
0.00231312089 0.314489885 -54.10545416
-0.003516255219 0.3152845867 -50.83957232
0.0001110179352 0.3241588571 -55.95633096
-0.00664699096 0.3394170918 -56.20293056
-0.005382054228 0.3408094611 -57.60551223
-0.001859626425 0.3371184733 -59.04872304
-0.00411869105 0.3351431955 -56.81076427
-0.009254139965 0.3277337577 -50.43863081
-0.01280233399 0.3278243226 -47.64277112
-0.01088901614 0.3242016256 -48.33511179
-0.009679377535 0.3276417374 -50.32397083
-0.006367471684 0.3270072519 -53.08439172
0.2914238277 0.0127678348 -192.5348893
0.2840838517 -9.167128212e-06 -181.9467222
0.2491984993 0.01225214117 -154.3520805
0.2548725372 0.008923056404 -158.9164694
0.2478404865 0.002322566813 -150.1463811
0.249770572 0.006817212439 -152.7970365
0.2411638955 0.007564827804 -144.7904259
0.2510062432 -0.005091586645 -151.2098578
0.2526400518 0.0163840007 -159.1206134
0.2588506012 0.01031866851 -163.6983804
0.2312931842 0.01190032205 -135.0255436
0.2501802539 0.01020421329 -155.1828637
0.2446772426 0.02305302812 -153.3650411
0.2456240705 0.02861610584 -155.5135912
0.221719941 0.01563623902 -124.2638706
0.2363156218 0.007973259584 -139.2967984
0.2480727296 0.01509402129 -155.6152671
0.251646191 0.0111755581 -158.8539903
0.01361369874 0.2705000389 -32.79978153
0.01321090999 0.2781765992 -35.2946607
0.01502932487 0.288157347 -38.5920651
-0.01765384987 0.2782855578 -32.58011889
-0.02275482947 0.2744832141 -31.15193161
-0.03964990935 0.2249968651 -13.00082471
-0.007411928678 0.2470900889 -24.71901782
0.006274893185 0.2556952323 -30.03371734
0.02752103696 0.2314345109 -25.27302669
0.04693774679 -0.0215937923 57.28937494
-0.002655773304 0.01291957728 56.62495206
-0.002114843136 -0.03255008669 72.22265737
-0.02318523076 -0.02976709327 76.60144512
-0.03239823491 -0.02868992444 79.13739559
-0.04444632217 -0.04483567555 87.55930533
-0.05878765104 -0.06144965737 97.87421114
-0.102887832 -0.002123829798 93.67586774
-0.08386144597 0.2020828422 18.608359
-0.07465500188 0.2528669906 -1.75893791
-0.02703542127 0.2890482002 -33.38717379
-0.00853883352 0.3073378201 -47.38679685
0.004300746431 0.3221888335 -57.7972099
0.006061398206 0.3235846013 -59.07489637
0.00302990575 0.3225791991 -57.30860514
-0.001661746428 0.3269513234 -56.16123114
0.00690763686 0.3277450063 -60.94077294
0.003277826881 0.3298358411 -59.56620571
0.003341166105 0.3252983968 -58.16040859
-0.007264043443 0.323435391 -51.07865036
-0.001485655342 0.325465278 -55.3971125
-0.001097887636 0.3297668321 -56.97676844
0.0008862361345 0.3247686328 -56.65310978
-0.002544232345 0.3360708401 -58.10936046
-0.003096748589 0.3272696957 -54.65484958
-0.002281288883 0.3357394847 -58.02591294
-0.004454692943 0.3368760688 -57.29800023
-0.01077526232 0.3549291752 -58.24570175
-0.014752754 0.3362133534 -49.00613656
-0.004719602743 0.3394508849 -58.5678815
-0.01084478047 0.3344522188 -51.47835118
0.2781467719 0.03913779245 -189.7779593
0.2572418105 0.02387281151 -165.8211307
0.2620365947 0.00539972471 -163.8480717
0.2492877171 0.01704187876 -156.2270195
0.2530349956 0.02084059234 -160.9643041
0.2480809067 0.01531644787 -154.1995443
0.2365225566 0.01242605256 -141.7548005
0.2562050113 0.01107124615 -161.5137686
0.2348233934 0.003735398334 -136.1423385
0.2396351376 0.00313495924 -141.0787063
0.2355990238 -0.00125692692 -135.355572
0.2372244291 0.01578293686 -142.5346247
0.2372704625 0.01636563632 -142.563163
0.2270137395 0.009603784317 -128.1947979
0.229007405 0.01537351759 -132.6609626
0.2470688651 0.01584336918 -154.3474513
0.2369510262 0.0222457311 -144.3899428
0.221404516 0.03056711809 -128.2533067
0.01416950777 0.2807752236 -36.23535471
0.01110817198 0.2768149612 -34.68988132
-0.002129837468 0.2640787804 -29.46902835
-0.02017108828 0.2422810451 -20.08816931
-0.02685258644 0.2557103757 -24.65885007
-0.01360316846 0.2731927337 -32.55416599
-0.01553695409 0.2900855452 -37.93709176
-0.003146630444 0.2017858081 -8.374416422
-0.0001504035473 0.2582981966 -29.28754416
0.006870700704 0.214670463 -15.25763559
-0.008185136007 0.3508118634 -61.21242108
0.00814739586 0.3414184343 -61.64742825
-0.001438189764 0.3461813626 -60.69551249
-0.01915845527 0.3158123737 -44.81500996
-0.02044073846 0.3246385753 -47.57414686
-0.02154408992 0.2902535866 -35.04509363
-0.02654627433 0.2831556367 -30.72926543
-0.04451942962 0.261977094 -16.61391842
-0.04502117897 0.2611051906 -16.20005218
-0.006730332939 0.2962021926 -44.21100616
0.004788221793 0.3133902237 -55.11452898
0.00595284117 0.3225577476 -58.72130282
0.001933607021 0.319178962 -55.47881812
0.005248040963 0.3200394225 -57.46491324
0.006943686411 0.3209859963 -58.57397577
0.004372303589 0.3191019666 -56.51389448
0.003878956931 0.3155312141 -54.92506563
0.00395208923 0.316529303 -55.45605687
0.001566287421 0.3220378311 -55.87884723
0.001311144892 0.321428701 -55.66441039
0.0008692157843 0.3188503349 -54.41067337
0.001280306281 0.330705928 -58.83552944
-0.006316689277 0.3309835544 -53.71349206
-0.003550956661 0.3296633183 -55.25025375
-0.008749764869 0.3217260965 -48.61481545
-0.009133822161 0.3062069518 -42.84250521
-0.009311019028 0.305218937 -42.30504514
-0.01485665662 0.3137658924 -40.77445126
-0.00923969079 0.3359291626 -53.46840622
-0.02207760275 0.3690239452 -54.6216666
0.2450193069 0.04810155876 -163.1905076
0.243532562 0.01848834454 -151.519833
0.2626497013 0.006384949531 -164.8462694
0.2606703528 0.01238050496 -165.0215425
0.2508940704 0.02114239328 -158.952822
0.251306473 0.02618622537 -161.0679954
0.2404252937 0.03412327396 -153.0792435
0.2478171249 0.02186324316 -156.4000313
0.2378058661 0.002425094698 -139.1875029
0.2483575522 -0.002657895411 -148.5927855
0.2443639327 0.01086136128 -149.1534479
0.2374960706 0.007156124289 -140.0192372
0.2450404059 0.008247585947 -148.6507905
0.2356523371 0.01499924707 -140.3680567
0.2400045733 0.0008755593011 -140.5454447
0.2340063394 0.001274882054 -133.5845037
0.2499835756 0.02852952075 -162.1536181
0.217923407 0.03305954082 -124.7038516
0.007093253421 0.2849811861 -37.63657534
0.001703735887 0.2661832091 -30.51926824
-0.01509070225 0.2482039881 -23.19085136
-0.01893151465 0.235156416 -18.27904044
-0.01264411675 0.2397224098 -20.44426407
0.006847232576 0.2702618934 -33.38115142
-0.01198591851 0.2703806098 -31.24909232
-0.007595961914 0.2667790675 -30.77915798
-0.009113300618 0.2746455282 -33.44096291
-0.002414857197 0.2945412845 -42.10919047
0.0002859670988 0.3375398973 -58.33650903
0.0008934179077 0.3362039325 -57.92393803
-0.007529339321 0.3097102295 -46.01650124
-0.01621065848 0.2956508775 -38.42864309
-0.02912924581 0.2736101995 -26.68607474
-0.0242825657 0.2697478651 -26.83318896
-0.03212284786 0.2619716033 -21.23915723
-0.02824854898 0.2636862998 -23.27914926
-0.02651389722 0.2694881793 -26.33770062
0.003893759676 0.3044388669 -51.47896141
0.005423770611 0.3127859102 -55.03914227
0.002014079924 0.3121624848 -53.15014253
0.004781668443 0.2972371045 -49.08337337
0.002185411089 0.2921594178 -45.9364611
0.005481701468 0.3051990537 -52.24627006
0.005001079069 0.290248186 -46.55808508
0.007542458084 0.29044333 -48.0545476
0.003161940089 0.3032773538 -50.23969009
0.001751173569 0.3031963388 -49.33996326
-4.347943334e-05 0.3035348587 -48.39971765
0.01118358008 0.2991739976 -54.09176623
0.001660089574 0.3240661725 -56.76802653
-0.008348018493 0.3128379875 -45.75155495
-0.01840792898 0.29995755 -33.79477657
-0.02827439904 0.05824413332 62.84113244
-0.009156648937 0.07543543934 42.01126822
-0.002762027741 0.2633542378 -32.43087641
-0.00858028458 0.2661704508 -28.93097464
-0.003951461793 0.2987995055 -44.53105203
0.00927225666 0.3325329366 -67.89133486
0.2220601372 0.04551796105 -142.1781463
0.2319634692 0.01311846884 -139.2398938
0.253828929 -0.004675523634 -152.6829044
0.2660129832 -0.01031997589 -162.0289489
0.2603038846 0.02143848347 -168.0036286
0.250362744 0.03759916626 -164.1546775
0.2501706807 0.03772863363 -164.1470922
0.236926522 0.03819193702 -150.9629031
0.225798631 0.02083038446 -133.1444456
0.2375542979 -0.00460184873 -136.368624
0.2485893002 -0.001265598972 -149.484059
0.2421183754 0.01050885804 -146.4574053
0.2410616227 -0.002037055393 -140.6532622
0.2375471143 0.003681088929 -138.615348
0.2368201558 -0.009053418627 -133.2934982
0.2352772119 -0.002249224056 -133.7253078
0.2561989337 -0.003994606269 -158.4030415
0.243446505 0.007126276967 -146.8301015
