0.2314582893 -0.04467928302 12.81710361
-0.0002464556883 -0.05221177808 18.09360122
0.00398864823 -0.04048772881 18.0900012
-0.02317071053 -0.03742076825 19.64013718
-0.08366685831 0.003902862899 23.05589884
-0.04878362611 0.03220306251 18.95746449
-0.01852747651 0.0115742256 15.10611052
0.007630306435 0.02235328183 10.9479463
0.03408384349 0.008017849815 7.126693781
0.00366004312 0.005571091452 12.91463051
-0.0200718246 0.01492579502 17.68051754
-0.003410279078 0.02176702008 13.81486407
-0.03143010309 -0.02088050201 21.6754602
-0.06483184366 0.008568707322 30.52153164
-0.05023532976 0.03218096904 24.94299613
-0.01115829786 0.0145177577 12.95304219
-0.005963872256 -0.002637658967 11.50401973
0 0 -1
-0.0124291835 -0.005865865058 13.98666501
-0.008070040459 -0.00947877228 12.21047448
-0.008521394667 -0.001507914432 12.31158924
-0.00996475773 -0.003797354372 13.12399943
-0.01648330122 -0.02253596547 16.78186623
-0.0009751209304 -0.04663300491 9.444584539
-0.001501171036 -0.006600169855 9.115189165
0.00841285529 -0.03138797184 4.183866739
0.02285424731 -0.05275884442 -3.75857842
0.01221279403 -0.1124013186 14.11906995
-0.00138997157 -0.1362471754 12.54210709
0.007259410324 -0.1261597711 17.40163933
0.0007741775945 -0.1505195562 22.21037427
-0.01972795054 -0.1592898769 36.30872349
-0.01168383977 -0.1994206886 30.9532598
0.02093455442 -0.1850640824 7.511056698
0.005859950818 -0.1948921638 18.37533055
-0.01765388153 -0.2303151291 36.5804385
-0.03864636528 -0.02010132542 44.07354278
0.00543425635 -0.01129466213 8.826426301
0.05670244787 -0.04431471294 -32.54307557
0.03133864498 -0.04448978559 -10.5466542
-0.01842763092 -0.01737526829 31.73365764
0.01114827875 0.02923844355 3.93247938
0.09400919033 0.01454517042 -70.86042478
0.07515878687 -0.0793224855 -50.77495788
-0.03849947891 -0.04030076532 57.6055386
-0.05756480426 0.05751612222 72.59329555
0.08834929122 0.07596810061 -71.29215971
0.05353497883 0.02873007706 -34.66257508
0.04032244582 0.04077903752 -21.536951
0.01871549778 -0.005602355321 2.731494139
0.02278879355 -0.02562233604 -1.028960923
-0.003835108899 -0.01754869223 27.97590891
-0.02307397357 0.05023242721 44.43265277
-0.219961646 0.04432494903 269.6456542
0.0236562335 -0.05500463602 -13.53345028
0.04994901397 0.1176981454 -45.95789257
0.01346762077 -0.2043444009 -2.765480445
0.05791901064 -0.2930668575 -56.24421301
0.2222703202 -0.02322304111 12.42718979
0.01012655572 -0.02282182881 17.49640117
-0.02311940362 -0.02928716083 19.76810249
-0.05968018338 -0.03852097301 21.94906416
-0.08578745652 -0.02560859288 23.85596116
-0.05073743698 0.00555297483 19.45803983
-0.01899971597 0.005482085397 15.43932665
0.02100779893 0.001449733196 9.31603521
0.01156304093 -0.02970173681 12.36853179
0.008268916226 -0.0268270538 12.76411025
-0.01197693294 -0.003793145586 16.47813459
-0.03344128734 -0.01576415582 22.23626224
-0.04171818114 -0.0155099677 24.00129413
-0.02979744212 -0.03242472837 21.25180902
-0.03546640691 -0.0007938134901 21.33951968
-0.01707816171 0.005768295149 15.18743298
-0.01223110729 0.00176771445 13.63485805
-0.01036132013 -0.008552673669 13.23426256
-0.02542403124 -0.0125673156 19.25815999
-0.007851553087 -0.04565678021 13.0504306
-0.03060906996 -0.04145545718 22.4622627
-0.0165709272 -0.05840477802 17.34241816
-0.01371813886 -0.09104417562 16.47542668
-0.01005651141 -0.06130093663 13.29436674
-0.004775370302 -0.07756621921 12.44075878
0.01006020812 -0.1008501509 4.728475421
0.01217294959 -0.1070541625 3.777178211
0.01471000886 -0.06937791242 -0.09836168811
0.0194176478 -0.09371586386 -1.211352574
-0.01119602783 -0.08909998124 18.15856677
-0.004887978838 -0.1814894278 26.23250875
-0.01247469222 -0.1769078755 31.17392396
-0.02227366655 -0.1930724799 37.98776703
-0.1763523846 -0.1470526594 137.8549378
0.1878503917 -0.03510692124 -120.7091753
-0.09567575821 -0.2285168888 95.57444566
-0.04037876842 -0.04671092951 46.41281743
0.003140513989 -0.0203900812 10.99045032
0.06551883474 -0.06172977879 -39.40203591
0.03714898586 -0.04841785368 -15.67835276
-0.005658396679 -0.0161546347 20.18317364
0.02778491365 0.0003958237421 -10.49858831
0.05448920752 -0.02265193663 -33.494224
0.07397097494 -0.04801180836 -50.60279526
0.02018806977 -0.05047750645 0.6725091635
0.04775801364 0.02654912786 -29.33621832
0.06545998778 0.07674829128 -47.82494661
0.05124235562 0.01103574028 -30.94988066
0.01717079742 -0.00503647395 4.426254718
0.008552004596 -0.02575112175 14.16260463
0.0167971418 -0.04068837763 5.57904937
0.02167748142 -0.03786141758 0.3150041002
-0.02095105009 -0.01136998441 36.15509761
-0.001708884914 -0.05105611296 15.48287773
-0.01532376726 -0.05164936264 30.86558
0.01961257584 0.5491079783 -26.0113564
-0.04680620156 0.3590187043 60.31750718
-0.05351952957 0.2083352539 72.14053936
0.2425391326 -0.01760588082 12.03059142
0.01874453129 -0.02327544457 17.28560255
-0.01467680905 -0.04098281212 19.99954167
-0.04786675681 -0.001600176868 19.54711153
-0.06719238519 0.01305719051 20.12812834
-0.02446553395 0.034624729 14.73928065
-0.0302676357 0.0221883263 16.23013046
-0.01052873825 -0.003674628162 14.54666412
-0.004632623087 -0.02673494438 14.80064051
0.01508615936 -0.03335383674 11.70867123
0.00272841947 -0.03145913874 14.26829963
-0.02308524527 -0.0251427091 20.01442943
-0.04710395022 -0.0311724493 26.27432973
-0.04646162879 -0.04101953509 26.53773533
-0.01656191424 -0.01899876195 16.03283799
-0.006304429401 -0.007615219012 12.13238923
-0.01880152792 -0.008839685769 16.42039115
-0.02219571562 -0.01590913363 18.17500693
-0.1540094627 -0.07217886567 74.36125047
-0.02638892415 -0.02554411298 20.0309779
-0.04438130254 -0.02987647067 27.96452201
-0.02492726876 -0.03145164898 18.93382827
-0.008445555579 -0.009357661248 9.968384354
-0.00377633205 -0.01047029589 7.764349084
-0.007337675656 0.01267717798 8.389749757
-0.0002992830816 -0.05380379841 8.247705625
0.004667025165 -0.05578386274 5.490249821
0.02721953347 -0.07465228057 -7.211421504
0.01898393239 -0.04430788681 -3.624774963
-0.02418551886 -0.06349135016 24.82773542
-0.04745296925 -0.04013146968 38.90795807
-0.01221509594 -0.03604251369 14.8234393
-0.01376381752 -0.06286925296 17.69519305
-0.00384175932 -0.0273501608 8.664434892
0.0006710358593 -0.01855193618 4.406302584
-0.003058922224 -0.0101562115 6.825117214
-0.003171711012 -0.02243289018 7.538872839
0.2210520187 -0.1777100621 -162.4930854
0.1520139065 -0.1117859158 -108.9155626
0.06570291319 -0.04979666662 -39.81653936
0.01427805085 -0.008467255584 2.04350889
0.04864422751 0.01390001582 -29.64140557
0.04049983905 0.01054174164 -21.7659588
0.02766680166 -0.01943043537 -8.497110903
0.05173682285 -0.04503775518 -30.3572031
0.06822122195 -0.0004202758072 -48.4722304
0.05126494451 0.01421633106 -31.94167977
0.03412979013 -0.01667432441 -13.37106023
0.02616818982 -0.007472565867 -6.035397154
0.01041034595 -0.02214669975 11.74841672
0.0009824559321 -0.01926818719 21.38096288
-0.1402936154 0.1270567632 167.5539761
-0.2094080253 0.1817415606 241.6128336
-0.0252395998 0.0004602411196 40.64066515
-0.04464114971 0.006444254096 62.46046624
0.293722977 -0.06018500957 -331.0563489
-0.07882753069 0.001847117497 115.040361
-0.03766184975 0.06160469863 60.90266643
0.007428357982 -0.0005670952462 16.1404974
0.006555695477 0.0007650328587 16.08071677
-0.008188018752 0.002217367332 16.80660921
-0.01680354836 0.01463401452 16.3177696
-0.03449250405 0.02901683693 16.69755072
-0.03103397341 0.04342413943 15.00251885
-0.05825078823 0.02588804865 20.28926679
-0.03750973325 0.00932127398 18.13057493
-0.01052766683 0.0005774659249 14.20203644
0.007659618686 -0.02735452048 12.54961245
0.001686028519 -0.02231500774 13.72840464
-0.03844365 -0.01444373686 23.10258281
-0.07905891395 -0.01527847701 33.5116607
-0.05366274429 -0.02356806961 27.11397052
-0.008546511506 -0.02190375426 13.67128106
-0.01285762655 -0.01503261042 14.71561127
-0.02073552475 0.000715813954 16.20042574
-0.006542325565 -0.008907909597 11.78042382
-0.03968963998 -0.02144921997 25.25354167
-0.02608013539 -0.01013187706 18.87446113
-0.04125982639 -0.0127573416 25.69932662
-0.02313189937 -0.01284977221 17.16671745
-0.004897456285 -0.003627581044 7.947483827
-0.004064203485 -0.00203425912 7.520655922
-0.008439845988 -0.009219492104 10.29525882
-0.01573583782 -0.01335984453 14.52238524
-0.006721888133 -0.02096911666 10.20896767
0.008001515021 -0.03135819723 2.168278306
0.01128372981 -0.01595693768 -0.2813387614
-0.0140744436 -0.02484757551 16.63975239
-0.0304698205 -0.0255654818 26.91632409
-0.02075944007 0.3990282558 -8.876019035
-0.05952137293 0.2837518073 26.45637434
-0.03352394963 -0.02381195352 29.77130776
-0.0008942550042 -0.01611849787 5.543032044
0.000164017554 -0.004282564865 3.973484014
0.0008699224746 -0.008908896867 3.669530088
0.114545462 -0.09871655591 -80.08737934
0.1443695527 -0.1578860191 -100.0400122
0.1262357068 -0.1753994773 -83.57987912
0.05194448936 -0.006214685074 -31.01177714
0.02806823905 0.008629341444 -10.46675354
0.007986563679 0.003451049184 8.287256367
0.05139850324 0.01278604416 -33.70112018
0.08024150158 0.009400142874 -60.64390281
0.0794703212 0.002064050345 -59.11970192
0.0503591042 -0.001413131836 -29.37995285
-0.0001653251926 0.005289536224 20.6654539
0.02274165254 -0.009647744337 -1.971222443
0.02563444644 -0.02035541438 -4.05881548
0.002815099473 0.01910384275 17.05391945
-0.04827975949 0.0770221615 69.5493632
-0.3524749317 0.1702667075 404.2886432
-0.05738405818 -0.001049028642 78.38919402
-0.03822524584 0.03858154139 52.77345317
-0.01681486578 0.01726830085 29.09271302
-0.04102734278 -0.01619121986 69.37837133
0.0008654813733 0.008536737182 16.45742561
0.03963590672 0.3976819236 -27.35527764
-0.002556928572 0.0004390352718 16.73586473
0.0004226881465 0.003547144929 16.17887279
-0.008095571059 0.004311261214 16.6326857
-0.0196961517 0.0208480928 16.08694092
-0.03252398086 0.03039279052 16.52295463
-0.05705694852 0.02969544424 19.6550811
-0.05337439493 0.01548114449 20.30673065
-0.02668065133 0.003686632726 17.13077581
-0.01393997453 -0.001958558335 14.72430646
0.007974770127 -0.009459363417 11.28661968
-0.04037281142 -0.005315873467 22.5127483
-0.05989658999 -0.0105916155 27.86148377
-0.04923914407 0.01463732242 22.47416301
-0.01477240788 -0.005798746196 14.0649622
-0.01269405776 -0.007823487885 14.0033857
-0.03433707597 -0.01571948775 22.73722267
-0.04372418635 -0.02531034753 27.04197844
-0.02249867572 -0.01788105263 17.96187043
-0.01480279053 -0.009604787805 14.22663157
-0.03302807626 -0.00896301727 22.00776583
-0.02142437891 -0.007659460025 16.15100327
-0.000596566743 0.0007666209288 5.466557353
-0.005980529644 -0.003624928123 8.560908644
-0.007066701225 -0.003805981182 9.129146321
-0.01377895526 -0.01273830376 13.46206072
-0.01608661755 -0.02368452678 15.85416509
-0.01181402059 -0.04241762322 15.02077233
0.01148353889 -0.05231353829 2.354565216
-0.01304913747 -0.04960676306 17.60638368
-0.01770033193 -0.04801639209 20.25796072
-0.007458959786 -0.01924576598 10.2835332
-0.01741082767 -0.03689536303 18.90387226
0.012955042 -0.008475416269 -5.585921472
0.008133982176 -0.004402737871 -1.970292119
-0.003679075837 0.002129997305 6.38360364
-0.02457843608 0.001262099957 22.80515915
-0.03374642762 -0.01306019795 31.34619805
-0.003490329827 -0.007011738203 5.232528572
-0.007157985128 -0.005812901045 8.467846842
0.07858831546 -0.006869764604 -54.50531231
0.05848662406 -0.004286185987 -36.64058467
0.02200356449 -0.01273928034 -3.044695465
0.02994834457 -0.005844005584 -11.27318216
0.06035539131 -0.001421818879 -40.97527833
0.06823349647 -0.009841369132 -46.90375239
0.04083706886 -0.02048097523 -18.48484354
0.01064384058 -0.02007615536 11.99517399
0.01335172054 -0.02465612793 9.050829013
0.02863496123 -0.03373415002 -6.274502806
0.02777927551 0.01094913425 -8.928915611
0.01279667935 0.05455241315 3.669658576
0.01896973589 0.04132902973 -13.72220726
-0.009935271252 0.01423572404 21.77419986
-0.02627977896 0.05794114986 36.84173665
-0.004696215424 0.01482425794 14.6724544
0.007997715204 0.04930254817 -3.902245381
0.08105254435 0.01748821284 -83.82250065
0.02606962358 -0.0007173431302 15.5697233
0.0170011037 0.003523978506 15.43564033
0.004567064784 -0.001508088997 16.44691444
0.001830352662 0.002813211975 16.00735022
-0.001952311356 0.009112019854 15.48618459
-0.02542280849 0.01352957395 17.42860584
-0.04419170073 0.02278035928 18.81174952
-0.0696036021 0.01398938662 23.401723
-0.03205839228 0.009491324176 17.3442062
-0.02230350669 0.012826493 14.85242915
0.008545931649 0.00161448949 9.924000064
-0.03937557279 0.004106082064 21.11485788
-0.03404264537 0.01582830306 18.16874897
-0.03464798606 0.02589189156 17.48505091
-0.03332752279 0.01665850502 17.84411901
-0.01420553517 -0.005217612696 14.28462225
-0.02867633036 0.0008855911138 18.7329837
-0.04379810956 -0.002285392857 24.53558061
-0.02747542123 -0.005879963703 17.94482641
-0.00543587391 -0.007019908751 9.781119657
-0.02984288556 -0.01781105981 21.61630664
-0.02077698876 -0.01744666927 16.92191439
-0.008751890924 -0.01081714568 10.73881132
-0.01232688407 -0.01862514459 13.67753601
-0.01226077082 -0.02185464544 14.12964653
-0.01995702822 -0.02061141655 17.93179266
-0.02908358107 -0.0241126747 23.33109224
-0.006618526548 -0.05529653229 13.46158246
0.02079408399 -0.05733511675 -2.892298689
0.01342594138 -0.05505824027 1.834542265
-0.005841918849 -0.041161708 11.60280439
-0.0004963083004 -0.04232176986 7.763915542
-0.005879379354 -0.01931730507 8.726395664
0.02816326384 -0.004754248561 -17.00105819
0.01339497562 0.0006526943299 -6.372269911
0.004192935113 -0.002462432992 0.9038298811
-0.01068758854 -0.0007639461285 12.14166779
-0.02015035215 0.01586902157 17.48782276
-0.008797345612 0.02963474529 5.948241645
-0.007030186803 0.004467129907 7.280413442
0.06567628993 -0.005479813644 -43.27420779
0.04993767548 -0.007781760491 -29.24527989
0.01994547121 -0.02963745955 0.3377458779
0.08920676694 -0.1080967625 -56.23948974
0.08223209897 -0.03158543568 -58.51071469
0.06501246585 -0.004774071303 -44.24202819
0.02626519423 0.01684288119 -8.278327762
0.02050904981 -0.02456536523 2.447230951
-0.0100514812 -0.03410254957 34.75261402
-0.05619615911 0.06625976559 63.86512665
-0.6855099638 0.2290537841 724.7918902
0.05139517172 -0.01379312183 -52.61838901
-0.002005655445 0.08256459744 5.621009041
0.01796785532 0.09269955392 -18.16432214
0.03087023277 0.1401840317 -39.36989598
0.08023466819 0.1595494747 -101.3168156
0.06431612351 0.01072355519 -62.55614847
0.06125859901 0.005548167425 -57.96664138
0.04187690763 -0.0003614419271 15.34195859
0.03477389267 0.006947696141 14.64954846
-0.0004811992704 0.00968192103 15.35372498
-0.004590397897 0.01045085487 15.58549778
-0.008449384044 0.008986690069 16.22242023
-0.0324754628 -0.001514779134 20.25739057
-0.0443855132 0.005793280849 20.81487685
-0.06057627952 0.006538379339 23.02835364
-0.04140100378 0.01142866043 18.81823997
-0.01216521362 0.01699828764 12.26797007
-0.0008854971543 0.0108637244 10.93015403
-0.02432120697 -0.0008525410879 18.10621745
-0.007660394931 0.01614487728 10.96819193
-0.02223895314 0.02059635225 14.65576648
-0.03911666213 0.02655485096 18.6972926
-0.02464127648 0.01220417249 15.62383193
-0.02295839727 0.02452494859 13.35091357
-0.04154402674 0.0396460433 17.96537401
-0.01641766851 0.04399231069 6.809128577
-0.007074088096 0.01696950651 6.98602835
-0.03938489089 0.02200446929 20.1808253
-0.01790265613 -0.00183060256 13.50151439
-0.01014908572 -0.007315697633 10.49761236
-0.02704773191 -0.01231755495 19.96439992
-0.01733661151 -0.02915419584 17.41503504
-0.02013504149 -0.02310625358 18.10917135
-0.02970601232 -0.02908099946 24.44829206
-0.02975102775 -0.0241754906 23.57204062
0.0008592574861 -0.04372463773 7.369085458
0.03651967679 0.00639211779 -20.90039493
-0.04315701428 -0.04851688355 37.67526799
0.002561266411 -0.02599952059 3.58886072
0.01550152575 0.00882575153 -9.994857539
0.0247339986 0.003341545793 -15.35744191
0.005492993844 -0.007675181772 0.3647440246
0.002568163354 -0.01016528588 2.958883611
0.01236605212 0.01913408304 -9.085404447
0.01589216793 0.05353262394 -17.09188889
0.01072938312 0.0639937752 -14.56647353
0.02585095006 0.07406688985 -28.44943082
0.07974743682 -0.02096521559 -53.83995962
0.0225219926 -0.01044033298 -4.384672928
0.09428957033 -0.01552345423 -75.36132237
0.1656523362 -0.03087136401 -138.1680294
0.148512185 -0.0320445657 -121.5778805
0.04145173558 0.002868074168 -29.93058334
0.02868747064 -0.0186037407 -6.73907953
0.01699757436 -0.01100797206 3.848195213
-0.02860996668 0.0216787745 40.26563659
0.002413952618 0.03905700055 5.229971125
0.03796742362 0.02825999445 -31.8010942
0.01680454477 0.006997768831 -4.560859786
0.01544002564 0.06213385885 -10.86312871
0.02279987173 0.03429598082 -15.2171434
0.01716381234 0.06358241656 -12.75029601
0.03413109497 0.02614681273 -27.69061503
0.04178020844 0.009309663604 -34.56115074
0.03233221303 -0.005426036447 -20.9639699
0.04816966724 0.009278379984 13.6936182
0.05057945961 0.008615644056 13.85483987
0.001777067558 0.01468924296 14.70077984
-0.01939387838 0.001806972775 18.54757181
-0.02964554119 0.006100939172 18.50798825
-0.03086315007 0.0001767715302 19.53714332
-0.03909359444 0.00965421314 19.137053
-0.06106423197 0.01151618173 21.9458861
-0.04826198235 -0.02398098562 26.06742293
-0.03734169446 0.000637208716 20.04883882
-0.03287406985 0.01484599436 17.44424534
-0.01408719431 0.007609116684 13.91407325
-0.004379052438 0.01672829474 10.02844508
-0.02002599079 0.02197548557 13.53271692
-0.04576723264 0.01195040465 22.94303999
-0.05146334723 -0.01093108893 28.22919954
-0.009604596836 0.02411509035 8.390645064
-0.01174109033 0.05636986791 4.249489384
-0.02883061258 0.0885462435 4.910316701
-0.01656934398 0.0689990668 2.797828878
-0.04673396906 0.06152351492 17.31152528
-0.04271925814 0.04433568192 18.19135028
-0.02222407981 0.03987277462 8.745255331
-0.0256304414 0.04200898391 10.76394551
-0.02440025046 0.01988175513 13.56730269
-0.03510803397 0.01551296811 20.20358649
-0.03356711095 0.007091722858 20.92636875
-0.03314348327 -0.02630794214 26.02982065
-0.02872797717 -0.0213128802 22.49642586
0.002707000579 -0.01966632283 2.605010925
0.006305901289 -0.03838746665 3.244194223
0.01166757166 -0.02083264716 -3.052717421
0.04117176956 0.04945556366 -33.78882201
0.005123461821 0.0433805783 -6.738236636
-0.009087772714 0.007314009602 8.796308344
0.02944530411 0.05954712434 -28.91646051
0.04456227333 0.08569315081 -45.44694835
0.0388498145 0.0724248105 -38.50088818
0.0217924916 0.08595185868 -26.25645481
0.04606505105 0.0695363796 -43.98718698
0.3706049037 -0.02235705997 -309.1456535
0.02071840684 0.00357439419 -4.839487183
-0.2029526548 -0.02238710216 201.3380379
0.2015885889 -0.0231676785 -173.4807557
0.02951704878 -0.0003264879458 -17.76577305
0.04582666482 0.0003385338639 -33.81737436
0.04775069581 -0.01439449979 -26.76991585
0.05039971996 -0.01179424301 -29.78076677
0.01304504449 -0.002627150603 -0.1036008264
0.0169033608 0.008502837057 -6.123711521
0.03730431861 0.01873570557 -29.83596716
0.03055387609 0.001443223563 -19.47225088
0.02904288721 0.007317731629 -18.47598336
0.02426987046 0.000573649128 -12.06074447
0.02960009873 0.01093682826 -19.95649662
0.0250122591 0.01585374606 -15.49764277
0.02637541962 0.0002367467105 -14.5610232
0.01619015602 0.003919350572 -2.716283678
0.03361038732 0.03793733209 8.723752175
0.03330633431 0.04325692675 7.764016303
0.006998018444 0.03639434361 9.865895289
-0.009996980933 0.008650734283 16.23244166
-0.03620529049 0.01566314558 17.30460895
-0.03463195741 0.02201297888 16.12169088
-0.04472878973 0.0219591824 17.71477497
-0.09864479223 0.05062853968 21.04766774
-0.06315638812 0.01659053289 21.60058865
-0.0286332381 -0.01223055545 20.03698209
-0.02827823161 -0.002905808053 18.97965155
-0.01121266467 0.008492796482 13.0048508
-0.002159881439 0.01139734125 10.22381799
-0.03199582086 0.04789259312 12.42102999
-0.01722312985 0.06084453936 10.20731062
-0.008626845864 0.06701528673 6.53441735
-0.0593027954 0.01999368439 33.28934918
-0.06418075794 0.1437607168 8.974175446
-0.02760271673 0.15159079 -6.64683064
-0.02850956693 0.1102285156 2.063986759
-0.03675948127 0.1448382517 -1.212360205
-0.04296374328 0.1148285106 6.798204182
-0.02593543029 0.1167617547 -2.315452051
-0.03506602231 0.1103166438 4.199898672
-0.03146113118 0.08894405637 5.27023854
-0.02776916037 0.06837802644 7.065813448
-0.01460970922 0.05580086723 1.669024407
-0.01503762215 0.2518175641 -34.04843343
0.003400406002 0.3053454855 -55.23712157
0.008721596058 0.3038735867 -58.54934464
0.02266843431 0.2891337168 -64.74159003
0.02886617713 0.2111197467 -54.54999125
0.0390085359 0.1860082345 -56.53290052
0.01986534784 0.08657986917 -25.2768784
0.001104448198 0.2253344654 -37.31253085
0.02988378941 0.1712181536 -48.76775341
0.03107621107 0.163978706 -48.66124568
0.04081971342 0.1532663071 -54.55968012
0.03223072959 0.1052303033 -38.61495784
0.03445289511 0.1082322139 -41.59362414
0.2881344743 0.04665218997 -249.2879061
-0.00243890991 0.003447476623 15.81327738
-0.008318249071 0.1839603252 -16.38260078
0.2442635059 -0.01244652617 -214.0579231
0.0196957876 -0.00260127741 -7.879540815
0.02937916647 0.008510820102 -19.24182026
0.06192220419 0.0100468514 -45.51586148
0.03569276261 -0.002023196155 -16.56552504
0.02252554312 -0.002310416449 -10.12363091
0.0494367165 0.02199951822 -43.23817182
0.03002200416 0.04133650895 -25.94424684
0.02050831446 0.03781513515 -14.94117757
0.02656243051 0.01376608327 -17.19031847
0.01878212693 0.01853686545 -9.207158218
0.0212210871 0.0161960117 -11.57772657
0.02519298203 0.01712215559 -16.34399016
0.02496380781 0.01388591248 -15.45502858
0.02896760664 0.005143037204 -18.66395393
0.01889378166 0.08885954629 -1.157146725
0.01991480924 0.1047805837 -4.594328887
0.0004313010129 0.1161040762 -5.9564643
-0.02802881909 0.05937301609 8.295251791
-0.02364227324 0.04369904422 11.09682564
-0.04097282622 0.06427378156 8.868166021
0.003182647698 0.0904248926 5.402759756
-0.006090141636 0.09360818537 5.751418381
0.01105907185 0.1259158079 -4.196493751
-0.01416740978 0.05592562289 15.97507735
-0.05155089196 0.02741582088 29.98545892
-0.06688570041 0.05573179218 27.46358738
-0.1000494668 0.02286734416 42.45761026
-0.03322908659 0.06582608959 13.97949146
-0.01179473532 0.05290358104 10.23191734
-0.02922623765 0.03865286097 19.26128081
-0.0525521537 0.03595675598 27.6821758
-0.08177648568 0.1046392793 24.01072946
-0.03811639775 0.07761549949 12.69265003
-0.03225539543 0.0923163863 7.040681735
-0.03923449164 0.09213688725 9.962805434
-0.04094401748 0.1188323029 5.001228087
-0.02992547432 0.09252742065 5.079952499
-0.0357366696 0.2185477 -17.08307936
-0.01995238734 0.3154072326 -45.10749516
0.003989172026 0.3340349377 -61.61755866
0.01631370712 0.3261227174 -66.8565438
0.002969739908 0.3124714411 -56.29810129
-0.0007978147221 0.3111380232 -53.76688028
0.0005895708204 0.3119905718 -54.92873214
0.0120150432 0.3075421175 -61.21371971
0.01641434977 0.2987638663 -62.36834157
-0.001640218523 0.3031818716 -50.78003957
0.01312382055 0.302237419 -61.18041401
0.008956394543 0.2904823747 -55.83580986
0.01749623683 0.283441473 -60.88984354
0.01118407672 0.2615859017 -51.48431007
0.01902978521 0.2346212961 -52.23037259
0.01543839203 0.243404656 -51.03531089
0.01976194702 0.2345923955 -52.73232975
0.05826485346 0.171964476 -72.77858352
-0.02550310087 0.04407791362 28.23441418
-0.009899423191 0.2147257566 -20.88188172
0.002412109906 0.2284630722 -34.70852447
0.003093681856 0.276795317 -45.78395768
0.01383272429 0.2970651649 -60.48738073
0.05402329427 0.0253765843 -40.50393264
0.01741636699 -0.003617379449 2.485388637
-0.004539393475 0.2564360877 -32.57678761
0.02494353498 0.2436866899 -61.30712047
0.0298330392 0.128627812 -43.03477913
0.06465219116 0.1195966694 -80.40171884
0.02148238298 0.2091645266 -50.51265628
0.03743552297 0.1038418489 -47.76200192
0.0446128425 0.1188143675 -59.53321778
0.01820355458 0.08464508028 -21.49713141
-0.02305245083 0.07269957143 31.16965439
0.01450523861 0.01206391099 -2.305713079
0.03959368428 0.1373798652 -11.78450454
0.01666567176 0.1443105994 -12.99407415
0.06997482509 0.1514649573 -17.05424662
0.07007932151 0.3583086944 -64.25483675
0.06005105905 0.4028400006 -73.63005939
0.0442095913 0.2382896803 -33.60261637
0.003413078078 0.1163293638 -0.4136178352
-0.004117532596 0.1135082968 0.9072730595
-0.02471728536 0.06349048217 16.28864179
-0.03999286391 0.02932953839 27.11559804
-0.05876357963 0.01349700018 34.84235042
-0.07739723007 0.03346430714 34.65370961
-0.09746739765 0.02282814547 41.92988278
-0.01609892253 0.07962802927 5.526718117
-0.02691937714 0.07759933982 9.045198293
-0.02962658554 0.03202719949 20.62729052
-0.04292977927 0.05193694817 20.44741804
-0.05142988142 0.106954669 11.7611034
0.01753561771 0.2652036031 -51.42371547
0.006694371511 0.3630010674 -69.65590838
0.01187338746 0.3586791084 -70.74619761
0.02315209282 0.3858151808 -82.06744142
0.01433517015 0.3535624068 -70.80098688
0.001321962735 0.3317551224 -59.4506047
0.002248484685 0.3322261877 -60.1856988
-0.002024982534 0.316153388 -53.82329983
0.002199349399 0.3284731447 -59.1938984
-0.005020151555 0.3163240194 -52.53808309
0.00103303876 0.3285532542 -58.78210781
-0.002796067004 0.3252297577 -55.55287531
0.01188565654 0.3265838396 -65.59451143
0.02174366099 0.3160361318 -69.62930547
0.007999323279 0.3163524087 -60.11198938
-0.005690512672 0.3354268186 -54.47744467
0.001809873787 0.3266517241 -58.26956543
0.0120258733 0.2955953168 -58.98706829
0.0122725899 0.2937869433 -58.84412318
0.01584053823 0.2913006564 -61.31081136
0.01545767797 0.2990560753 -62.76344425
0.01191439617 0.2929976004 -58.63124757
0.02669377044 0.2910692791 -71.02759094
0.02156753518 0.2504802777 -57.51737253
0.02947504483 0.2694899573 -69.02967092
0.01256950401 0.2561119741 -50.37461836
0.02098649827 0.2659068443 -60.51987339
0.02218407427 0.2661759902 -61.70909315
0.02282064872 0.2532437979 -59.37818998
-0.01560938577 0.2084009429 -9.881552862
0.002391597906 0.2638658126 -41.1026747
0.005966070724 0.2737807301 -47.15245575
0.01701325214 0.2541102852 -54.71776069
0.008127931822 0.2549719936 -45.46238605
0.01352238743 0.2635425726 -53.24778085
-0.003219718443 0.2607241705 -33.79592723
0.001254088941 0.2627172548 -39.29934282
0.01955902913 0.2096457538 -49.02413396
0.002134970273 0.30795144 -50.61868591
-0.01187927831 0.3305969392 -38.73975916
0.04806536014 0.1453025394 -13.79875985
0.02661032578 0.1509849913 -14.05575925
0.03999723141 0.1297516087 -10.20248619
0.05113589892 0.1236093865 -9.056656531
0.03750216519 -0.01443162649 27.25506494
0.01356659693 -0.06457067612 42.33454115
-0.01710908012 0.04960196161 18.31500935
-0.02872860502 0.07885597983 13.04168136
-0.05155883428 0.04926277544 24.2836278
-0.05738135873 0.01969333416 32.71071638
-0.04258303485 -0.02090898552 39.45686489
-0.03938928021 0.04613742728 21.93506584
-0.0008490607907 0.2196728928 -31.21072683
-0.000390071864 0.2329761916 -34.98596004
-0.0004391918824 0.3479882379 -64.06806053
-0.007610340355 0.3610582108 -65.00262755
0.007187573646 0.3516039662 -67.71096802
0.03049065211 0.3941116317 -86.99712942
0.01999749458 0.3457595185 -70.70602963
0.003370850509 0.3400827346 -62.7208669
0.01679002211 0.326410047 -65.24164761
0.01166618681 0.3450787555 -67.33592073
0.004799926912 0.3452877497 -64.20062041
-0.008758824164 0.3223230881 -51.95242822
-0.0001277692057 0.3217540118 -56.24016033
-0.004298715084 0.3239010494 -54.51287554
-0.009702203065 0.3202650486 -50.55756982
0.01002786301 0.3212251556 -62.23506389
0.009477565272 0.3255885068 -63.20873885
-0.003717076417 0.3293078597 -55.87186052
0.005065249673 0.3308228107 -62.1255406
0.01853027205 0.3238834117 -69.35975864
0.02249258191 0.3174314425 -70.33929796
-0.001561524532 0.3308271897 -56.58962252
0.005721007772 0.3267013631 -60.86756227
-0.01169101755 0.3325082008 -49.57301327
0.008275606836 0.3024915564 -57.83549013
0.01199652664 0.2915369233 -57.86377399
0.01798185499 0.3015213104 -65.47218398
0.02866406118 0.2777742335 -68.52319049
0.01844855299 0.2787717227 -59.98438407
0.0210610276 0.3003857948 -67.90696622
0.01640688497 0.3083084608 -66.13224295
0.0207359113 0.2717439462 -61.54064909
0.01529749008 0.2967426846 -62.43032986
0.01230768119 0.2795639625 -55.56501025
0.007025692771 0.2631362344 -46.12025341
0.01230089486 0.253662985 -49.00722936
0.01110864363 0.2639023505 -50.3023423
0.009387609916 0.2625910486 -47.95591682
0.01106645408 0.2703307296 -51.82649075
0.008413693895 0.2983606565 -55.79148659
0.01718436835 0.2782759811 -60.68406248
0.009509686996 0.2943249483 -55.9109723
0.003025894072 0.3078515362 -51.73719092
0.009324693983 0.2981981987 -56.85629903
0.01119162339 0.3102707306 -62.03481616
0.0201625348 0.3141804101 -73.84586173
0.04246042288 0.179888622 -22.89080942
0.03148040544 0.1780680499 -22.29111489
0.02607462922 0.2120855233 -31.98704936
0.03007541965 0.1528801548 -15.85226715
0.006971682418 0.1892499892 -23.95494646
-0.002909004349 0.2136184545 -29.35271686
0.005013746419 0.2133754339 -29.28316861
-0.01229543794 0.0697732688 12.40029618
-0.04170719948 0.1444622852 -2.683144556
-0.02114030206 0.2663635482 -39.37677432
0.01017422678 0.3585634244 -71.87460095
0.03592013978 0.3305472868 -70.268783
0.02798456453 0.3176035617 -64.46484956
0.01816367954 0.327535109 -64.27059444
0.01781192948 0.339226379 -67.36579453
0.01953052932 0.3586538809 -73.43482371
0.01799531178 0.3569789894 -72.22375043
0.0119321773 0.3419810754 -66.23679533
-0.0008940596697 0.3426735528 -61.33832718
0.01026516916 0.3487770919 -67.9172346
-0.003145482524 0.3406233913 -60.05889916
0.01498905217 0.3356093002 -66.53890668
0.0008379346732 0.3191590142 -55.32084417
-0.00314140477 0.3252034737 -55.28563385
-0.004172985282 0.3227471845 -54.11850831
-0.01034796196 0.3227988869 -50.88969156
0.003386429342 0.3259998788 -59.50531481
0.007498148264 0.3273462558 -62.01979404
-0.003122140186 0.3302618115 -56.49061028
-0.009639424248 0.3395435371 -54.88199283
-0.004651175814 0.3279601708 -54.81241224
0.005227325115 0.3179782446 -58.85391051
0.02360927305 0.3085000482 -69.00292205
0.01930845843 0.3179029049 -68.21780735
-0.001830220076 0.3356613172 -57.44872974
-0.00778946241 0.3251740066 -49.95016396
-0.01528392558 0.3207292859 -42.26499098
-0.004322082231 0.3136816702 -50.50380968
-0.005787824527 0.2978904277 -44.83965327
0.01446404318 0.2846073289 -57.68819313
0.01335451585 0.2807195116 -55.3939488
0.01488472373 0.2852734183 -58.35974105
0.0149621859 0.2965420031 -61.31887491
0.01837371111 0.2839054755 -61.27160297
0.01444476823 0.2996390147 -61.52359976
0.007257987202 0.3086581082 -57.02844655
0.008290430289 0.3268706193 -63.7234521
0.002091179336 0.2751673061 -43.68184832
0.01024685879 0.3132958911 -61.95679777
-0.002007154138 0.2613415862 -35.46142346
0.006004430935 0.267388747 -45.60790091
0.01116285044 0.2702209657 -51.92363142
0.01268857163 0.2635670074 -51.79849091
0.02704735346 0.2833714632 -73.38421688
0.009658075909 0.2923493714 -55.37693039
0.01037121107 0.276855918 -52.43076284
0.02107284602 0.2911079044 -68.93041205
0.01500037577 0.2973160767 -63.31787137
0.06472178812 0.2390092596 -39.91993623
0.03712698973 0.2324659192 -37.28807209
0.03016092816 0.2811432528 -51.52656202
0.02518775976 0.2554477247 -44.34270042
0.03227297384 0.2858366991 -53.08445993
0.01877241954 0.2770959858 -49.00826287
0.007166395 0.2898299778 -51.35048149
0.006196104499 0.2908342337 -51.47924356
0.002217506294 0.3042113967 -54.47653744
0.01966918642 0.3525298019 -71.6946397
0.02061119871 0.3678201298 -76.29684424
0.01907566245 0.3652558126 -75.34548355
0.01844604737 0.3393443939 -67.55833386
0.009772897834 0.3400605858 -65.03797939
0.01077971462 0.335086442 -63.9084659
0.009510548598 0.3306871381 -62.16549156
0.01277595227 0.3376192777 -65.3988838
0.005931542599 0.3271108752 -59.85719816
0.007661917462 0.3274040846 -60.73320064
-0.001825953577 0.3271638218 -56.84584689
0.008602118671 0.3340796785 -63.35088082
0.002937884013 0.3155906956 -55.46642553
-0.005177447817 0.3152214366 -51.47038216
-0.003726467482 0.3250945973 -55.08139692
-0.01014883573 0.3243037396 -51.4685059
0.0002325122903 0.3278810923 -58.19576979
0.01036375288 0.3349634377 -65.8309414
0.002274958695 0.3361010045 -61.4784898
0.004695833454 0.3267954408 -60.31118103
-0.007084599125 0.3332490787 -54.77156067
-0.002551898505 0.3297717344 -56.77195929
0.001612989307 0.328945577 -59.34676518
0.004276653018 0.3194728318 -58.43231839
0.0329508749 0.3034890261 -74.23577101
0.01373389336 0.3282673396 -66.948265
-0.01356970433 0.340606779 -49.99225146
-0.004274498686 0.3220934591 -52.02685722
-0.01430225199 0.3425618453 -49.22026828
0.1850077537 0.06578025822 -129.1942101
-0.001529813234 0.2945764529 -47.16961319
0.007482081863 0.2928320657 -54.27412381
0.01725316027 0.2810300498 -59.4242956
0.02035183877 0.267064181 -57.51493587
0.0100219444 0.2932943997 -56.09518942
0.02437008573 0.2760258488 -64.75458386
0.005959546683 0.2861658483 -49.58542429
0.02077601679 0.2854407214 -64.1049559
0.02062530419 0.2722901792 -60.19438225
-0.001038375122 0.3071904379 -48.19379483
0.01214729031 0.2865425041 -55.11354372
-0.007165097875 0.3417692715 -51.63249799
0.007534072833 0.2447960892 -41.19380238
0.01283599303 0.2177459951 -38.70615037
0.03038448861 0.1918776214 -51.41469023
0.02952620485 0.238728418 -62.95782109
0.01277656877 0.2966055684 -60.51380363
0.01929268522 0.2475026648 -54.81213767
0.01011573164 0.2866132834 -54.42805979
0.06316521776 0.2889898627 -54.87990065
0.06156921845 0.3092915975 -61.25483001
0.07084869457 0.3279722495 -67.03626283
0.0195316012 0.3307518241 -65.46065218
0.02695810604 0.3404171511 -69.01589764
0.03446489365 0.3482553733 -72.65722409
0.02869154695 0.3401765791 -68.98136052
0.01877930007 0.3446150545 -68.87521092
0.01504243638 0.3561843845 -71.9202193
0.01661063206 0.3473034966 -69.23258461
0.01296469956 0.3494312547 -68.87501417
0.01300847349 0.3505734592 -69.28307065
0.01010991202 0.3296057538 -61.82506013
0.003928460252 0.3222815737 -57.90624383
0.004150123827 0.3296930851 -60.19097957
0.005463165747 0.3310917407 -61.17915321
0.003647005001 0.3239398944 -58.23714087
0.003473076432 0.3221892447 -57.54477231
6.674253787e-06 0.3213120803 -55.88329025
0.003850958425 0.3230678754 -58.10027848
0.00118724452 0.3232892613 -56.93797175
0.002296173056 0.3270617589 -58.76273933
0.001953497615 0.322589752 -57.1711809
-0.002967330416 0.321494849 -54.42921971
-0.000281216149 0.3266005691 -57.28001182
0.00394000095 0.3295274804 -60.64757446
0.005488069811 0.3319825827 -62.22269262
0.003660934837 0.3296111972 -60.3414335
0.005198997395 0.3311065816 -61.78074577
-0.00234403094 0.3318927243 -57.35646626
-0.00369924921 0.3319068867 -56.58970735
0.0007027066733 0.3282687587 -58.42863187
0.001745096085 0.3303910822 -59.78166774
0.004149764379 0.3242405204 -59.72195802
0.0393703997 0.3040146239 -79.26532404
0.01542552026 0.328472542 -68.38112318
-0.01428931877 0.3521260187 -52.76444378
0.02123961276 0.33395495 -76.24737266
0.04437498958 0.2508669328 -69.18719698
0.088178138 0.1874417586 -85.92579257
-0.04981189953 0.388907331 -32.10133282
0.002619697838 0.3087580515 -54.78340211
0.00905672891 0.2898699826 -54.63575264
0.01747222045 0.2671689565 -55.21303631
0.01979853789 0.2670278086 -56.42142028
0.02368060509 0.2586146688 -57.87477572
0.01509891711 0.2925498407 -60.80476554
0.01267762881 0.2747568647 -53.00411586
0.001253984258 0.2651665776 -37.93583632
0.02677592107 0.2413944638 -57.56125524
0.02764858788 0.2284563025 -54.61739751
0.04247367411 0.1854853267 -56.94555829
0.04350723824 0.1597534892 -50.57821214
0.06675856744 0.1146497747 -61.86989372
0.03701687894 0.2053748682 -63.04646444
0.05068925252 0.1580892762 -65.24492217
0.03181364637 0.1904509465 -52.38617679
0.03805193767 0.2128274042 -65.62136613
0.08070852788 0.3183488053 -64.44167368
0.08289004491 0.3296472688 -68.24552149
0.07050662329 0.3415198429 -71.40708123
0.03330623237 0.3474594725 -71.26260054
0.02039550258 0.3622119786 -75.18449373
0.03213587432 0.3768134213 -81.45893539
0.02822784111 0.3660432928 -77.2069666
0.01956690349 0.3590884362 -73.60550603
0.01167157021 0.3578425569 -71.54937171
0.006415434556 0.3337220252 -62.31780864
0.01112955998 0.3391433805 -65.08931373
0.01011948282 0.3290304587 -61.61311353
0.0001880094579 0.3251632401 -57.79203625
0.006484357708 0.3259374235 -59.79079532
0.002477349662 0.326699942 -58.90442821
0.00565644424 0.329230396 -60.65430752
0.005555199441 0.3229078353 -58.56063512
0.00474788555 0.3233034015 -58.40375212
0.0006208159397 0.3190993043 -55.44445596
0.001614016181 0.3201008038 -56.09849777
-0.003348068751 0.3232500239 -54.95289791
0.002082744399 0.3247938315 -57.95892825
0.0003908335992 0.3165397895 -54.22861044
0.003201334267 0.3220068972 -57.59262371
0.00157218428 0.3243040544 -57.61354829
0.002486425979 0.3343240662 -61.46238741
0.007358277749 0.3366559586 -65.04312925
0.002831285412 0.325386224 -58.48867755
-0.003288275274 0.3264009577 -55.11360764
0.002666104575 0.3276458937 -59.20615741
-0.005016478115 0.3306135956 -55.37984712
-0.00194611267 0.3354747969 -59.02790385
-0.002247622308 0.3196293948 -53.41807241
0.002184136289 0.3262944637 -58.79440706
0.004391609437 0.3308010974 -62.06341601
0.04468633371 0.2967650088 -80.95454592
0.01443550135 0.3232863798 -65.91157212
-0.01193254857 0.3536730581 -55.1063433
-0.009679535329 0.3493669529 -55.89888132
0.02989592867 0.2772705978 -65.616501
0.0592191305 0.2279592387 -74.15687492
0.08498556355 0.2161712523 -92.70406712
-0.006288550626 0.3240888202 -51.43475557
0.008152998683 0.3017826431 -57.50683777
0.009625201846 0.2760342643 -50.419672
0.004299548472 0.2872984925 -48.93531089
0.03181681102 0.2692974156 -69.82715728
0.02034523762 0.2633493769 -56.09438573
0.005799281587 0.2855236524 -47.89668993
-0.009434488966 0.2684492027 -27.49953162
0.0298565702 0.2339508191 -58.43084683
0.02479018598 0.222617636 -49.24516328
0.02626173419 0.2265259758 -52.12403048
0.02817068292 0.2296883523 -55.38947804
0.04568899399 0.1748892437 -57.92379523
0.08963431065 0.04233325567 -65.15512679
0.072668547 0.107914348 -66.94183071
0.09507377599 -0.02954234242 -47.89040144
0.08233779186 0.328064939 -67.70477957
0.07899805117 0.3265723037 -67.03068864
0.06454896793 0.314937871 -62.12341405
0.04712064131 0.3404008393 -69.87772707
0.02629493626 0.3601160153 -75.05625526
0.03100070761 0.3619973121 -76.19040904
0.0210188188 0.3485561679 -70.08102901
0.01460064847 0.3390113289 -65.6051223
0.007767096058 0.3246450633 -59.57946721
0.007091292469 0.3308102226 -61.5190765
0.00789992449 0.3139948824 -55.97720995
0.006717462518 0.3197057817 -57.53907686
0.005042286161 0.3204790421 -57.4682324
0.003052534022 0.3213097103 -57.13076441
0.003884436778 0.3182965298 -56.32884826
0.00444996859 0.3207150639 -57.34219519
-0.0007923775838 0.3083044973 -51.14323028
0.002290635965 0.3158973226 -54.95943505
-0.0002464664025 0.3190381575 -54.96325684
0.0009566879401 0.3118990622 -52.92865137
0.003629409443 0.3208477457 -57.17991957
-0.002089556172 0.3194044634 -54.12889084
0.001992470295 0.3166976351 -55.15424609
0.0007910307263 0.3170381953 -54.68987941
0.007106447485 0.322642149 -59.93804858
-0.0007068775633 0.3283794364 -57.73084216
0.004191710849 0.3362884459 -63.17706806
0.006167811961 0.3292266714 -61.85140119
0.004404728898 0.3324416897 -61.87794551
-0.0005991681843 0.3295294001 -57.75206947
-0.0001372641147 0.332247201 -58.97726904
-0.00953348559 0.3234786002 -49.63771821
0.002564386708 0.3233242223 -58.00794007
-0.004201755643 0.3227414983 -52.79302629
-0.003828725264 0.3298134551 -55.5070051
0.01184688209 0.3183555937 -63.40797472
0.04821393031 0.2986434745 -84.33539847
0.01041781172 0.3303614716 -65.04693193
-0.01671411763 0.3451521006 -48.35523535
-0.02215481048 0.3408825071 -42.44728815
0.008999002599 0.2864182214 -50.41908179
0.06904016947 0.2191919292 -79.83138555
0.1308929136 0.1368692498 -106.5530199
0.140497395 0.08606818813 -96.84570734
0.001596149001 0.3069331117 -52.87682704
-0.002504547898 0.3040315481 -47.94150793
0.01094870608 0.2746562835 -51.07147053
0.01026380802 0.2633587074 -45.95238541
0.05419477064 0.184926333 -63.84509039
0.0997300525 0.08468919165 -76.58278593
0.108199817 0.06093059948 -77.31303519
0.1276689584 0.05494952394 -96.41309681
0.02422306403 0.2464135551 -56.1621806
0.02535430018 0.2534412754 -59.82679322
0.02507064854 0.2554661669 -60.39527056
0.02906379118 0.2655363362 -68.49346205
0.0250188336 0.235351751 -53.1213718
-0.009107927569 0.2103388562 -2.228976082
0.07753678636 0.3316254314 -68.90808906
0.07450532652 0.3229333995 -65.59823883
0.06841731191 0.3130363927 -61.67105647
0.06448143212 0.3189577752 -63.63522159
0.03553632119 0.3487959607 -71.98283168
0.02369907651 0.3222752763 -61.0695523
0.02158949214 0.3305117477 -63.80765731
0.009045299834 0.3216900267 -58.59306907
0.001639113911 0.3256799618 -58.74969485
0.001024310005 0.3148105112 -54.78588098
0.001822193062 0.2986644701 -49.07931639
0.008125842524 0.3095395968 -54.35381957
0.007352330785 0.319348673 -57.71645642
-0.002763714857 0.3055136545 -49.76963084
0.002474166598 0.2903854765 -45.88699899
0.0007549960167 0.2935436139 -46.46851405
0.00376229233 0.2991874957 -49.54520225
0.002689381312 0.3118053645 -53.64924864
0.0006817506595 0.3045447979 -50.24985497
0.006583403477 0.291256766 -47.92852795
0.008159534038 0.2957172134 -50.14907284
0.004340423061 0.3077438957 -52.89303111
-0.006140797331 0.3078749097 -48.01279318
-0.001488211013 0.2950560466 -45.66209791
0.01333451059 0.3034646071 -56.4245248
0.01399456564 0.3268122474 -65.243316
0.001242131094 0.3269319945 -58.19367829
0.004713871101 0.3110271905 -54.44774004
0.009976228335 0.3091818649 -56.98105694
0.007733910697 0.3296554894 -63.01834148
-0.01479775271 0.3226023507 -45.8149173
-0.01398707609 0.3040654995 -39.68679554
0.0004368662462 0.3076714692 -50.8968815
0.002321195478 0.3023494978 -50.15069672
0.0008275616641 0.3158147672 -53.95331612
0.008512430547 0.303616748 -55.49693988
0.03351545394 0.2658740273 -60.93505314
0.03186195607 0.2883112303 -67.51521366
0.0089610825 0.3070847462 -55.96142436
-0.01654225484 0.3308916491 -43.54138476
-0.02260646108 0.3204539339 -34.6390622
0.01016323897 0.2525461232 -39.1343136
0.0986899738 0.1341052103 -75.99111096
0.1330118914 0.07938813779 -87.4278961
0.1501228197 0.07690487901 -102.4410423
-0.0184425936 0.3340385438 -42.89273108
-0.0006879509613 0.280477587 -41.05414392
0.002759649225 0.2601041249 -36.99732469
0.01511068025 0.2310226286 -39.30090592
0.06047273896 0.125893745 -49.26550635
0.07911069969 0.05304124365 -42.79193311
0.1002377307 0.01324697468 -51.14364593
0.1519749363 -0.02456971641 -94.84188345
0.02909761742 0.2275811232 -55.12427466
0.03601288103 0.226410894 -62.90975463
0.0321346351 0.2424309072 -64.09679694
0.0198566895 0.2601377565 -55.47966497
0.008365014314 0.2541418229 -39.2280514
