0.03318601289 0.05776254261 3.582500588
0.05724949702 0.0479203319 2.89019351
0.08659208195 0.08725260525 1.367076195
0.03280573398 -0.06202851505 15.21840276
0.01977237084 -0.03148466796 16.01155857
0.009657389537 -0.03404434672 17.35042339
0.008605013026 -0.01846630488 17.09500005
-0.001872881301 -0.02025478183 18.71082564
0.0219973804 -0.0354455589 14.33490987
0.02482472759 -0.002621873051 13.44005157
0.02591311772 -0.03750151511 13.82093087
0.009454757332 -0.01650625765 17.02015703
0.03208417926 0.001179447054 10.87188996
0.01632949751 -0.04757281734 16.18931882
-0.02137183253 -0.04924308047 27.83239697
-0.03251280204 -0.05831147346 31.33561562
-0.0174628844 -0.04739050986 25.9554543
0.002119558717 -0.05865114968 18.99140141
-0.02318692167 -0.1065334623 29.7374993
-0.02044331873 -0.08851702442 27.69227594
-0.03080333756 0.05238936042 30.48762837
-0.03543028022 0.03342756556 33.15854461
-0.05891594412 -0.0104625915 44.50154217
-0.04125105737 -0.02591125207 35.77807611
-0.002676711255 -0.004507448767 15.35011996
0.06845143874 0.001187047197 -22.70577487
0.02967261105 -0.04955109339 -0.1420666874
0.01169975546 -0.01679395997 10.23866303
-0.02359839889 -0.01016118274 31.48272501
0.01048508294 0.005481175037 9.255289467
-0.003558286113 -0.01428931422 19.13027325
-0.0357626265 -0.03577350228 40.6154514
-0.01138648073 -0.01471136862 16.07030091
0.002911352451 -0.003998672093 5.763311772
0.01585979491 -0.006820683516 -3.801619376
0.05217275377 0.009958059921 -31.87807294
0.06247267806 0.008559934556 -39.30086457
0.04372465061 0.02781536145 -24.64603731
0.02234123632 0.04096209704 -7.646385986
0.00413950661 0.05470550824 7.295635493
-0.006218715723 0.05752798384 16.0806745
-0.01466192796 0.06367415802 23.52476484
-0.002541313808 0.07069016269 11.86463775
-0.01175884829 0.07087044021 20.62032962
-0.09270609161 0.09535562745 97.52394661
-0.01117663209 0.1227846775 17.55212809
0.06986740911 0.08368456418 -60.9036564
-0.04942439409 0.1464861384 56.97314666
0.009781345374 0.1297285965 -5.179678946
-0.01741964972 0.1300237199 23.29679867
-7.606196304e-06 0.01434208537 5.67591619
0.2224826955 0.1323528776 -239.5246902
-0.03542472371 0.04092963559 49.74655755
-0.02720310445 0.0425056982 39.4485504
0.03904670855 0.05112146846 -36.29194938
0.151056825 0.03762819475 -175.9908913
0.1721030568 0.02649064718 -200.740844
0.1236243242 0.009270969608 -140.9230294
0.01915927876 0.162852554 1.96585732
0.04126829132 0.0557319584 2.765248353
0.05355212532 0.1558284732 1.08963893
0.0479928698 0.1196036001 2.667721973
0.05140400156 -0.06115155924 13.39567722
0.01875149112 -0.03454717847 16.0495186
0.0219761549 -0.02212062836 15.04055955
0.003063520479 -0.02348414461 17.86636305
0.01808303972 -0.006972212958 14.58982308
0.01599852286 -0.03533681669 15.44414013
0.04130561562 -0.06536483332 10.68619885
0.02535329425 -0.02725737884 13.76046093
0.01810023774 -0.03539381556 15.35380956
0.002213670255 -0.05795668758 20.70404512
-0.01195110717 -0.05364002294 25.00353084
-0.02873142632 -0.06144734508 30.3780941
-0.008842988537 -0.0581668835 22.77755404
0.005335937191 -0.07969260838 18.81426053
-0.04531879107 -0.08358645491 38.54794709
-0.05425630507 -0.08606787085 41.62651845
-0.02319374121 -0.09776899242 29.24299631
-0.0422444355 -0.06610758736 37.80725785
-0.01257401522 -0.0748662134 23.08741955
-0.03066769959 -0.0395374781 30.31574824
0.04107138486 -0.008196476601 -7.879900466
0.07424765375 -0.01641978616 -25.19777004
0.01199801835 -0.01605596715 10.2020212
0.009858696248 -0.03118767001 11.9249692
-0.01708690746 -0.01727192404 27.79819005
-0.03598459383 -0.001745514815 38.95371163
-0.1046468496 -0.04627239146 79.5969695
-0.03234780489 -0.02262394468 30.58166835
0.002842466492 -0.00355403171 5.771490918
0.004496558229 0.003365299474 4.445385989
0.007304531828 3.683765487e-05 2.416588487
0.03750812662 0.01480371289 -21.1021263
0.066604176 0.01222936536 -42.95854869
0.04571975672 0.01429916438 -26.04223047
0.0235114813 0.03852125055 -8.627150148
0.008041862189 0.04830471438 4.096606678
-0.005087897564 0.05664063944 15.0316244
-0.00831162416 0.06362552516 17.65340019
-0.003783926387 0.08020586435 13.00308466
-0.00012480501 0.08046203062 9.63313898
-0.01583594098 0.09614775878 24.15413134
-0.01966112419 0.1134539426 27.59976468
-0.01938841417 0.1368012659 26.76673829
-0.0243796861 0.121648907 32.38528525
1.44379115e-05 0.1483261393 5.753096087
0.03223809757 0.08897135833 -26.13095301
0.01724120125 0.06321893418 -8.741040998
0.011031583 0.09158126419 -3.372253346
-0.01891233137 0.06955855986 30.46914551
-0.003438712292 0.06991691528 12.70719967
-0.0102108606 0.04913322059 21.5014892
-0.002043506602 0.0797050664 10.77895756
0.05460034435 0.06895828355 -58.25542646
0.08141428428 0.009260718212 -88.98008762
0.03661500929 0.08113768298 6.608485208
0.0244905411 0.09475255612 6.029421633
0.01344479044 0.07530969605 7.557460727
0.02096664577 0.06238185659 7.617095849
0.0981241909 -0.01505426414 5.137392647
0.03653350102 -0.06096380995 14.92302166
0.03962156287 -0.03520589437 13.37579791
0.02397363927 -0.01428185411 14.45251056
0.004781224209 0.002592574008 16.65304243
-0.004714981155 0.01522808012 17.48940369
0.008521336064 -0.02303131843 16.68952983
0.006449802292 -0.02855709409 18.13845873
-0.02618151891 -0.04283655516 27.29485679
-0.01215316257 -0.06374577978 24.68485346
0.003969203869 -0.0570128153 19.75385607
-0.03313623005 -0.06202544049 31.66119071
-0.005554614113 -0.02595376176 19.90864255
-0.00702574406 -0.03163900022 21.17685936
-0.0373010613 -0.02542804973 32.30337494
-0.0720336942 -0.01732796573 46.18147697
-0.05564989825 -0.03704862304 39.90214514
-0.001674751039 -0.04920702322 16.17426984
-0.001129976359 -0.02773219383 15.02966108
0.007410891632 -0.01502939251 10.11781343
0.02722539145 -0.008512817104 -0.4423094955
0.07452768886 -0.01566499434 -25.531245
0.05688888505 -0.01527330891 -15.23823082
-0.012576886 -0.06896437377 26.77837836
-0.004723460384 -0.02807568196 20.41541115
-0.02997974459 -0.01394717526 35.71717773
-0.05854039879 -0.09044342064 51.64310603
-0.01469705861 -0.03219167322 19.1567514
0.01368482788 0.003501296118 -2.063334236
0.005146509788 0.001229099127 4.053163525
0.01685086206 0.000999192101 -4.788833444
0.05800341121 -0.0007008120491 -36.13559766
0.06750295526 -0.002716551128 -42.84950765
0.05472794625 0.001867313665 -32.78819007
0.04339082162 0.01116397999 -24.01384738
0.01624351478 0.04075186898 -2.474237256
0.0004620768906 0.03419686171 11.4867048
-0.000924493953 0.03854586523 12.42685209
-0.002148605014 0.0487869473 13.08311911
-0.004448422812 0.05448865563 15.13319686
-0.01330436543 0.03419824019 24.73181178
-0.008936941838 0.04732536668 19.9514625
-0.03547743363 0.0797018111 44.76134863
-0.01797282607 0.05284545978 28.74916991
-0.01234199462 0.0428976702 23.16215091
0.03438655564 0.0240492849 -26.19579239
0.01612596826 0.03756398988 -6.155043337
-0.01289669608 0.05007471461 24.81326274
-0.01271434562 0.02990906489 25.52362169
-0.009086369773 0.03574142966 21.08393793
-0.001686351992 0.05136920025 11.49348201
-0.00485092139 0.02728000929 16.56115412
0.004649436547 0.02164020302 4.819620786
0.04708160859 0.01494404714 -46.81021324
0.02401624284 0.0428096331 9.049341197
0.02279922205 0.0493068274 8.934651273
-0.000182171705 0.03094051016 11.11163093
0.0004991859445 0.01285873852 12.55961261
0.03124187657 0.01236258136 10.03422779
0.06145978391 -0.009439346982 8.099944974
0.05073742084 -0.02346211643 10.79767383
0.03259757771 -0.0262356384 14.20780551
0.01323280573 -0.02841275717 17.30016801
0.009983738875 -0.03703528331 18.42492129
0.008330978521 -0.02962952497 17.90931406
-0.01175930547 -0.03642437982 23.44170356
-0.01582264097 -0.0379117226 24.56250804
-0.001404297578 -0.01645654101 18.51295209
-0.01644677182 -0.01571941543 23.3102775
-0.01766478507 -0.005235914212 23.04553406
-0.02106110724 -0.0097241858 24.66599004
-0.02133844057 -0.0211174538 25.70623927
-0.02432359698 -0.03746886017 28.36506283
-0.08237194131 -0.02885397249 51.42350393
-0.03671695949 -0.04544963388 32.47995803
-0.01463842222 -0.03808019637 21.98837092
-0.01833933539 -0.06310558458 26.23986983
0.01909286934 -0.01905803077 4.344137256
0.08730894936 -0.1204130992 -24.41841834
0.04801590034 -0.01444056525 -11.29347865
0.05876237859 0.02919160326 -19.22911235
-0.04820746857 -0.558891369 80.81989137
-0.06101451686 -0.3249055747 70.25610882
-0.06155924995 -0.1560187414 58.243994
-0.009918021922 -0.08494922929 19.2367031
0.03169970422 -0.002766729022 -14.08636184
0.011071597 0.003970955163 -0.1820493292
-0.0007054969117 -0.0002857520869 8.357546529
0.01929046581 0.006989413624 -7.020692218
0.04520880166 -0.0006952384728 -26.25943448
0.0676466461 0.002702140961 -43.43679351
0.06454797199 0.01255618414 -41.6830889
0.05080603261 0.01162231155 -30.34002195
0.0387717699 0.01184399617 -20.10160406
0.009861371969 0.01450299696 4.359854211
0.002908084483 0.01247007333 10.3408451
0.03485953285 -0.02144476187 -16.32960355
0.003042978885 0.006976438682 10.79109358
-0.006555850253 0.02207441846 18.51309942
0.001684819139 0.00758380267 11.5082809
-0.008329208895 0.01102952592 21.42932056
-0.01533650652 0.01348512694 28.2105331
-0.007479071649 0.01713902058 19.49575814
0.01129290235 0.01641023137 -0.5093220124
0.0008877617712 0.002457684456 12.51728638
-0.0009230135647 0.01261945138 13.58496319
-0.01738750281 0.01400315807 31.57128663
-0.01062704214 -0.009481795709 25.46502388
-0.002936450132 0.009019016714 15.20962146
-0.00749340504 0.0108888179 20.18504679
0.01309946249 0.02293937306 -5.820193693
0.02706142425 0.01025739181 -21.8718059
0.02002802645 0.03439980853 9.863215107
0.01051966725 0.02620796376 10.75482442
0.003152690105 0.01002860594 12.62653558
-0.0006994993531 0.001712795725 13.42984657
0.02515425824 0.0007668682041 11.52343947
0.03237417857 -0.01037205194 11.7830339
0.02392405899 -0.02699724551 14.40393945
0.0381708225 -0.04581742153 14.6420186
0.001752564603 -0.05328914561 20.99323203
-0.005805497389 -0.0812554199 25.25892046
0.00805559584 -0.09545997806 23.8721556
0.01589715431 -0.06390291678 18.78583277
-0.008781729955 -0.05881733022 25.13257536
-0.007481346576 -0.03670431393 22.56605139
-0.003766338264 -0.01867313502 20.07398833
-0.01099332239 -0.01097133499 21.33314035
-0.0441611864 -0.0306589233 35.13510052
0.001165003598 -0.01781605165 16.85894446
0.1562087901 -0.4245369161 -12.13754751
0.01981507073 -0.119270166 14.96051006
-0.002784163436 -0.05224317264 18.23877891
-0.01168686223 -0.02729273727 20.11195444
-0.01503722045 -0.008301665648 12.96452419
-0.03314727237 0.006196949519 20.50911864
-0.0163836543 -0.00384110747 13.12799345
-0.02893504928 -0.01312465707 21.00928463
0 0 -1
-0.02690785392 -0.03011369443 20.8712211
-0.02310001215 0.01241201317 14.31885252
0.06949648691 -0.04143794152 -36.89111749
0.06706174853 -0.02614102748 -35.61569001
0.0402935638 0.003500646091 -20.17412207
0.0117904409 0.003874111591 -0.7584608168
0.001036599854 0.01195857206 5.996402929
0.02680304231 0.02319715318 -14.2861198
0.08210901539 0.03589092933 -57.82340906
0.05864811239 0.02458644606 -38.22933663
0.05847681052 0.06583855594 -41.55564223
0.01219652927 0.05004713219 -1.973455188
0.02684579727 0.01677012169 -10.67223639
0.004937466502 0.01723718993 8.091167078
0.1640812445 -0.009817869339 -136.1927995
0.03615900787 0.03602974987 -22.84520448
0.01674925044 0.01616810162 -2.717916622
-0.01092411995 0.004190605494 24.13938827
0.0009889218913 0.003406146838 12.45820965
0.003927492598 0.0137545544 8.776606037
-0.01549317013 0.02212612082 27.45709313
-0.0009718646638 0.01211180992 12.79158419
0.006955365896 0.01083737384 4.634682073
0.01770670714 0.01520210788 -7.073534627
-0.0002220502983 0.05031902399 9.497601693
-0.05272635772 0.04625868858 68.73022031
-0.03457259675 0.008951075497 51.3224659
-0.007619688849 0.007269369161 20.35970741
-0.001215968058 0.03118427241 11.05129601
-0.006328832563 0.02851177164 17.40790232
0.09189041985 0.01255242415 -69.64421694
0.02793673884 0.05260422459 7.805330515
0.02415990504 0.06441004842 6.770777399
-0.01813524361 0.01974046076 12.57042477
0.006610320943 0.03079504768 9.022228029
0.02251909531 -0.001601181024 12.0155195
0.01656565527 -0.01042436832 13.66672944
0.01536124912 -0.0315282082 16.47110079
-0.001103767764 -0.04369798862 21.13018424
-0.03942156242 -0.07362306987 30.38485564
-0.05391987473 -0.0473710361 29.50285967
0.009148525286 -0.09477962347 23.07037454
0.012184421 -0.1071611901 23.96907824
0.02172617143 -0.1054488184 21.36504078
0.0299444236 -0.0670967805 14.59247006
0.01305592018 -0.03536563837 16.02494187
-0.004975402153 -0.008721579773 18.58840774
-0.03915647914 -0.01650853885 31.58691446
-0.07030398074 -0.04762132885 46.21390882
0.02113116738 0.02253253222 -6.112766204
-0.03702783371 0.01930038916 18.27892427
-0.0007623594568 0.05921048174 -2.819939743
0.01344728059 0.01529872961 -3.409582439
-0.0101440735 0.002367709299 9.480797302
-0.02265648726 0.003460048262 15.76570154
-0.0195869874 0.001970891565 14.18398405
-0.02671750556 -0.007037860929 19.25020594
-0.04630438356 -0.01359785451 30.43588466
-0.0115468962 -0.002303724993 8.847945791
0.0138483391 0.00802317806 -7.715249836
0.07253216244 -0.003339872759 -43.34314883
0.1080989998 -0.00881829534 -63.86976751
0.03349405454 0.007666769973 -15.90790572
0.01642313427 0.01416192197 -4.967213282
0.0132029281 0.01725484673 -3.225906183
0.01419369102 0.03099570982 -5.466032234
0.05815986222 0.07413549599 -44.70442392
0.1050828986 0.08863624826 -81.29489008
-0.02721386846 0.06927532404 28.83221111
-0.00177963739 0.09366244124 4.246596215
0.01773119992 0.07898446732 -10.77774235
0.02535497181 0.05664290001 -14.3103619
0.003442560967 0.03240750189 7.523573181
0.01011396182 0.07500587121 -4.390073779
-0.005677401039 0.01413517174 18.75038193
-0.02181590359 0.01923796616 32.5788867
0.01029706998 0.01773800729 2.031976613
0.003820151031 0.0201954113 8.017224507
-0.01349050514 0.0259389412 25.36085927
-0.02435341932 0.05216688365 33.14106543
-0.0147202685 0.02885649919 25.61270946
0.0257063261 0.03699241974 -18.86668566
0.04168723288 0.04482989825 -36.39612844
-0.04023835783 0.04340379215 56.02336745
-0.07193536823 0.03660887911 91.6351892
0.02803361741 0.005213937629 8.732974326
0.01952957934 0.02829605029 15.80874702
0.0876654613 0.02456357869 -65.9081892
0.08343283323 0.003037039659 -58.05574263
-0.1150624725 0.02359443653 25.86058907
-0.1201206521 0.02790078222 25.44964154
-0.1833107078 0.1039550513 16.50151117
-0.002457406871 0.02991734481 10.22275466
0.001129846983 0.009714316352 12.75287824
-0.003173104878 0.002183052134 14.26430726
0.0147512578 -0.008240149184 13.05296904
-0.00647431753 0.004563067284 15.19466734
-0.06321827333 -0.02928422126 28.68440307
0.007449834176 -0.0318503042 14.7428917
0.005574344599 0.009393875048 9.809887383
0.01793920681 0.01305956967 5.272693568
0.04866603333 0.009374025591 -0.4154202029
0.0605625818 0.001283085931 -3.138371233
0.02675371908 0.01187330839 5.489545328
0.03365587263 0.03260858536 0.1974816945
-0.0039034644 0.06173963236 9.02839946
0.01073734919 0.005857599331 1.006259514
-0.03115538628 0.04764182001 11.96195901
-0.02905727386 0.03105853081 13.3733085
-0.03570206075 0.1030809757 6.429295671
0.003458462513 0.03186567456 -1.024347759
0.02002026772 0.02992608243 3.678217927
-0.008017034211 -0.008883008592 23.65144798
-0.02207507378 0.001114680225 15.62679721
-0.04343489416 -0.02486063889 30.69564299
-0.02742809603 -0.004250993193 18.34796284
0.001570527523 0.008005100754 -0.2804989471
0.03351829285 0.0270598629 -22.60407454
0.08376659701 -0.002434659082 -50.08025854
0.1128304559 -0.004276705873 -67.79417245
0.05360238343 -0.006093987429 -27.84443082
0.03982936708 0.01252173484 -21.25373467
0.02650420368 0.02249803549 -13.47111251
0.03537995989 0.06030906 -25.23478764
0.08363108703 0.09711808699 -66.9946397
0.1201048098 0.1009161076 -94.58721011
0.0215144511 0.04495872516 -7.512920694
-0.002045037764 0.1180982358 1.623854611
0.008316433071 0.1159402161 -7.389850431
0.01463114193 0.1322538939 -14.83797728
-0.003036532394 0.09837292921 5.316588352
-0.01456615632 0.1238076282 12.07890516
-0.005891677183 0.1079152378 6.577357803
-0.009008618038 0.06184487458 15.06799768
-0.01750744254 0.09280855836 19.13540104
0.007269997162 0.06795613742 -1.504531863
0.004848853507 0.09042351687 -1.408356589
-0.03838597131 0.08118704358 44.93561584
-0.004452684307 0.07625736306 8.452676409
0.05594507083 0.09480827732 -59.35788106
0.05408662392 0.06872329724 -53.04200622
0.04222818029 -0.02218913383 -4.091016227
0.03154339513 -0.0157092585 7.204409398
0.03696593265 -0.005294442798 -0.2493159592
0.04088280351 0.004335856737 -6.596460304
0.0551141746 -0.008021840655 -21.83236169
0.07227791129 -0.02742898119 -40.08296717
-0.1145154266 0.02754175568 25.17091997
-0.1121796505 0.02831545776 24.93857534
-0.1226438829 0.04153505068 23.53095795
-0.01012398259 0.004188803534 13.92096114
0.0001629248993 0.002535100167 13.75036753
0.01476543727 0.002167497681 12.23720645
0.01157967765 0.009523974383 11.55917153
-0.01997554518 0.01974803356 14.68147559
-0.01057176706 0.03201864515 10.48158844
0.01836979015 0.0370579813 3.40702392
0.0028963046 0.04979256999 5.342977978
5.864588912e-05 0.04900325462 6.440950633
0.02054234414 0.03988129589 2.435329915
0.04437026516 0.02736547661 -2.466157898
0.01824111895 -0.00398266782 10.82767241
0.04668044218 -0.0042049604 1.270256943
0.05250280246 0.03125008266 -5.296378607
-0.06769812393 0.04733699209 30.71709643
-0.05440533399 0.1244734285 11.72331099
-0.04438982228 0.119353961 7.854569002
0.01543565006 0.03482501769 6.066017568
-0.01185983651 0.06030919258 14.01144581
0.01135529154 0.07114167575 1.120232871
-0.01773421488 0.01757354497 24.8978054
-0.1129986328 -0.001074132367 77.04601207
-0.01494230143 0.01962662823 7.4445837
-0.01048637661 0.0249481692 3.982573017
0.02008007264 0.02304896941 -13.7745247
0.05243140553 0.07203119324 -41.09169985
0.05897030194 0.04975868032 -42.12063928
0.06185311313 0.02579553927 -39.17915824
0.06500242687 -0.01524310018 -34.68219523
0.07110518715 0.01365336445 -43.52965303
0.05676968235 0.04077367677 -37.69260343
0.08253152682 0.08656827938 -63.77633052
0.09681588399 0.1004117838 -77.043989
0.08172278008 0.08863477499 -62.41869735
0.05681539195 0.0550327248 -37.56148572
0.03620418909 0.07689260981 -23.80793532
0.02502380093 0.07401193923 -14.50160871
0.02484716477 0.09120965596 -17.55953908
0.0109084068 0.06771751281 -1.670828746
0.000628966068 0.09577079916 2.870037608
-0.005951036724 0.09312637632 9.357198838
-0.01236978302 0.09734322495 14.66460677
0.01035774418 0.08227322948 -4.656695541
-0.00269591617 0.07155398982 9.67160565
0.0001177261853 0.04289402735 11.53922997
-0.03432364901 0.06610072655 43.54123119
-0.01897016214 0.06436473164 26.99597713
0.03866195292 0.04679185563 -32.30332197
0.05805972595 0.0174276202 -48.87765437
0.04392506099 -0.02046176821 -6.249930893
0.05365549048 -0.02225267639 -17.08795453
0.0468941098 -0.002800971181 -12.68693842
0.03948193368 0.007216833634 -5.24343422
0.02986402039 -0.02553827449 11.77412738
0.04455966526 -0.02734724631 -6.103688354
-0.1083786829 0.04035478051 22.84518751
-0.108618599 0.04832750358 21.39795503
-0.1045750702 0.04217333639 22.14712966
-0.006114788944 0.05344036364 4.992924647
0.002771770669 0.03538946249 7.509209492
-0.009015995672 0.04101456079 7.74724352
-0.002431395197 0.01749880261 11.96201715
-0.009556840354 0.01329732969 13.47251566
0.01712325117 0.03339660292 4.825200027
0.01339319651 0.03454174341 5.544909395
0.006384452103 0.02254890682 9.192087206
-0.0007437608578 0.01721543505 11.78204253
-0.002478156365 0.007715236418 14.03183034
0.02020018725 0.022802125 4.96150626
0.02491837615 0.001671078465 7.696074222
0.02180112684 0.01357100471 6.187275839
0.1160238779 0.01550156181 -25.45428701
-0.08159670887 0.05436460807 34.69265286
-0.06477703719 0.03157767317 32.03982869
-0.0603084945 0.06838061635 23.78466543
0.4858952441 0.1552664652 -228.1577815
-0.0291932566 0.08867903263 17.17624036
-0.005043337947 0.04651609333 13.44621111
-0.03005795159 0.02042230166 30.8318987
-0.08545390206 0.02184222997 59.02044843
0.003218244091 0.1115095112 -18.45300222
-0.00779311204 0.1217141617 -14.16149605
-0.006960444927 0.06912742675 -5.484530211
0.0563207268 0.06674928115 -42.80288349
0.0369935964 0.06736715259 -29.70234055
0.02632367087 0.06839432993 -23.35316885
0.05838151915 0.03694108681 -39.31918051
0.07605428384 0.02939155375 -49.69064063
0.08498805612 0.03947241895 -57.85777571
0.1033922237 0.06902136212 -76.64340121
0.140632573 0.1108193544 -112.4219728
0.2233130802 0.4516926595 -237.4967518
0.05682527517 0.05369372126 -37.43390792
0.03775108346 0.06051314582 -22.84399077
0.008826121733 0.04685269625 3.821145727
-0.002323942342 0.0670822763 9.967919428
-0.00163234151 0.05684424163 11.05712457
0.007395121907 0.04862053126 34.86508386
-0.006455292778 0.05946371833 15.04281163
-0.003352789597 -0.004159588302 56.42358484
-0.006705241532 0.04419623987 18.07495621
-0.006413249426 0.03717900408 18.94502625
-0.009505209329 0.04395781878 21.20793244
-0.02870831803 0.0513634248 39.83158254
-0.04544213763 0.03685164916 59.95447831
0.02656467573 0.02771509186 -16.22097713
0.04368975841 0.03650382272 -36.77645715
0.04580932734 -0.02420729449 -7.719289684
0.04239243484 -0.04513855465 0.1574363602
0.0594348793 -0.07115728219 -14.69608589
0.02976879464 -0.04315883341 15.45329426
-0.02217140629 -0.03871384851 76.48476875
0.01326841015 -0.05648472234 36.85004208
-0.1016794955 0.05739178755 19.48543258
-0.1077665374 0.06409125075 18.28206031
-0.1579836845 0.04398433488 24.90599018
-0.1060016205 0.1093701102 2.830681231
-0.03645868453 0.08360095348 2.282353403
-0.017286877 0.07671828465 1.712414872
-0.01657994801 0.05990384292 5.492122492
-0.01854432656 0.03611301089 10.42589122
-0.007502847147 0.02283019294 11.43892123
0.006845351817 0.04417431538 4.672874796
-0.0009862556277 0.03044142399 9.068166005
0.02223364956 0.04967042962 -0.8054854134
-0.0128582214 0.01008922486 16.23580416
0.003429636435 0.0715884735 -0.7045889081
0.02391373918 0.00517993572 7.069596326
-0.006069645792 0.02939172281 31.3103433
0.001830338997 0.02089385737 30.10014901
0.0001897023074 0.06480434366 21.49594224
-0.00132851889 0.03060996189 29.81558343
-0.01421398754 -0.002458976055 41.79858389
-0.0603133904 -0.02212795547 65.32945752
-0.1475887493 -0.005507538569 100.027816
-0.02391596344 0.02654090777 26.45852735
-0.05129457843 0.01312438998 43.00102981
-0.1078324138 0.01628847747 71.50972319
-0.03798171751 0.3289279512 -37.24076382
-0.03717058252 0.3148224659 -34.81303429
-0.00894988714 0.3452389707 -56.92480343
-0.001020065391 0.3161299646 -55.36899802
0.02661093204 0.3001605357 -69.480292
0.4591856857 0.05998012163 -302.1601539
0.08636551016 0.004299105056 -44.51962267
0.04771641495 0.1008490709 -37.68188481
0.1224747537 0.01719276638 -64.96438231
0.124755421 0.03363542073 -70.39307765
0.05382448418 0.06651633296 -23.87385506
0.09761696655 0.1688877643 -80.71829286
0.3666248263 0.3459243808 -331.8909086
0.2496896335 0.09528903355 -183.2713872
0.1749096741 0.04671335554 -110.2720707
0.08074703464 0.02696524315 -24.07736341
-0.007495350282 0.03132325162 52.01210498
0.2382969399 -0.1823441739 -131.6672201
0.1149776563 0.113607984 -83.25850546
0.04283380828 0.02784661643 4.194857161
0.03256302722 -0.01349206157 23.26860986
-0.006794292555 0.05308984 16.08069913
-0.001580700265 0.06289035642 9.000736232
-0.0499365406 0.05045165179 62.45918257
-0.01687201931 0.04509484828 26.90809128
0.05411076086 0.04563183928 -49.98723617
0.09139383521 0.08574064481 -99.24066707
0.07760132583 0.09049010749 -84.66751379
0.04683179132 0.06114713214 -43.14222855
0.06654164588 -0.1019959621 -18.19453164
0.06233956268 -0.08359228282 -16.25416036
0.003882114419 -0.03146153305 44.11360487
-0.01839026827 -0.009871170324 66.71956452
-0.09229322537 0.07902736161 14.66107919
-0.1092412968 0.07973225798 15.11143951
-0.2429485478 0.05504412585 25.7321587
-0.03862671432 0.04108301136 11.82584503
-0.04141117612 0.06139610967 7.403597065
-0.03960477017 0.1054790979 -2.153784061
-0.02191505863 0.05292098576 7.297561603
-0.00533177584 0.0852044631 -2.525509168
0.007364564622 0.1172183608 -11.73653091
0.008127795889 0.07848032235 -3.115568137
0.004274097104 0.06698972024 0.09988626821
0.02649522489 0.1159738267 -16.34096738
0.02009811567 0.1912469155 -31.70250623
0.0003774688685 0.1895396491 -25.8827411
-0.02293783228 0.2620058282 -35.3315855
-0.008166431116 0.009802759093 36.32559237
0.01222589487 0.02323331007 26.11254066
0.01672170393 0.0340834171 22.14456413
-0.003144594842 0.02586059396 31.88439276
-0.01685278325 0.03357982612 35.73206092
-0.09382728884 0.02397471647 70.7847289
-0.1706453503 0.05065279898 97.91324985
-0.1821182219 0.01567952519 111.4299908
-0.04834209057 0.02990831338 37.54483261
-0.1275558248 0.1402965182 53.79345694
-0.03469546029 0.3042143461 -33.7818658
-0.003580770388 0.3426058777 -59.55347481
0.001690032887 0.3239308562 -58.43574555
-0.001845766359 0.3182267735 -55.3582632
0.002927388363 0.3028170626 -54.89629895
0.02710257935 0.2829049778 -65.93491437
0.04307215729 0.2289698406 -64.15755294
0.2773015936 0.09506982716 -195.5254957
0.1686145904 0.01934632681 -99.01321086
0.0957609463 0.04023792742 -49.74643001
0.06172430124 0.0400931203 -24.30162151
0.204874657 0.0634903991 -140.8430294
0.2138938876 0.0612137715 -146.5438759
0.1961037183 0.04860842854 -128.7749374
0.1450671425 0.03871045549 -82.72864358
0.07001584218 0.04012048514 -17.84337609
-0.006104896881 0.02936179715 51.64984905
0.126759622 0.155893827 -102.6894654
0.08030090541 0.1188235606 -50.24382731
0.005898644654 0.05726178047 33.58775698
0.07757595147 -0.01489272148 -20.89363036
0.03512508086 0.004797214045 16.76203241
-0.009653264259 -0.005210496047 48.64288086
-0.01484434645 -0.009300061249 54.98884371
0.01609864317 0.09114716618 -17.84478459
0.108947533 0.2558932234 -156.617533
0.06565014159 0.0822531148 -70.10258194
0.090985875 0.1299986794 -108.5160089
0.5607707 0.1304059955 -645.1919971
0.1008785292 -0.01782393665 -76.30325729
-0.1159282084 0.01420796662 184.8141914
-0.03896660105 -0.01800595516 94.07348826
-0.03147470676 -0.01577116857 84.4195143
-0.06612290704 0.1320089632 1.462752225
-0.1050090891 0.1477061952 -1.719315896
-0.08698588517 0.2958667984 -39.93318149
-0.06500523782 0.3532696671 -56.24366174
-0.08167659624 0.5807821481 -113.3612892
0.02074696825 0.6185135737 -133.6268181
0.005562905528 0.4982763499 -101.7155452
0.0101103697 0.5333325555 -110.4931629
0.02750024337 0.4948698738 -104.6915982
0.02729855143 0.526551044 -113.1061861
-0.002158284766 0.5158070801 -104.0955475
-0.0009307030899 0.3215046055 -55.74571075
-0.007929032998 0.2971572433 -47.92351148
0.001374137142 0.2909866645 -48.7914193
0.007640130386 0.2678638877 -44.88803547
0.03543419456 -0.03999427723 33.91340438
0.01888705277 0.004453210724 27.98883598
0.02777923463 -0.01576381954 30.09762868
0.009491582336 -0.02377724737 39.00669808
-0.03359265964 0.04058708818 40.54147246
-0.09713824608 0.03224424477 70.23063112
-0.281084208 -0.003331812715 162.4777503
-0.2545571949 0.02777363055 142.7336461
-0.03083818163 0.3102664591 -38.46914727
-7.575425332e-05 0.3157054863 -55.47598691
-0.00271143016 0.3018199917 -50.46695855
-0.0002270837498 0.3167710003 -55.43994052
-0.006288168163 0.3181089532 -52.30650499
-0.00802334052 0.3256386115 -53.18547463
-2.494226877e-05 0.3210870032 -57.1681496
0.01087572173 0.3093044814 -61.52070158
0.02559592202 0.2881237699 -66.22372457
0.09860576849 0.2365356988 -104.3233564
0.1658204363 0.003767516435 -93.87582661
0.1366770989 -0.00131345011 -70.49168885
0.07312586437 0.01888754529 -28.06033523
0.212171149 0.02723660802 -137.8359069
0.209632786 0.02361166533 -134.1592529
0.2022551572 0.01925630634 -126.2684376
0.1681144688 0.03595627817 -101.5106254
0.07984118609 0.01658950876 -20.93466036
0.005375569795 0.0254228611 42.49177328
0.01007417702 0.06634967389 27.54130194
0.002926698412 0.04495406345 40.00100632
-0.0238382284 0.04161026737 66.07687114
-0.004010191319 0.02190165445 51.18967983
0.01284235041 0.002977872896 39.72945038
0.03185575434 0.2964286423 -75.02763668
0.02745921443 0.006097790938 6.750327255
-0.06441059706 0.0006004201052 105.2115012
-0.1226887426 0.01626386396 164.2650212
-0.03414525225 0.2859515421 -1.046974198
0.009840562621 0.3556207387 -68.23516535
0.1785444705 0.1195204647 -200.463205
0.09761577273 -0.02215970643 -70.8439551
-0.08079885313 0.001695358466 145.7323328
-0.02453147156 -0.001885126513 71.94475097
-0.01810353297 -0.02705739738 70.51462349
-0.02869974444 0.1638528801 -7.360096845
-0.04525959064 0.2046904402 -17.92035313
-0.05122745061 0.2847078397 -39.0900353
-0.03435737394 0.3018260006 -44.75870473
-0.04433862859 0.4202527041 -75.09875281
-0.02410665478 0.3369395359 -53.91598928
-0.01366097635 0.4530025454 -87.00400899
-0.02069596203 0.3093197996 -47.2926045
-0.01930220588 0.2375992078 -28.05329358
-0.02288723704 0.2161294768 -21.43684512
-0.02850626181 0.2227825029 -22.11665535
-0.02903368776 0.2382570379 -26.49418239
-0.01451011929 0.2620164352 -36.7585585
-0.003394595453 0.2769550067 -44.07828061
0.007982253022 0.2670476052 -44.535347
0.05876959032 -0.07423570163 35.18712003
0.02708684055 -0.05566888356 41.19424997
0.006860174291 -0.08514414055 55.94853032
0.05311488748 -0.07639536507 35.31968565
-0.03904094003 0.01657982861 48.48346959
-0.09309468836 0.05687842991 61.00523313
-0.0339893273 0.2111103526 -9.616836878
-0.03155666574 0.274768961 -28.42323173
-0.007857270367 0.300906347 -46.44782661
0.00310874165 0.3306037081 -61.08972322
0.003508559921 0.3223722827 -59.08985594
0.0006287280072 0.3240153211 -57.90754435
-0.00665241591 0.3183221968 -52.1407655
-0.007839968463 0.3204196136 -52.01321432
-0.007988128544 0.3208323587 -52.13935745
0.003477200346 0.319429266 -59.09028441
0.003804432095 0.3127922306 -57.70079237
0.01001663056 0.30485973 -59.9977663
0.05224916553 0.2650699828 -79.41920258
0 0 -1
0.1063565396 0.02636175988 -55.94123741
0.2575652791 -0.0221899439 -160.9087074
0.2167801191 -0.01569734263 -129.9757504
0.2211153196 -0.01378565506 -133.3519156
0.1503574179 0.0138566382 -80.94906701
0.06927229603 0.01203374803 -10.56852052
0.02287125448 0.02183571044 27.6394196
0.003841171659 0.0208732735 45.23574035
0.002077230405 0.01942036365 47.2380907
-0.02343117506 0.01348145971 73.12786387
0.002633877757 -0.005508563481 52.06707139
0.01613055792 -0.00790241578 39.36669534
0.0346054597 0.2735409018 -71.96882061
0.01480780743 0.2877879169 -55.39043348
0.004611033743 0.182189517 -15.18249217
-0.005824197248 0.2786870433 -30.0833313
-0.0001532022791 0.3115207262 -45.0963124
-0.009309132964 0.3288885844 -39.68233715
0.03660666473 0.2312556099 -65.43503697
0.05673027762 0.195744808 -79.28605182
0.04622154725 0.1475229711 -53.37544331
0.1768173035 0.06694027356 -108.4873977
0 0 -1
-0.01377613457 0.1821283577 -12.79625521
-0.01254713565 0.1799181957 -12.22161595
-0.00849178086 0.1671735918 -8.667127594
-0.01780149914 0.1767029066 -10.51925624
-0.009818352339 0.2018337102 -18.29727595
-0.01636456004 0.2142762622 -20.81993519
-0.03160241306 0.2013117291 -15.28837633
-0.03557952433 0.2107685195 -17.37870075
-0.02617677055 0.220141648 -22.14675326
-0.02505993431 0.2222970285 -22.98275543
-0.01848624149 0.2390226601 -29.35872611
-0.007782939426 0.2532748231 -36.02551351
-0.01269396365 0.2699375154 -39.33416339
0.001533242662 0.2692957276 -43.00870787
0.01496598569 0.2426052442 -39.5821594
0.003987103049 0.2462493952 -37.81229895
0.02108143282 0.241769647 -42.48578563
0.03634869651 0.2400346769 -47.98821562
0.03695185658 0.2308352773 -45.30025968
-0.03199832627 0.08029398772 27.12089882
-0.03040386149 0.1802501973 -1.592245647
0 0 -1
-0.007669479359 0.2962086254 -46.25980415
-0.00385451176 0.3014955575 -49.23765928
0.005743633497 0.3293725051 -62.40187239
0.003843556232 0.3213698265 -58.88499818
-0.005069017711 0.3179496694 -52.84359787
-0.009084081545 0.3177216075 -50.55421144
-0.007875324817 0.3282049367 -54.21605309
-0.003651245933 0.3193625958 -54.14284383
-0.004437593228 0.3221591755 -54.49736839
-0.006915938959 0.322701352 -53.05641483
-0.007923463329 0.3170856056 -50.68177736
0.007798041323 0.3024389112 -57.66595196
0.01650578074 0.2891121381 -60.11184786
0.03507378724 0.2790331884 -71.20671282
0.04166884627 0.2464641236 -66.67726134
0.1866594846 0.0192083635 -115.6862404
0.2628130597 -0.1091008649 -141.5789993
0.2804582037 -0.07640052962 -166.0050516
0.05487941429 0.009683154051 2.758645259
0.01939317503 -0.006058433593 38.54246349
0.01192893056 -0.01999619638 49.32671424
0.01941656672 -0.0002947747162 36.33187826
-0.02938985509 -0.007053484941 84.42841305
0.008499619357 -0.03392635432 54.39972134
-0.008343924953 -0.002044862884 62.52464083
-0.001078765446 0.3033458233 -42.9377836
0.0002005748118 0.3030625866 -44.42517775
0.0128707462 0.2916302256 -54.36700241
0.01079560742 0.2880859777 -50.8249667
0.004635982188 0.2817805929 -42.34619753
0.003607560092 0.2739965016 -39.23215471
0.02945178548 0.2156016263 -52.35538294
0.2251404111 0.05406355959 -161.3171158
0.1412370799 -0.004056771457 -44.25619255
0.1872986494 0.07069937203 -122.4103612
0.2007607745 0.06301765004 -136.0266424
-0.009248606622 0.206023766 -20.1328604
-0.01984114373 0.2022758025 -18.7755417
-0.005619947891 0.2117929627 -22.55959393
-0.002405333305 0.2138090456 -23.75030558
-0.006009771525 0.1948512193 -17.32959753
-0.007827254159 0.2065553843 -20.45646902
-0.01611781409 0.2136052262 -21.52822273
-0.03624406026 0.2465776446 -28.44637422
-0.02554459206 0.2368596903 -27.0324428
-0.03059589789 0.2357709452 -25.99863103
-0.0138085225 0.2328755875 -28.75269781
-0.005760111658 0.2493574173 -35.66674784
0.002163429638 0.2478573946 -37.32426199
0.004372530263 0.2563510193 -40.73146784
0.00780889628 0.2909727867 -52.70634284
0.005158925744 0.2938783826 -52.58910203
0.02486284068 0.3178472315 -66.90467106
0.02261023368 0.3042340932 -61.97739176
0.01285337989 0.2994680976 -56.71757755
-0.0002559915428 0.3075041694 -53.59571943
0.01531474877 0.3053861069 -59.66684779
0.01248001922 0.3006370748 -57.1044165
0.01419978048 0.3235322951 -64.97025947
0.01037945869 0.3190720485 -61.59414472
0.004811046103 0.3190910017 -58.77902998
0.001350456323 0.3172142005 -56.37490649
-0.001098449569 0.3145828967 -54.1934953
-0.001532777581 0.3251807097 -57.21410462
-0.0002864304848 0.3250836266 -57.924916
-0.003128515041 0.3186677727 -54.25364388
0.0006119569038 0.3267235902 -59.17876918
-0.004018807816 0.3241323973 -55.30399329
-0.009966857607 0.3202601633 -49.99150167
-0.007886262598 0.3236132293 -52.54251691
0.002371554918 0.3073692349 -54.9671333
0.02390364307 0.2921333816 -66.66909908
0.02891683074 0.2843398034 -68.08483271
0.04588138625 0.2609915671 -74.46472244
0.09932366253 0.220300546 -105.7640615
0.2820687469 -0.03815888222 -178.7318226
0.02673099876 -0.01578686897 34.38806775
0.01589198166 -0.02508312222 47.12863884
-0.002052377195 -0.05579299432 72.92612719
0.01893550637 0.2119552789 -34.60624964
0.03801127041 0.1623460345 -38.41562449
0.03302334258 -0.0370899914 31.35623638
0.02816046013 0.07427587669 1.240213018
-0.1160326421 0.1684837988 117.8803008
-0.0007433393001 0.2570809452 -29.0366718
0.0041503478 0.2795283705 -41.25803618
-0.1226630578 -0.01630824175 235.8254261
-0.1303991593 -0.0268064214 247.6525412
0.2416999753 0.2873133638 -254.5253286
0.2118358017 0.1213574897 -167.2373849
0.1829959637 0.02108379284 -102.0521725
0.1828296782 0.06335504794 -115.2524807
0.1687104887 0.05870794964 -95.54657269
0.1683599816 0.04770680391 -91.71018699
-0.006556756115 0.2188817557 -24.32615795
-0.007759794824 0.2258642066 -26.65974398
0.01142969275 0.2533299416 -36.52775905
-0.008060762775 0.2569894876 -36.65824448
-0.008026309605 0.2587236741 -37.00160179
0.009328945128 0.2444213377 -34.28516657
-0.01500535618 0.2319061418 -27.00955349
-0.01930552595 0.226638339 -24.90260652
-0.02099404932 0.2382561056 -28.51314919
-0.01847521221 0.266481396 -38.73338836
-0.006405651475 0.2844365973 -47.26688366
0.003632524496 0.2930495801 -52.427083
0.003290887487 0.3009658563 -54.83146582
0.01235653013 0.3165078915 -62.2679119
0.01654102611 0.3245073225 -66.04336469
0.01596260316 0.3200001846 -64.26978857
0.01996640214 0.3269754465 -67.96434286
0.01408084471 0.3229794174 -64.58155557
0.01426820201 0.3203755669 -63.69167201
-0.00173160046 0.3157907946 -55.42896411
0.01127111154 0.3142418073 -60.53767873
0.01310769057 0.3156785527 -61.94648854
0.009190367766 0.318805413 -61.10599173
0.009824448271 0.3139508265 -59.69807025
0.00532922406 0.3198369102 -59.36959117
0.002945924104 0.3166739067 -57.14164472
-0.000832845182 0.3119018506 -53.34533088
-0.002432053551 0.3191460286 -54.86209732
-0.005317009502 0.316566318 -52.11759155
-0.004289384639 0.3176021899 -53.11433797
-0.006299032307 0.3180329144 -51.8599157
-0.006443052387 0.3172327592 -51.56720019
-0.002092102495 0.3158211977 -54.10356388
-0.004180449188 0.3189356957 -53.58662655
-0.007687678945 0.3150960086 -49.85855612
0.008769884675 0.304659733 -58.87761274
0.01330292646 0.2940204788 -58.80943417
0.02670645207 0.2736971482 -62.77347704
0.04705616828 0.242484187 -69.35139904
0.03264880247 0.2619265845 -63.74884503
0.01611473243 0.2136127634 -32.38639651
0 0 -1
0 0 -1
0 0 -1
0 0 -1
0 0 -1
0 0 -1
0 0 -1
0.227061988 0.05496769631 -163.6970815
0.1043621601 -0.1627975207 38.83182439
-0.1607836884 -0.1046882817 307.3005784
-0.1541040951 -0.06919713156 287.841379
0.1954714854 0.08408696329 -136.6341573
0.05260364408 0.1362100621 21.22044461
0.05239076877 0.23642748 -12.91555959
0.1712067658 0.07933885167 -104.7809702
0.1306448696 0.04618308511 -45.55745073
0.01092763491 0.2261605141 37.52886033
0.009934658149 0.2277906684 -27.54909409
0.01350588051 0.2417741597 -32.61913934
0.01182050957 0.2504174351 -35.45227385
-0.00200006293 0.2673936178 -40.1087581
-0.0172084107 0.2522862128 -33.72712498
-0.0158840561 0.2391471657 -29.36206189
-0.01905402003 0.2088975225 -18.29648298
-0.02110264047 0.234578166 -27.15300472
-0.01406166014 0.2566813739 -36.26865099
0.01474692327 0.2982768267 -56.54150424
0.02121204173 0.3245319221 -67.10762521
0.02056949267 0.3319274051 -69.70576361
0.01772521629 0.3272776836 -67.14505146
0.008631462915 0.3289813744 -65.26964995
0.01913092749 0.3210419573 -65.42249975
0.01828972084 0.3262802964 -67.00968742
0.007450674109 0.3138590247 -58.86506514
0.01040646173 0.3183386084 -61.4768026
0.00655830617 0.3159531429 -59.06541252
0.01249111303 0.3143199193 -60.94001762
0.008874855592 0.3074774415 -56.99298067
0.01096550562 0.3147790442 -60.51152162
0.005339743785 0.3201044438 -59.64109188
0.008764079244 0.3159773526 -59.92211379
0.007328366804 0.3076575446 -56.28173266
0.002369111095 0.3104333434 -54.62273223
-0.00304326897 0.3107454461 -51.70988413
-0.006260362317 0.3113288413 -49.88640714
-0.003115124334 0.3051268198 -49.56075765
0.0004578037654 0.3151571214 -55.28615774
-0.001094615278 0.3108180078 -52.83207779
-0.001349153493 0.3210364394 -56.2492715
-0.0100039438 0.3205987477 -50.1604003
-0.004618865873 0.3191795002 -53.41088896
-0.0111514831 0.3148866517 -47.04794894
-0.005222426792 0.3141792962 -51.30066433
-0.001114134066 0.2925458263 -46.79797324
0.01115082683 0.2893235241 -55.29174363
0.02207147547 0.2774508735 -60.04427552
0.02243588009 0.2769243583 -60.1239681
0.0262281502 0.2730937916 -62.13426417
0.0341518662 0.2781616752 -70.80999323
0.02386003613 0.2750456667 -60.42183626
0.01630115212 0.2828761657 -56.09050289
0.00814127375 0.28812166 -49.98147432
0.004495504057 0.298991958 -50.37110267
0.01757764377 0.3086223906 -66.57542463
0.2395207322 0.07308367516 -182.8520266
0 0 -1
0.2196456564 0.124080241 -180.2849088
0.2254324543 0.1403928619 -191.2901408
-0.138820312 -0.08628487114 276.4523924
0.242810384 0.06362533013 -183.6246521
-0.02576980114 0.05796373422 138.8309572
0.0337630635 0.04791140068 71.3197247
0.1157904564 0.09485357056 -43.6343537
0.0939673568 0.09278777983 -16.90381643
0.09058233955 0.209787178 -54.23037265
0.01642273232 0.2344388568 -29.97118855
0.01538400612 0.2445814325 -33.66417886
0.00692904229 0.2380399769 -30.80512781
-0.006286942906 0.2318456078 -27.54528045
-0.01516823956 0.2390429746 -29.22127114
-0.02913059779 0.2095429719 -17.22929014
-0.02033602936 0.2059927941 -17.1656868
-0.001970586451 0.220487874 -25.04506799
0.01514673255 0.2877603024 -52.73044684
0.02088016521 0.3065382315 -60.63641398
0.02233791625 0.301472261 -59.0860201
0.0192270495 0.3110060805 -61.88234953
0.01726703393 0.2953529107 -55.59232704
0.02232199725 0.3180995399 -65.28057154
0.01454433584 0.3095698326 -59.88172967
0.0133377962 0.3070474356 -58.53585058
0.01371829854 0.300932289 -56.45647374
0.01328794333 0.2985305479 -55.47696387
0.0145225331 0.3013664765 -57.07958846
0.01566510756 0.3127305288 -61.63738447
0.008405946651 0.31071888 -57.81238076
0.004962729663 0.3040894776 -53.94687536
0.002596374799 0.2828287696 -44.97538064
0.007687843226 0.2829668809 -47.55186381
-0.0002536816002 0.2887521736 -45.48326445
0.0005300236527 0.2878819931 -45.51959935
0.00359107545 0.2957502467 -50.0859971
-0.003193394009 0.2965233091 -46.47228009
-0.002729923051 0.2994135587 -47.5987163
-0.01418136318 0.2964727332 -39.26883509
-0.005854000271 0.2889490856 -41.8640837
0.0006014158307 0.2964967815 -48.83009785
-0.005906323938 0.3002375607 -45.73815933
-0.006550249545 0.3022305678 -45.97778329
-0.003802523213 0.3014961601 -47.72554892
-0.007841611407 0.2931625437 -41.74247629
-0.002327370537 0.2952286714 -46.82392157
0.002796068095 0.2805026629 -45.51786382
0.01633024842 0.272926199 -53.57235416
0.02251578744 0.2684038884 -57.12553406
0.02798975546 0.2757727817 -64.51104848
0.03036851615 0.2705717983 -64.79982189
0.02895836441 0.2718791541 -63.94052806
0.02602352091 0.2732538911 -61.76984645
0.01605809083 0.2911571128 -58.75474415
0.01390034098 0.2941354464 -57.6555541
0.01597612234 0.3077883968 -64.63964432
0.01656460861 0.3091392189 -65.73453778
0.2467008801 0.07757034833 -191.9071994
0.2549514284 0.123729633 -217.2417803
0.2022078554 0.1224241425 -160.0125806
0.1959320076 0.1158416593 -151.0598697
0.2452255346 0.03450873728 -176.083319
0.2653177733 0.04382031289 -202.1963415
0.177436509 0.07932622035 -111.805603
0.1365040624 0.1137328297 -75.4814436
0.1060659451 0.1149154996 -39.40774384
0.1202101808 0.1561013956 -71.67761531
