0 1 3
1 2 2
2 3 3
3 4 3
4 5 3
5 6 3
6 7 3
7 8 3
8 9 3
9 10 3
10 11 3
11 13 3
13 14 3
14 15 3
15 16 0
16 19 3
19 140 3
25 140 3
25 83 3
29 83 3
29 30 3
30 89 1
33 89 2
33 34 3
34 35 3
35 36 3
36 37 3
37 38 3
38 39 3
39 40 1
40 41 3
41 42 2
42 43 2
43 44 3
44 45 3
45 46 3
46 47 3
47 48 3
48 49 3
49 50 3
50 51 3
51 52 3
52 53 3
53 54 0
54 55 3
55 56 3
56 57 3
17 19 3
17 140 3
11 70 3
11 71 3
70 71 3
13 71 3
29 86 3
19 193 3
89 90 3
33 90 3
44 103 3
45 103 3
17 193 3
41 99 0
42 99 0
16 133 3
19 133 3
4 61 3
4 62 3
14 71 3
33 91 3
34 91 3
40 98 0
43 101 3
57 115 3
3 61 3
39 98 3
44 101 2
47 106 3
50 109 3
51 109 3
52 110 3
1 59 3
2 59 2
3 60 3
61 62 3
30 145 3
35 93 3
40 99 0
44 102 3
46 103 2
48 106 3
55 112 3
2 60 3
60 61 3
14 72 3
139 140 3
25 139 3
34 93 3
53 110 3
53 111 0
54 112 3
5 65 2
6 65 3
7 65 3
8 67 3
9 67 3
15 72 3
17 79 3
79 140 3
36 94 3
98 99 3
42 100 0
42 101 2
48 107 3
49 107 3
50 108 3
52 109 3
54 111 3
0 58 3
4 63 3
5 63 3
8 66 3
15 73 3
16 74 3
83 142 3
91 92 3
34 92 3
37 94 3
38 96 3
39 97 3
99 100 3
46 104 3
47 105 3
106 107 3
108 109 3
55 113 3
56 114 3
56 115 3
66 67 3
16 73 1
74 133 3
83 144 3
90 91 3
93 94 3
37 96 3
96 97 3
97 98 3
100 101 3
47 104 3
105 106 3
50 107 3
112 113 3
113 114 3
114 115 3
62 63 3
63 65 3
8 65 3
29 144 3
86 144 3
37 95 3
101 102 3
110 111 0
1 58 3
65 66 3
10 67 3
71 72 3
94 95 3
103 104 2
107 108 3
111 112 3
72 73 3
142 144 3
92 93 3
109 110 3
11 68 3
79 139 3
95 96 3
10 68 3
68 70 3
19 134 3
110 168 0
63 122 3
133 134 3
134 193 3
86 145 3
111 168 3
58 59 3
10 125 3
65 122 3
67 125 3
73 74 0
104 105 3
25 141 3
83 141 3
145 146 3
68 125 3
139 141 3
29 145 3
103 161 3
59 60 0
102 103 3
60 118 3
89 145 2
59 118 0
109 167 3
61 119 3
141 142 3
95 154 3
110 167 3
61 118 0
62 119 3
68 127 3
96 154 3
99 157 3
101 160 3
102 160 3
113 171 3
79 195 3
98 157 3
104 161 0
114 171 3
62 120 3
63 120 3
66 124 3
70 127 3
70 128 3
90 148 3
100 157 3
108 167 3
65 124 3
68 126 3
71 128 3
72 131 3
17 195 3
142 143 3
89 148 3
97 155 3
98 156 3
108 166 3
112 171 3
125 126 3
126 127 3
72 130 3
130 131 3
73 131 3
74 132 3
139 196 3
143 144 3
93 151 3
94 151 3
96 155 3
97 156 3
101 159 3
104 162 3
105 163 3
106 164 3
107 164 3
166 167 3
114 172 1
118 119 1
66 125 3
71 129 3
73 132 0
79 196 3
92 150 3
100 158 3
159 160 3
103 160 2
104 163 3
105 164 3
107 166 3
111 169 3
112 170 3
115 172 1
58 116 3
59 175 0
119 120 3
128 129 3
129 130 3
91 148 3
91 150 3
150 151 3
94 153 3
95 153 3
157 158 3
168 169 3
169 170 3
118 175 3
124 125 3
144 145 3
89 146 3
94 210 3
154 155 3
155 156 3
156 157 3
100 159 3
161 162 1
170 171 3
127 128 3
153 154 3
162 163 3
163 164 3
59 116 3
146 204 3
153 210 3
131 132 0
158 159 3
160 161 3
167 168 0
193 194 3
17 194 3
139 257 3
89 204 0
151 210 3
164 166 3
132 133 3
141 257 3
171 172 1
139 197 3
89 205 3
116 175 3
120 179 3
63 179 3
132 191 3
133 191 3
134 194 3
197 257 3
204 205 3
148 205 3
148 150 2
122 179 3
194 195 3
124 182 3
125 182 3
148 207 3
150 207 3
172 231 3
150 208 3
122 124 3
134 192 3
196 197 3
143 203 3
144 203 3
207 208 3
116 174 3
133 192 3
192 194 3
158 216 3
160 219 3
170 228 3
118 177 2
119 177 3
124 181 3
195 196 3
157 216 3
161 219 3
169 228 3
172 230 3
120 235 3
126 184 3
127 184 3
151 208 3
153 211 3
154 211 3
159 217 3
159 218 3
160 218 3
167 225 0
168 225 0
230 231 3
118 176 3
119 235 3
131 190 0
132 190 3
191 192 3
154 213 3
155 213 3
156 213 3
217 218 3
164 223 0
166 223 0
176 177 3
179 235 3
122 181 3
125 184 3
127 185 3
128 186 3
129 187 3
130 188 3
141 201 3
142 201 3
151 209 3
159 216 3
218 219 3
161 277 0
162 277 0
162 220 3
163 220 3
163 221 0
164 221 0
166 224 0
167 224 0
171 229 1
177 235 3
181 182 3
184 185 3
185 186 3
186 187 3
187 188 3
143 201 3
146 203 3
156 274 3
157 274 3
216 217 3
220 278 0
221 223 3
223 224 3
224 225 3
228 229 1
172 229 3
145 203 3
209 210 3
220 221 0
168 284 2
229 230 3
208 209 3
210 211 3
214 274 3
220 277 0
168 283 0
174 175 3
175 176 3
179 181 3
125 183 3
225 283 3
283 284 3
174 233 3
175 233 3
182 183 3
131 188 3
205 207 3
190 191 3
216 274 3
181 238 3
183 184 3
201 203 3
211 213 3
213 274 3
169 284 2
179 238 3
213 214 3
228 284 2
230 288 3
207 264 3
211 270 3
213 270 3
221 278 3
229 288 3
205 264 3
219 277 0
284 285 3
190 247 3
210 268 3
228 285 2
181 239 3
238 239 3
188 190 0
209 268 3
277 335 3
221 280 3
223 280 3
179 237 3
194 253 3
213 272 2
214 272 2
183 241 3
188 246 3
190 246 1
195 253 3
213 271 3
179 236 3
184 241 3
192 250 3
207 265 0
211 268 3
271 272 0
235 236 3
194 250 3
194 252 3
252 253 3
195 254 3
196 254 3
141 258 3
201 258 3
264 265 0
236 237 3
182 239 3
246 247 0
203 204 3
217 274 3
217 275 3
218 275 3
176 233 3
237 238 3
184 243 3
185 243 3
196 255 3
201 259 3
205 321 3
223 340 3
224 340 3
182 241 3
186 243 3
191 250 3
253 254 3
197 255 3
257 258 3
203 259 3
204 262 3
174 232 3
176 234 3
182 240 3
184 242 3
186 245 3
187 245 3
190 248 3
250 251 3
194 251 3
220 335 0
221 279 3
285 286 3
228 286 3
229 287 0
287 288 1
232 233 3
233 234 3
242 243 3
245 246 3
247 248 3
191 248 3
264 321 3
278 279 3
279 280 3
286 287 3
240 241 3
241 242 3
251 252 3
262 320 3
209 267 0
268 269 0
211 269 0
272 274 2
274 275 3
278 335 3
239 240 3
254 255 3
208 267 0
267 268 1
208 265 0
269 270 1
270 271 3
218 277 3
176 235 3
205 262 3
265 267 3
250 308 3
321 322 3
243 245 3
191 307 3
255 257 3
203 262 3
264 322 3
230 289 3
234 235 3
307 308 3
224 283 3
288 289 3
235 293 3
262 321 3
272 331 2
274 331 0
234 293 3
248 307 3
272 330 2
245 302 0
255 314 3
257 314 3
259 319 3
275 277 2
277 334 0
289 347 3
240 298 3
258 316 3
203 319 3
320 321 3
275 334 0
258 259 3
239 298 3
243 302 3
253 312 3
254 312 3
259 318 3
274 332 0
223 339 3
339 340 3
238 296 3
302 360 0
245 360 0
262 319 3
331 332 3
237 295 3
251 308 3
257 315 3
258 315 3
318 319 3
267 325 1
283 340 3
286 402 3
287 402 3
287 346 3
233 291 3
236 295 3
237 296 3
241 299 3
243 301 3
245 303 0
315 316 3
267 324 3
278 337 3
232 290 3
233 290 3
234 291 3
236 293 3
240 299 3
242 301 3
301 302 3
247 305 3
265 324 3
270 386 2
275 332 0
275 333 0
279 337 3
286 344 3
242 300 3
246 304 0
248 305 3
251 309 3
252 310 3
253 311 3
255 313 3
259 317 3
324 325 3
270 328 3
271 330 0
278 336 3
280 339 3
284 342 3
285 342 2
285 344 3
290 291 3
295 296 3
299 300 3
303 304 3
248 306 3
309 310 3
310 311 3
311 312 3
254 313 3
269 328 1
329 330 3
332 333 3
333 334 3
335 336 3
336 394 1
283 342 3
288 346 0
293 351 3
300 301 3
246 305 0
306 307 3
308 309 3
317 318 3
271 329 0
289 346 0
234 292 3
292 293 3
239 296 3
312 313 3
313 314 3
258 317 3
265 322 3
268 325 3
328 386 3
270 329 0
336 337 3
280 337 3
340 342 3
346 404 1
296 355 3
304 305 3
305 306 3
314 315 3
316 317 3
346 402 3
289 404 3
236 351 1
319 320 3
322 324 2
291 292 3
325 326 3
268 326 3
269 385 1
342 344 3
269 326 1
340 398 3
239 355 3
330 331 3
337 396 3
280 396 3
339 398 3
344 402 3
298 355 3
326 385 3
337 453 3
341 342 3
298 299 3
334 335 3
336 453 3
342 400 1
342 401 1
400 401 3
344 401 1
322 380 3
325 384 3
340 341 3
402 403 3
321 379 3
329 386 1
314 372 3
320 378 3
322 379 3
295 351 1
315 372 3
394 453 0
395 453 3
341 398 3
295 352 3
295 353 3
296 353 3
298 356 3
331 447 3
333 391 3
334 391 3
337 395 3
299 356 3
299 358 3
300 358 3
331 390 3
332 390 3
339 396 3
402 404 1
291 350 3
292 350 3
351 352 0
330 447 3
395 396 3
403 404 1
301 358 3
319 378 3
379 380 3
322 381 2
324 381 3
324 384 3
399 400 2
308 366 3
312 370 3
313 371 3
313 372 3
321 378 3
380 381 3
329 387 3
333 390 3
290 348 3
299 357 3
304 362 3
305 363 3
306 365 3
307 365 3
307 366 3
308 367 3
309 367 3
310 368 3
311 369 3
311 370 3
315 373 3
316 373 3
316 374 3
317 375 3
318 376 3
319 377 3
269 386 2
386 387 0
330 388 3
339 397 3
347 404 3
347 405 3
291 348 3
291 349 3
293 350 3
356 357 3
357 358 3
303 362 3
362 363 3
306 363 3
365 366 3
366 367 3
367 368 3
310 369 3
370 371 3
372 373 3
374 375 3
375 376 3
376 377 3
378 379 3
387 388 3
390 447 3
398 399 2
401 402 0
348 349 3
301 359 3
360 476 3
373 374 3
377 378 3
386 444 3
396 397 3
397 398 3
341 399 1
404 405 3
349 350 3
355 356 3
358 359 3
302 359 3
303 361 3
368 369 3
369 370 3
371 372 3
387 444 1
388 447 3
359 360 0
245 361 0
390 391 3
335 391 3
351 410 3
353 355 3
361 362 3
342 399 1
350 351 3
352 410 1
363 365 3
326 384 3
352 353 3
324 440 3
391 450 3
353 412 3
381 440 3
355 412 3
386 501 0
335 450 3
351 408 3
336 450 3
403 461 3
381 439 3
404 461 0
439 440 3
385 386 0
365 422 3
384 440 3
350 408 3
384 385 3
450 451 3
336 451 3
396 453 3
374 432 3
359 417 0
363 422 3
373 432 3
390 448 3
360 417 3
475 476 3
360 419 1
245 419 2
378 437 3
379 437 3
444 501 0
391 448 3
400 458 3
419 476 0
391 449 3
394 451 0
399 458 2
401 459 3
402 459 1
349 408 3
362 421 3
363 421 3
368 426 3
369 426 3
371 430 3
372 430 3
375 434 3
376 434 3
380 437 3
448 449 3
400 459 3
404 463 3
351 409 3
409 410 3
353 411 3
356 414 3
357 415 3
365 423 3
366 423 3
369 427 3
370 427 3
370 428 3
373 431 3
387 445 3
405 463 3
348 406 3
349 407 3
408 409 3
352 411 3
355 414 3
357 414 3
358 415 3
370 429 3
371 429 3
372 431 3
377 435 3
380 438 3
387 446 3
388 446 3
449 450 3
398 456 3
458 459 3
349 406 3
407 408 3
362 419 2
366 424 3
367 424 3
367 425 3
427 428 3
431 432 3
375 432 3
434 435 3
378 435 3
378 436 3
437 438 3
438 439 3
447 448 3
397 456 3
403 459 1
411 412 3
414 415 3
358 416 3
361 419 3
419 477 3
424 425 3
368 425 3
426 427 3
429 430 3
435 436 3
444 445 0
445 446 3
446 447 3
415 416 3
362 477 0
430 431 3
396 455 3
397 455 3
399 456 2
359 416 3
417 476 3
421 422 3
425 426 3
428 429 3
375 433 3
384 441 3
459 461 0
422 423 3
432 433 3
436 437 3
384 442 3
453 455 3
406 407 3
352 469 3
411 469 3
433 434 3
399 514 0
417 475 3
362 479 3
456 514 3
458 514 0
477 479 3
421 479 3
423 424 3
441 442 3
385 442 3
444 502 3
445 502 1
355 471 3
385 501 0
394 509 3
404 578 3
463 578 3
412 471 3
414 471 3
429 487 3
384 499 3
453 509 1
461 578 1
463 521 0
412 470 3
428 487 3
441 499 3
455 456 3
461 518 1
410 469 0
470 471 3
384 498 2
442 501 3
451 509 1
509 511 0
453 511 3
458 516 3
459 518 3
410 468 3
498 499 3
450 508 3
514 516 1
461 519 1
409 468 3
468 469 0
440 498 3
449 508 3
519 578 1
416 417 0
509 626 3
511 626 1
411 470 3
422 479 3
430 487 3
435 493 3
436 493 3
447 506 3
448 506 3
406 464 3
407 464 3
427 486 3
428 486 3
430 488 3
432 490 2
455 512 3
426 484 3
487 488 3
431 488 3
431 490 3
447 505 3
453 512 3
459 517 3
407 465 3
408 466 3
408 467 3
409 467 3
415 473 3
416 473 3
427 485 3
436 494 3
437 495 2
438 495 2
505 506 3
408 465 3
469 470 3
414 472 3
416 474 3
485 486 3
434 492 3
435 492 3
511 512 3
455 513 3
456 513 3
458 517 3
465 466 3
466 467 3
471 472 3
417 474 1
493 494 3
437 494 3
501 502 1
449 506 3
517 518 3
464 465 3
472 473 3
426 485 3
486 487 3
433 490 3
439 495 2
441 500 3
514 573 3
516 573 3
516 517 3
467 468 3
423 481 2
424 483 3
425 484 3
433 492 3
492 493 3
446 504 3
512 513 3
513 514 3
473 474 3
479 536 3
422 481 3
424 481 3
494 495 3
442 500 3
445 504 3
447 504 3
451 508 3
477 536 3
504 505 3
474 475 3
484 485 3
439 497 1
495 497 1
499 500 3
508 509 1
440 497 1
501 559 3
506 508 3
521 578 1
502 559 2
500 501 3
506 565 2
508 565 2
469 527 1
445 561 2
468 527 3
470 528 1
471 529 1
422 538 2
431 547 2
490 547 3
433 549 2
502 561 3
470 527 1
528 529 3
472 530 1
481 538 3
481 483 3
492 549 2
497 498 0
461 577 1
529 530 3
422 537 3
537 538 3
518 577 3
473 530 1
473 531 1
479 537 3
425 483 3
476 477 3
490 549 3
492 550 2
495 553 3
500 558 3
505 564 2
506 564 2
513 571 3
514 571 3
518 575 3
530 531 3
477 535 3
483 484 3
549 550 3
497 553 3
514 572 3
516 574 3
517 575 3
466 524 2
467 524 2
527 528 3
536 537 3
488 547 3
494 552 3
494 553 2
499 558 2
564 565 3
512 571 2
572 573 3
517 574 3
535 536 3
485 543 2
493 552 3
552 553 3
504 561 3
505 563 2
509 567 3
571 572 3
467 525 3
474 531 1
481 540 3
483 540 3
486 543 2
486 544 2
493 550 3
498 556 3
504 563 2
563 564 3
508 566 2
567 626 3
511 570 2
512 570 2
483 541 3
484 543 2
487 544 2
488 546 3
490 548 3
499 556 2
509 566 0
511 569 2
570 571 3
464 522 2
464 523 2
465 523 2
474 532 3
476 535 3
484 541 3
487 545 3
546 547 3
547 548 3
497 556 2
569 570 3
522 523 3
524 525 3
468 525 3
468 526 3
531 532 0
475 532 3
543 544 3
488 545 3
548 549 3
566 567 1
569 626 1
526 527 3
475 534 3
475 535 3
545 546 3
556 558 3
565 566 3
519 577 3
525 526 3
540 541 3
484 542 2
544 545 3
550 552 3
501 558 3
561 563 3
573 574 3
574 575 3
465 524 2
534 535 3
541 542 3
523 524 3
538 539 3
481 539 3
558 559 3
559 560 3
502 560 2
542 543 3
539 540 3
553 612 3
578 637 3
497 612 2
560 561 3
575 576 3
518 576 3
521 637 1
552 609 3
532 534 3
550 609 3
576 577 3
556 615 3
558 615 3
497 613 2
612 613 3
497 614 2
613 614 3
561 619 3
561 620 3
563 620 3
564 621 3
566 624 3
571 629 3
572 630 3
556 614 3
619 620 3
563 621 3
570 629 3
571 630 3
528 587 3
529 587 3
535 593 3
542 600 3
543 600 3
545 602 3
552 610 3
558 616 3
629 630 3
573 630 2
532 590 3
536 593 3
536 595 2
537 595 2
544 600 3
544 602 3
615 616 3
559 618 3
560 618 3
573 631 2
577 635 2
519 635 2
578 635 0
524 582 3
534 590 3
609 610 3
620 621 3
630 631 3
573 632 2
574 632 2
525 582 3
525 583 3
534 592 3
535 592 3
536 594 3
539 597 3
547 605 3
548 606 3
549 606 3
614 615 3
559 616 3
560 619 3
569 627 3
582 583 3
529 588 3
530 588 3
590 591 3
534 591 3
593 594 3
594 595 3
538 597 3
541 599 3
541 600 3
545 604 3
546 604 3
546 605 3
548 605 3
553 611 3
564 622 3
564 623 3
565 623 3
626 627 0
570 628 3
631 632 3
575 632 2
522 580 3
523 580 3
526 584 3
527 585 3
528 586 3
538 596 2
540 597 3
599 600 3
549 607 3
550 608 3
552 611 3
622 623 3
569 628 3
628 629 3
575 633 2
576 633 2
576 635 2
524 580 3
526 583 3
584 585 3
585 586 3
587 588 3
531 588 3
595 596 3
605 606 3
607 608 3
608 609 3
611 612 3
559 617 3
618 619 3
621 622 3
566 623 3
567 625 3
632 633 3
586 587 3
591 592 3
592 593 3
596 597 3
602 604 3
604 605 3
616 617 3
623 624 3
576 634 2
600 602 3
606 607 3
610 611 3
625 626 3
633 634 3
634 635 3
580 582 3
531 590 2
567 624 0
627 628 3
578 694 3
637 694 3
583 584 3
600 601 3
617 618 3
601 602 3
624 625 3
635 694 1
540 599 3
597 598 3
540 598 3
597 655 3
598 599 3
596 655 3
598 655 3
606 664 3
588 647 3
531 647 2
607 664 3
587 646 3
604 661 3
599 657 3
600 657 3
602 661 3
618 677 3
619 677 3
582 639 2
588 646 3
590 647 3
593 651 3
614 672 3
617 676 3
618 676 3
580 639 2
598 657 3
604 662 3
610 669 3
611 669 3
613 672 3
582 641 2
583 641 3
647 648 3
590 648 3
601 659 3
602 660 3
661 662 3
604 663 3
605 663 3
609 669 3
612 670 3
615 672 3
616 674 3
629 631 3
582 640 2
584 641 3
586 644 3
591 648 3
613 670 3
613 671 3
615 674 3
676 677 3
619 678 3
620 678 3
622 681 3
623 681 3
627 685 1
631 689 1
632 689 1
580 638 2
640 641 3
584 642 3
585 642 3
585 644 3
587 645 3
591 649 3
596 653 3
657 658 3
600 658 3
601 658 3
608 666 3
609 666 3
612 669 3
671 672 3
615 673 3
617 675 3
621 678 3
624 681 3
624 682 3
626 684 2
628 685 1
632 690 1
634 692 1
635 692 1
635 693 1
637 695 3
639 640 3
641 642 3
585 643 3
644 645 3
645 646 3
648 649 3
594 651 3
595 653 3
598 656 3
656 657 3
658 659 3
659 660 3
662 663 3
605 664 3
607 665 3
607 666 3
609 668 3
668 669 3
672 673 3
673 674 3
674 675 3
675 676 3
677 678 3
622 680 3
626 685 1
628 686 1
689 690 3
633 690 1
633 692 1
693 694 1
638 639 3
643 644 3
592 649 3
592 650 2
592 651 3
595 651 3
653 655 3
655 656 3
670 671 3
621 680 3
631 746 1
633 749 1
694 695 3
664 665 3
665 666 3
680 681 3
681 682 3
625 682 3
625 684 3
684 685 3
685 686 3
692 749 3
692 693 3
649 650 3
650 651 3
651 653 3
660 661 3
663 664 3
621 737 3
629 686 1
690 749 3
678 737 3
642 643 3
646 647 3
682 684 3
687 746 3
631 747 1
680 737 3
629 687 1
631 687 1
746 747 3
689 747 3
666 668 3
669 670 3
686 687 3
651 709 3
666 725 3
668 725 3
653 709 3
682 741 3
650 709 3
653 712 3
655 712 3
674 732 3
684 741 3
685 743 3
643 702 2
644 702 2
661 719 3
673 732 3
686 743 3
659 717 3
662 719 3
658 716 3
660 717 3
660 718 3
671 729 3
695 753 3
653 710 3
655 713 3
657 716 3
658 717 3
661 718 3
670 729 3
712 713 3
638 696 2
639 696 2
649 706 3
650 706 3
709 710 3
669 728 3
670 728 3
671 730 3
672 730 3
672 731 3
673 731 3
676 734 3
681 740 3
682 740 3
693 751 3
694 751 0
640 698 2
643 700 3
653 711 3
716 717 3
666 724 3
674 734 3
675 734 3
684 742 3
685 742 3
639 698 2
641 700 2
642 700 2
646 704 2
710 711 3
711 712 3
657 715 3
717 718 3
663 721 3
665 724 3
668 726 3
669 727 3
728 729 3
730 731 3
731 732 3
677 735 3
678 736 3
680 738 3
681 739 3
686 744 3
690 748 3
749 750 3
692 750 3
694 753 3
639 697 2
698 700 3
645 704 2
655 714 3
656 714 3
657 714 3
715 716 3
664 721 3
726 727 3
734 735 3
735 736 3
736 737 3
737 738 3
738 739 3
742 743 3
743 744 3
690 747 3
748 749 3
693 750 3
696 697 3
697 698 3
645 702 2
647 705 1
648 705 1
648 706 1
706 708 3
713 714 3
718 719 3
664 722 3
724 725 3
732 734 3
739 740 3
740 741 3
687 744 3
687 745 3
645 703 2
703 704 3
650 708 3
725 726 3
727 728 3
702 703 3
647 704 2
705 706 3
665 722 3
741 742 3
745 746 3
747 748 3
750 751 3
751 753 1
704 705 3
714 715 3
662 778 3
663 778 3
721 722 3
729 730 3
719 778 3
744 745 3
721 778 3
700 702 3
708 709 3
753 810 3
751 810 1
734 791 3
732 791 3
665 781 3
724 781 3
701 702 3
722 781 3
702 761 3
703 761 3
716 774 3
740 799 3
741 799 3
702 757 3
709 767 3
717 774 3
698 757 3
700 757 3
701 757 3
710 767 3
726 784 3
746 805 3
747 805 3
698 756 3
705 763 3
712 770 3
727 784 3
730 788 3
731 789 3
748 806 3
697 756 3
713 770 3
724 783 3
725 783 3
725 784 3
729 788 3
730 789 3
736 795 3
737 795 3
738 796 3
747 806 3
756 757 3
706 765 3
713 771 3
714 771 3
715 773 3
715 774 3
721 779 3
722 779 3
737 796 3
739 797 3
740 797 3
742 799 3
745 803 3
746 803 3
750 808 2
696 754 0
697 755 3
704 762 2
705 762 3
708 765 3
708 767 3
770 771 3
714 772 3
714 773 3
717 775 3
718 776 3
718 777 3
719 777 3
724 782 3
727 785 3
728 786 3
729 787 3
788 789 3
732 790 3
734 792 3
735 793 3
736 794 3
742 800 3
743 802 3
744 802 3
749 808 2
751 808 3
754 755 1
702 760 3
760 761 3
703 762 3
706 763 3
710 768 3
711 768 3
711 769 3
712 769 3
773 774 3
774 775 3
717 776 3
776 777 3
777 778 3
778 779 3
782 783 3
783 784 3
784 785 3
785 786 3
786 787 3
787 788 3
789 790 3
790 791 3
791 792 3
792 793 3
793 794 3
796 797 3
799 800 3
742 802 3
744 803 3
751 809 3
761 762 3
708 766 3
769 770 3
772 773 3
722 838 3
781 782 3
794 795 3
795 796 3
755 756 3
762 763 3
706 764 3
765 766 3
766 767 3
749 806 2
753 811 0
757 817 3
763 764 3
764 765 3
768 769 3
771 772 3
779 838 3
797 799 3
803 805 3
808 809 3
810 811 0
701 817 3
702 817 3
767 768 3
775 776 3
781 838 3
802 803 3
816 817 3
760 817 3
806 865 3
749 865 2
800 802 3
757 816 1
808 865 3
809 810 1
805 806 3
810 867 0
802 859 3
809 867 3
757 815 1
800 859 3
802 860 3
796 854 3
859 860 3
815 816 3
795 854 3
806 864 3
797 856 3
805 862 3
864 865 3
799 856 3
803 862 3
755 813 3
756 813 3
765 823 3
770 828 3
792 851 3
793 851 3
803 860 3
764 823 3
769 828 3
771 828 3
777 835 3
790 848 3
805 864 3
763 822 3
764 822 3
776 835 3
791 848 3
791 850 3
792 850 3
808 867 3
763 820 3
822 823 3
774 832 3
776 834 3
797 855 3
799 857 3
803 861 3
757 814 3
814 815 3
762 820 3
763 821 3
767 826 3
768 826 3
773 832 3
775 834 3
789 847 3
794 851 3
796 855 3
855 856 3
856 857 3
800 857 3
860 861 3
754 812 1
821 822 3
766 823 3
767 825 3
768 827 3
769 827 3
773 831 3
775 832 3
778 836 3
779 837 3
781 839 3
782 840 3
783 841 3
784 842 3
785 843 3
786 844 3
787 845 3
788 845 3
788 846 3
790 847 3
794 852 3
800 858 3
805 863 3
865 867 3
812 813 0
756 814 1
820 821 3
825 826 3
827 828 3
772 830 3
772 831 3
831 832 3
835 836 3
836 837 3
838 839 3
839 840 3
782 841 3
784 841 3
842 843 3
843 844 3
844 845 3
846 847 3
850 851 3
851 852 3
795 852 3
854 855 3
862 863 3
863 864 3
865 866 3
813 814 1
760 762 3
826 827 3
771 887 3
772 887 3
830 831 3
840 841 3
795 853 3
857 858 3
858 859 3
866 867 3
766 824 3
834 835 3
845 846 3
791 907 3
850 907 3
852 853 3
861 862 3
824 825 3
828 887 3
837 838 3
841 842 3
847 848 3
853 854 3
811 869 2
810 869 2
760 820 3
823 824 3
830 887 3
832 834 3
848 907 3
867 869 3
817 876 3
760 876 3
862 920 3
863 920 3
820 876 3
815 873 3
816 873 3
834 891 3
814 873 3
832 891 3
848 906 3
866 924 3
847 906 3
861 920 3
864 923 3
865 923 3
865 924 3
814 872 3
821 879 3
824 882 3
854 912 3
867 926 3
872 873 3
820 879 3
822 879 3
825 882 3
827 886 3
828 886 3
853 912 3
869 926 3
813 872 1
816 876 3
823 881 3
824 881 3
834 892 3
835 892 3
835 893 3
836 893 3
843 901 3
852 910 3
864 922 3
867 925 3
822 881 3
825 884 3
826 884 3
886 887 3
837 895 3
842 901 3
844 902 3
845 902 3
846 904 3
851 910 3
855 914 3
856 914 3
860 918 3
861 918 3
863 922 3
925 926 3
812 870 3
813 871 1
816 874 3
820 877 3
881 882 3
825 883 3
827 884 3
891 892 3
836 894 3
838 895 3
838 896 3
839 897 3
840 898 3
841 899 3
842 900 3
845 904 3
847 905 3
850 908 3
851 909 3
853 911 3
855 913 3
857 914 3
857 915 3
857 916 3
858 916 3
859 917 3
866 925 3
870 871 3
873 874 3
874 876 3
820 878 3
831 889 3
892 893 3
893 894 3
894 895 3
895 896 3
839 896 3
897 898 3
898 899 3
899 900 3
900 901 3
901 902 3
904 905 3
905 906 3
907 908 3
908 909 3
910 911 3
911 912 3
912 913 3
859 916 3
917 918 3
861 919 3
922 923 3
871 872 3
883 884 3
830 889 3
832 889 3
845 903 3
906 907 3
909 910 3
916 917 3
918 919 3
919 920 3
863 921 3
878 879 3
882 883 3
902 903 3
903 904 3
913 914 3
920 921 3
921 922 3
869 927 3
877 878 3
830 888 3
896 897 3
914 915 3
915 916 3
923 924 3
924 925 3
875 876 3
876 877 3
887 888 3
888 889 3
884 886 3
874 875 3
926 927 3
879 937 3
822 937 3
832 948 3
891 948 3
822 938 3
886 944 3
889 948 3
937 938 3
881 938 3
906 965 3
907 965 3
874 932 3
884 943 3
886 943 3
921 979 3
878 937 3
881 939 3
943 944 3
887 945 3
888 945 3
891 949 3
892 949 3
922 979 3
923 981 3
924 981 3
902 960 3
903 960 3
938 939 3
909 967 3
918 976 3
926 984 3
872 930 3
873 930 3
873 931 3
874 931 3
876 934 3
887 944 3
910 967 3
912 970 3
917 976 3
921 978 3
924 1040 3
931 932 3
877 934 3
877 935 3
882 939 3
895 953 3
896 953 3
913 970 3
920 978 3
981 1040 3
925 983 3
870 928 3
871 929 3
871 930 3
878 935 3
882 940 3
883 941 3
884 942 3
944 945 3
888 946 3
889 946 3
889 947 3
892 950 3
893 951 3
894 952 3
894 953 3
896 954 3
897 955 3
898 956 3
899 957 3
900 958 3
901 959 3
903 961 3
904 962 3
905 963 3
905 964 3
906 964 3
908 966 3
910 968 3
911 969 3
911 970 3
913 971 3
914 972 3
915 973 3
916 974 3
917 975 3
919 977 3
922 980 3
922 981 3
983 1040 3
924 983 3
926 983 3
928 929 3
929 930 3
874 933 3
876 933 3
883 940 3
884 941 3
942 943 3
945 946 3
947 948 3
949 950 3
950 951 3
951 952 3
954 955 3
955 956 3
956 957 3
957 958 3
958 959 3
959 960 3
960 961 3
961 962 3
962 963 3
964 965 3
965 966 3
966 967 3
967 968 3
968 969 3
970 971 3
971 972 3
972 973 3
973 974 3
974 975 3
975 976 3
976 977 3
977 978 3
980 981 3
930 931 3
940 941 3
969 970 3
978 979 3
933 934 3
941 942 3
948 949 3
952 953 3
953 954 3
979 980 3
927 984 3
963 964 3
878 994 3
934 935 3
935 994 3
937 994 3
939 940 3
932 933 3
946 947 3
937 996 3
983 984 3
927 1043 3
984 1043 3
931 989 3
935 993 3
930 988 3
930 989 3
932 989 3
934 993 3
938 996 3
994 996 3
945 1003 3
946 1003 3
929 988 3
940 998 3
941 998 3
948 1006 3
983 1041 3
984 1042 3
995 996 3
949 1006 3
970 1028 3
974 1032 3
978 1037 3
979 1037 3
1040 1041 3
1042 1043 3
932 990 3
994 995 3
939 997 3
940 997 3
951 1009 3
953 1012 3
954 1012 3
960 1018 3
964 1023 3
965 1023 3
966 1025 3
967 1025 3
971 1028 3
973 1032 3
981 1039 3
929 987 3
989 990 3
934 992 3
939 996 3
943 1001 3
945 1002 3
950 1009 3
952 1011 3
953 1011 3
954 1013 3
955 1013 3
956 1013 3
957 1016 3
958 1016 3
961 1018 3
966 1024 3
971 1029 3
971 1030 3
972 1030 3
980 1039 3
984 1041 3
928 986 3
928 987 3
987 988 3
988 989 3
933 990 3
933 992 3
992 993 3
997 998 3
941 1000 3
942 1000 3
942 1001 3
944 1001 3
944 1002 3
947 1005 3
949 1007 3
950 1008 3
952 1010 3
1011 1012 3
956 1014 3
957 1015 3
959 1017 3
961 1019 3
962 1020 3
963 1021 3
964 1022 3
966 1023 3
968 1025 3
968 1026 3
969 1027 3
1028 1029 3
973 1030 3
973 1031 3
975 1033 3
976 1034 3
977 1035 3
978 1036 3
980 1037 3
986 987 3
993 994 3
1000 1001 3
946 1005 3
1006 1007 3
1007 1008 3
1008 1009 3
1009 1010 3
1014 1015 3
1015 1016 3
1016 1017 3
1017 1018 3
1018 1019 3
1019 1020 3
1020 1021 3
1021 1022 3
1022 1023 3
1025 1026 3
1026 1027 3
969 1028 3
1029 1030 3
1030 1031 3
1031 1032 3
975 1032 3
1033 1034 3
1034 1035 3
1035 1036 3
1036 1037 3
933 991 3
996 997 3
998 1000 3
1001 1002 3
1012 1013 3
1023 1024 3
1024 1025 3
1039 1040 3
990 991 3
991 992 3
1010 1011 3
1013 1014 3
1027 1028 3
1032 1033 3
1041 1042 3
1002 1003 3
948 1005 3
1005 1006 3
1037 1039 3
