0 1 3
1 2 3
2 3 3
3 4 3
4 5 3
5 6 3
6 7 3
7 8 3
8 9 3
9 10 3
10 11 3
11 13 3
13 14 3
14 16 3
16 17 3
17 18 3
18 19 3
19 78 3
20 78 3
20 21 3
21 22 3
22 23 3
23 24 3
24 25 3
25 26 3
26 27 3
27 28 3
28 29 3
29 30 3
30 31 3
31 33 0
33 34 3
34 35 3
35 36 3
36 37 3
37 38 3
38 39 3
39 40 3
40 41 3
41 42 3
42 43 3
43 44 3
44 45 3
45 46 3
46 47 1
47 48 3
48 49 3
49 50 0
50 51 0
51 52 3
52 53 1
53 54 3
54 55 1
55 56 3
56 57 3
11 12 3
12 13 3
14 73 3
16 73 3
16 74 3
49 107 0
17 74 3
47 105 3
48 105 3
13 72 3
14 72 3
33 91 3
35 93 3
10 68 3
34 93 3
50 107 1
50 108 0
54 112 1
25 84 3
26 84 3
41 100 3
42 100 3
3 61 3
9 66 3
9 67 3
10 67 3
10 69 3
26 85 3
27 85 3
29 87 3
34 91 3
36 95 3
37 95 3
53 112 3
0 59 3
1 59 3
2 61 3
5 63 3
6 63 3
8 66 3
11 69 3
72 73 3
19 77 3
30 87 3
45 104 3
46 104 3
51 108 2
4 62 3
67 68 3
68 69 3
74 75 3
17 75 3
44 101 3
61 62 3
66 67 3
12 69 3
18 77 3
28 85 3
30 88 3
34 92 3
36 93 3
42 101 3
43 101 3
48 107 2
52 110 3
54 113 1
55 113 3
56 115 3
57 115 3
2 59 3
6 64 3
7 65 3
18 75 3
21 79 3
22 80 3
23 81 3
24 82 3
28 86 3
87 88 3
30 89 3
31 89 3
36 94 3
38 96 3
39 97 3
40 98 3
41 99 3
44 102 3
45 103 3
46 105 1
48 106 3
51 109 3
53 110 0
2 60 3
62 63 3
63 64 3
6 65 3
65 66 3
18 76 3
21 78 3
21 80 3
80 81 3
81 82 3
24 83 3
25 83 3
85 86 3
86 87 3
92 93 3
93 94 3
37 96 3
96 97 3
97 98 3
98 99 3
99 100 3
102 103 3
103 104 3
106 107 2
108 109 0
109 110 3
56 113 3
56 114 3
59 60 3
60 61 3
75 76 3
76 77 3
79 80 3
84 85 3
33 89 3
33 148 3
91 148 3
94 95 3
113 114 3
64 65 3
73 74 3
78 79 3
82 83 3
83 84 3
88 89 3
95 96 3
100 101 3
104 105 1
105 106 3
107 108 3
114 115 3
0 58 0
91 92 3
101 102 3
77 78 3
89 148 3
58 59 2
12 72 3
110 112 1
89 205 3
69 128 3
12 128 3
148 205 3
12 129 3
112 113 3
72 129 3
72 131 3
73 131 3
112 169 3
59 117 3
67 125 3
68 125 3
68 126 3
108 166 2
110 169 1
125 126 3
69 127 3
128 129 3
60 119 3
127 128 3
58 117 1
61 119 3
68 127 3
79 137 3
80 137 3
96 154 3
65 123 3
75 133 3
95 153 3
96 153 3
63 122 3
64 122 3
64 123 3
74 133 3
77 136 3
78 136 3
82 140 3
97 154 3
107 165 2
107 166 2
109 166 1
62 120 3
63 120 3
66 123 3
66 125 3
80 139 3
81 139 3
83 140 3
91 149 3
93 152 3
113 171 3
114 171 3
77 135 3
80 138 3
83 142 3
84 142 3
88 146 3
148 149 3
92 149 3
93 151 3
94 152 3
60 117 3
63 121 3
122 123 3
66 124 3
126 127 3
74 132 3
76 135 3
79 136 3
138 139 3
82 139 3
83 141 3
84 143 3
85 143 3
86 144 3
87 145 3
89 146 3
92 150 3
151 152 3
95 152 3
97 155 3
98 156 3
99 157 3
100 158 3
101 159 3
102 160 3
103 161 3
104 162 3
104 163 1
105 163 3
106 164 3
106 165 3
166 167 3
109 167 1
110 168 1
115 173 0
62 119 3
120 121 3
123 124 3
73 132 3
132 133 3
76 133 3
135 136 3
137 138 3
139 140 3
143 144 3
86 145 3
87 146 3
150 151 3
154 155 3
155 156 3
156 157 3
157 158 3
158 159 3
101 160 3
160 161 3
161 162 3
162 163 1
105 164 3
165 166 3
167 168 3
168 169 3
124 125 3
152 153 3
163 164 3
112 170 3
114 172 3
60 118 3
119 120 3
76 134 3
136 137 3
140 141 3
141 142 3
142 143 3
144 145 3
159 160 3
169 170 3
113 170 3
115 172 3
117 118 3
134 135 3
145 146 3
118 119 3
164 165 3
170 171 3
171 172 3
172 173 0
121 122 3
149 150 3
153 154 3
131 132 3
133 134 3
146 205 3
148 207 3
149 207 3
116 117 1
128 187 3
129 187 3
131 188 3
129 188 3
72 188 3
122 180 3
134 193 3
169 227 3
170 228 3
171 229 3
172 229 3
121 180 3
135 193 3
136 195 3
137 195 3
150 208 3
165 223 3
169 228 3
116 174 1
188 189 3
131 189 3
132 189 3
149 208 3
150 209 3
151 209 3
158 216 3
164 223 3
117 174 1
187 188 3
132 191 3
133 191 3
205 264 3
148 264 3
157 216 3
168 226 3
169 226 3
227 228 3
171 228 3
123 181 3
186 187 3
132 190 3
134 191 3
140 198 3
145 204 3
146 204 3
156 215 3
157 215 3
163 221 3
165 224 3
166 224 3
117 175 3
124 181 3
126 184 3
190 191 3
138 196 3
138 197 3
139 197 3
139 198 3
141 198 3
144 202 3
145 202 3
145 203 3
152 210 3
153 211 3
154 212 3
155 213 3
156 214 3
159 217 3
160 218 3
161 219 3
162 220 3
162 221 1
164 221 3
164 222 3
173 231 2
118 175 3
122 181 3
124 182 3
127 186 3
128 186 3
189 190 3
136 193 3
137 196 3
141 200 3
142 200 3
143 202 3
204 205 3
207 264 3
209 210 3
210 211 3
153 212 3
212 213 3
213 214 3
216 217 3
217 218 3
218 219 3
219 220 3
220 221 1
167 224 3
167 225 3
168 225 3
226 227 3
228 229 3
172 231 3
174 175 0
181 182 3
125 184 3
141 199 3
202 203 3
203 204 3
211 212 3
224 225 3
180 181 3
196 197 3
199 200 3
214 215 3
215 216 3
223 224 3
175 176 1
118 176 1
119 176 1
120 177 1
127 184 3
195 196 3
197 198 3
143 200 3
222 223 3
223 281 3
225 226 3
229 230 3
172 230 3
119 177 1
120 178 1
121 178 1
125 182 3
207 208 3
208 209 3
221 222 3
222 281 3
176 177 3
125 183 2
127 243 0
143 201 3
230 231 3
182 183 3
183 184 1
186 243 0
191 193 3
200 201 3
177 178 3
201 202 3
121 238 1
136 253 3
195 253 3
198 199 3
180 238 1
184 243 0
193 253 3
196 254 3
195 254 3
229 287 3
178 238 3
198 256 3
228 287 3
191 249 3
193 250 3
199 256 3
237 238 3
190 249 3
193 252 3
176 234 3
252 253 3
209 267 3
210 267 3
175 234 1
176 235 3
177 235 3
191 250 3
201 259 3
219 277 1
220 279 1
221 279 3
230 288 0
231 289 0
116 232 1
174 232 3
175 232 1
178 237 3
197 256 3
200 259 3
210 268 3
211 268 3
218 277 2
222 279 3
222 280 3
224 282 3
178 235 3
181 238 1
183 242 1
184 242 1
189 247 3
202 260 3
205 263 3
208 266 3
280 281 3
223 282 3
225 282 3
226 284 3
227 284 3
228 285 3
229 288 0
234 235 3
181 239 1
186 244 3
187 246 3
188 246 3
190 247 3
190 248 3
193 251 3
251 252 3
201 260 3
203 261 3
204 262 3
204 263 3
263 264 3
207 265 3
207 266 3
267 268 3
211 269 3
212 270 3
213 271 3
214 272 3
215 273 3
216 274 3
217 275 3
218 276 3
220 277 1
220 278 3
225 283 3
226 283 3
227 285 3
230 289 0
238 239 3
187 245 3
189 246 3
248 249 3
250 251 3
197 254 3
260 261 3
261 262 3
262 263 3
264 265 3
266 267 3
269 270 3
270 271 3
271 272 3
272 273 3
273 274 3
274 275 3
275 276 3
276 277 2
281 282 3
282 283 3
288 289 2
182 239 1
186 245 3
249 250 3
268 269 3
277 278 0
178 236 3
182 240 1
243 244 1
244 245 3
245 246 3
247 248 3
200 318 3
259 318 3
259 260 3
278 279 1
284 285 3
285 287 3
287 288 0
236 237 3
239 240 3
183 240 1
242 243 0
246 247 3
254 256 3
265 266 3
283 284 3
183 241 1
253 254 3
199 257 3
241 242 3
256 257 3
240 241 3
257 315 3
200 257 3
235 236 3
277 335 3
175 291 1
257 318 2
276 335 3
232 291 3
234 291 3
253 311 3
254 311 3
257 258 3
258 315 3
258 318 3
251 309 3
266 325 3
267 325 3
279 280 3
252 309 3
264 322 3
250 307 2
243 301 1
244 301 1
249 307 3
268 325 3
242 301 3
244 302 1
246 305 3
247 305 3
248 306 3
263 322 3
284 343 0
285 343 0
287 345 3
236 294 3
238 296 3
239 296 3
239 297 3
241 300 3
242 300 3
250 308 3
258 316 3
260 319 3
261 319 3
269 327 3
280 339 3
281 339 3
281 340 3
282 340 3
285 344 0
235 294 3
240 297 3
241 299 3
301 302 3
247 306 3
315 316 3
260 318 3
268 327 3
270 328 3
287 344 3
299 300 3
249 306 3
307 308 0
251 308 3
256 312 3
269 328 3
276 334 3
280 338 3
282 341 0
283 341 0
287 346 0
288 346 1
234 292 3
236 295 3
237 295 3
237 296 3
240 298 3
240 299 3
244 303 1
245 303 1
311 312 3
256 313 3
316 318 3
266 324 3
271 329 3
272 330 3
273 331 3
274 332 3
275 333 3
334 335 3
278 336 3
279 337 3
279 338 3
338 339 3
284 342 0
344 345 2
289 347 3
232 290 3
291 292 3
234 293 3
235 293 3
298 299 3
300 301 3
312 313 3
262 319 3
265 322 3
265 324 3
270 329 3
329 330 3
330 331 3
273 332 3
332 333 3
333 334 3
336 337 1
339 340 3
340 341 0
283 342 0
345 346 0
346 347 0
292 293 3
302 303 3
306 307 3
265 323 3
324 325 3
337 338 3
293 294 3
296 297 3
305 306 3
308 309 3
252 310 3
323 324 3
268 326 3
331 332 3
341 342 3
290 291 3
294 295 3
295 296 3
297 298 3
246 304 1
253 368 3
311 368 3
256 315 3
322 323 3
325 326 3
328 329 3
277 336 0
342 343 1
343 344 3
303 304 3
252 368 3
316 434 3
318 319 3
304 305 0
305 363 1
310 368 3
263 319 3
326 327 3
309 310 3
327 328 3
318 434 3
304 363 3
335 393 3
277 393 3
313 315 3
306 364 1
306 363 1
307 364 1
319 378 3
313 372 3
263 378 3
325 383 3
304 362 3
315 372 3
326 383 3
333 391 3
334 391 3
336 393 1
341 399 3
294 352 3
302 360 3
303 360 3
303 362 3
307 365 1
308 365 1
338 396 0
342 400 3
295 352 3
296 354 3
301 359 3
363 364 3
364 365 3
322 379 3
328 386 3
337 396 0
339 397 3
343 400 0
297 354 3
300 359 3
311 369 3
312 370 3
313 370 3
322 378 3
323 381 3
324 381 3
324 382 3
324 383 3
326 384 3
327 384 3
327 385 3
338 397 2
340 397 3
342 399 3
343 401 0
344 401 0
345 402 2
290 349 3
291 349 3
291 350 3
292 350 3
293 351 3
293 352 3
295 353 3
297 355 3
298 356 3
299 357 3
300 358 3
301 360 3
303 361 3
312 369 3
313 371 3
316 374 3
322 381 3
328 385 3
329 387 3
330 388 3
331 389 3
332 390 3
334 392 3
335 392 3
336 395 3
337 395 0
340 398 0
344 402 3
349 350 3
350 351 3
353 354 3
355 356 3
356 357 3
357 358 3
358 359 3
360 361 3
362 363 3
308 366 1
309 366 1
374 434 3
378 379 3
386 387 3
387 388 3
388 389 3
331 390 3
390 391 3
395 396 3
397 398 0
341 398 3
399 400 0
400 401 1
346 405 0
347 405 3
352 353 3
354 355 3
359 360 3
361 362 3
365 366 3
315 374 3
383 384 3
385 386 3
389 390 3
393 394 0
336 394 3
400 515 1
345 404 0
346 404 0
351 352 3
310 366 1
370 371 3
371 372 3
384 385 3
392 393 2
401 402 1
402 403 0
345 403 0
368 369 3
377 378 3
381 382 3
391 392 3
396 397 1
290 406 3
369 370 3
372 373 3
379 437 3
322 437 3
382 383 3
398 399 3
315 373 3
319 377 3
381 437 3
373 374 3
377 434 3
403 404 0
366 368 0
394 395 3
404 405 3
349 406 3
368 427 3
369 427 3
379 436 3
399 515 3
372 431 3
378 436 3
399 457 3
368 426 0
377 436 3
374 433 3
398 457 3
373 431 3
396 455 1
397 455 0
405 521 3
396 454 1
370 428 3
433 434 3
454 455 3
398 455 3
349 407 3
350 407 3
366 424 3
371 428 3
377 435 3
435 436 3
402 518 2
354 412 3
368 424 1
402 460 3
403 518 1
350 409 3
352 410 3
353 412 3
355 413 3
356 414 3
372 488 3
457 515 3
400 459 2
401 459 0
401 460 1
351 409 3
351 410 3
353 410 3
355 412 3
356 413 3
357 414 3
364 423 3
365 423 3
368 425 2
371 488 3
431 488 3
373 432 3
374 432 3
395 454 1
404 462 3
405 462 3
353 411 3
358 416 3
359 416 3
359 417 3
360 418 3
360 419 3
361 419 3
362 420 3
363 421 3
364 421 3
364 422 3
366 423 3
425 426 2
428 429 3
371 429 3
436 437 3
383 441 3
398 456 3
400 458 3
406 407 3
411 412 3
357 416 3
416 417 3
417 418 3
418 419 3
419 420 3
420 421 3
370 427 3
432 433 3
434 435 3
382 440 3
382 441 3
385 443 3
391 449 3
392 449 3
455 456 3
458 515 1
459 460 1
410 411 3
413 414 3
423 424 3
431 432 3
437 438 3
381 438 3
381 439 3
382 439 3
386 444 1
387 445 1
387 446 1
388 446 1
389 446 1
458 459 1
460 518 3
422 423 3
429 488 3
438 439 3
439 440 3
383 442 3
384 442 3
386 443 3
386 445 1
393 449 2
409 410 3
421 422 3
440 441 3
441 442 3
442 443 3
445 446 2
390 449 3
395 453 1
453 454 3
456 457 3
424 425 3
443 444 1
444 445 3
390 448 1
393 451 1
394 511 1
427 428 3
448 449 0
394 453 1
357 473 3
416 473 3
426 427 2
389 448 1
407 466 3
350 466 3
446 448 1
453 511 1
403 462 0
409 466 3
412 413 3
414 473 3
449 451 1
394 451 1
462 521 3
449 507 1
403 519 0
462 519 3
444 503 3
448 505 2
411 469 3
423 482 3
424 482 3
445 503 3
446 505 1
451 508 3
456 514 3
457 514 3
410 469 3
424 426 0
449 508 1
473 531 3
429 487 3
443 501 1
394 510 1
406 465 3
407 465 3
412 470 3
413 470 3
416 531 3
487 488 3
434 492 3
435 492 3
448 507 2
451 510 0
510 511 1
432 490 3
433 491 3
444 501 3
445 504 3
446 504 2
448 506 2
462 520 3
422 480 3
427 486 3
428 486 3
431 490 3
433 490 3
434 491 3
506 507 3
458 516 3
519 520 3
520 521 3
409 468 3
410 468 3
424 483 3
426 484 2
427 484 3
435 493 3
438 497 3
439 497 3
503 504 3
455 513 3
514 515 3
515 516 0
518 519 0
414 472 3
418 476 3
419 476 3
420 478 3
426 483 3
427 485 3
492 493 3
436 494 3
505 506 3
453 512 3
454 512 3
456 513 3
416 474 3
417 475 3
419 535 3
421 478 3
421 480 3
423 481 3
484 485 3
486 487 3
435 494 3
441 500 1
442 500 1
442 501 1
501 503 3
455 512 3
459 517 2
460 517 0
406 522 3
465 466 3
413 472 3
472 473 3
474 531 3
474 475 3
475 476 3
420 535 3
422 481 3
481 482 3
485 486 3
431 489 3
490 491 3
491 492 3
437 494 3
440 498 1
441 498 1
513 514 3
516 517 1
468 469 3
412 469 3
478 535 3
488 489 3
489 490 3
493 494 3
440 497 3
512 513 3
437 495 3
497 498 1
500 501 0
507 508 3
517 518 1
465 522 3
438 495 3
511 512 0
494 495 3
498 500 3
466 468 3
480 481 3
482 483 3
476 535 3
483 484 3
504 505 3
469 470 3
495 497 3
498 555 3
468 526 3
478 480 3
497 555 1
518 577 3
466 526 3
498 557 3
503 560 3
519 577 1
497 554 1
500 557 3
501 560 3
510 567 1
510 568 1
413 529 3
554 555 3
500 558 3
451 567 3
511 568 3
470 529 3
483 540 3
495 554 1
557 558 3
511 569 3
472 529 3
482 540 3
489 548 3
490 548 3
503 562 3
504 562 3
508 567 3
518 576 3
520 578 3
466 524 3
513 571 3
517 576 1
519 578 3
465 524 3
469 527 3
472 530 3
476 534 3
478 537 3
480 537 3
481 539 3
482 539 3
492 550 3
493 550 3
494 553 3
495 553 3
505 563 3
506 563 3
511 570 0
512 570 3
524 526 3
468 527 3
470 527 3
473 530 3
534 535 3
494 551 3
503 561 3
504 563 3
507 565 3
515 573 3
516 574 3
517 574 0
465 523 3
478 536 3
485 544 3
486 544 3
488 546 3
493 551 3
508 565 3
514 571 3
514 573 3
523 524 3
470 528 3
474 533 3
475 533 3
536 537 3
483 542 3
484 543 3
485 543 3
489 546 3
562 563 3
571 572 3
514 572 3
515 574 0
517 575 3
480 539 3
484 542 3
486 545 3
487 545 3
488 545 3
491 549 3
560 561 3
506 565 3
508 566 3
513 570 3
574 575 1
521 579 3
522 523 3
526 527 3
533 534 3
546 548 3
548 549 3
549 550 3
506 564 3
575 576 1
578 579 3
474 590 3
535 536 3
480 596 3
543 544 3
544 545 3
500 617 0
501 617 0
563 564 3
564 565 3
565 566 3
567 568 3
572 573 0
573 574 0
577 578 0
528 529 3
531 590 3
537 596 3
550 551 3
568 569 3
570 571 3
527 528 3
530 531 3
533 590 3
539 596 3
551 553 3
555 557 3
561 562 3
569 570 0
576 577 3
542 543 3
545 546 3
529 530 3
539 540 3
558 617 0
553 554 1
560 617 0
540 542 3
557 615 3
551 610 2
566 567 3
553 610 3
553 612 1
554 612 3
558 615 3
546 605 3
548 605 3
522 580 3
523 580 3
527 585 3
528 586 3
529 586 3
535 593 3
542 600 3
551 609 2
557 614 3
568 626 3
573 631 2
576 634 3
528 585 3
529 587 3
534 593 3
536 593 3
539 598 3
540 598 3
546 604 3
550 608 2
550 609 2
609 610 3
555 614 3
614 615 3
563 621 3
567 625 3
569 626 3
574 631 1
575 633 1
576 633 3
577 634 3
578 636 3
526 585 3
536 595 3
537 595 3
542 598 3
604 605 3
549 607 2
550 607 2
608 609 3
558 616 3
616 617 0
560 618 3
561 618 3
564 621 3
577 635 3
579 636 3
526 584 3
584 585 3
530 588 3
531 589 3
607 608 3
610 611 3
554 613 3
555 613 3
562 620 3
566 624 3
568 625 3
571 630 3
572 630 3
574 632 2
574 633 1
578 635 1
579 637 3
523 582 3
524 582 3
531 588 3
533 591 3
534 592 3
539 597 3
548 606 2
548 607 2
553 611 2
561 619 3
561 620 3
562 621 3
565 623 3
567 624 3
570 628 3
631 632 3
636 637 3
586 587 3
587 588 3
591 592 3
592 593 3
595 596 3
596 597 3
543 600 3
545 603 2
545 604 2
605 606 3
611 612 1
615 616 3
618 619 3
564 623 3
623 624 3
625 626 3
632 633 1
585 586 3
590 591 3
597 598 3
606 607 3
612 613 3
613 614 3
617 618 3
620 621 3
569 627 3
570 627 1
635 636 0
526 582 3
589 590 3
600 657 3
603 604 3
624 625 3
571 629 3
633 634 3
634 635 3
588 589 3
544 603 2
627 628 3
629 630 3
526 642 3
536 652 3
544 602 2
626 627 3
573 630 3
582 642 3
593 652 3
595 652 3
542 657 2
602 603 3
523 639 3
584 642 3
543 659 2
619 620 3
580 639 3
582 639 3
598 657 2
544 659 2
564 681 3
596 653 3
600 659 3
595 653 3
611 670 3
612 670 3
623 681 3
571 628 3
602 659 3
628 629 3
564 680 2
621 680 3
680 681 3
596 655 2
613 670 3
629 687 3
633 691 0
589 705 3
653 655 3
609 668 3
610 668 3
617 675 3
618 675 3
630 687 3
633 690 0
635 693 1
586 645 3
587 645 3
590 705 3
598 656 2
606 664 3
619 677 3
624 683 3
625 683 3
573 689 1
632 690 2
634 693 1
636 693 1
586 644 3
656 657 3
607 664 3
611 668 3
611 669 3
616 675 0
630 689 3
631 689 2
631 690 3
690 691 2
582 640 3
585 644 3
597 656 2
600 658 3
604 663 3
605 663 3
607 665 3
608 665 3
616 674 3
621 679 2
624 681 3
634 692 1
580 638 3
640 642 3
585 643 3
588 646 3
591 649 3
592 650 3
593 651 3
597 655 2
657 658 3
658 659 3
602 660 3
603 661 3
604 662 3
605 664 3
608 666 3
609 667 3
613 671 3
614 672 3
615 673 3
619 675 3
619 678 3
620 678 2
679 680 3
624 682 3
625 684 3
626 684 3
628 686 1
630 688 3
691 692 2
692 693 3
636 694 1
637 694 1
637 695 1
642 699 3
642 643 3
643 644 3
645 646 3
589 646 3
590 649 3
649 650 3
650 651 3
659 660 3
660 661 3
661 662 3
662 663 3
663 664 3
664 665 3
666 667 3
667 668 3
668 669 3
669 670 2
670 671 3
671 672 3
615 672 3
682 683 3
627 684 3
627 686 1
688 689 3
689 690 3
693 694 3
694 695 3
638 639 3
640 699 3
590 648 3
651 652 3
677 678 3
621 678 2
627 685 3
629 686 1
686 687 0
648 705 3
648 649 3
665 666 3
672 673 3
615 674 3
619 676 3
678 679 3
683 684 3
684 685 3
685 686 3
644 645 3
655 656 3
673 674 3
675 676 3
676 677 3
639 640 3
652 653 3
687 688 3
646 705 3
655 712 3
681 682 3
653 712 2
674 675 3
675 734 3
674 734 2
676 734 3
639 697 3
669 728 3
670 728 2
640 697 3
657 715 3
658 715 3
659 717 3
660 717 3
663 721 3
653 711 2
656 715 3
662 721 3
711 712 3
665 724 3
666 724 3
668 726 3
686 744 3
691 749 1
640 698 3
655 713 3
656 713 3
658 717 3
667 726 3
669 727 3
674 733 2
733 734 3
679 737 3
680 737 3
682 740 3
684 743 3
685 743 3
685 744 3
692 749 3
692 750 3
692 751 3
693 751 3
697 698 3
642 700 3
649 707 3
652 711 2
660 718 3
664 721 3
664 722 3
664 723 3
665 723 3
669 726 3
727 728 3
677 735 3
680 739 3
681 739 2
681 740 3
683 740 3
688 744 1
688 745 1
688 746 1
688 747 1
689 747 1
690 748 1
690 749 1
638 696 3
643 701 3
644 702 3
645 703 3
646 704 3
648 706 3
650 707 3
650 708 3
652 710 2
656 714 3
658 716 3
661 718 3
661 720 3
662 720 3
721 722 3
723 724 3
666 725 3
667 725 3
671 729 2
673 732 2
674 732 2
676 735 3
684 742 3
744 745 3
689 748 1
749 750 3
750 751 3
693 752 3
694 752 3
695 753 3
696 697 3
700 701 3
701 702 3
702 703 3
703 704 3
704 705 3
705 706 3
706 707 3
651 708 3
710 711 3
713 714 3
715 716 3
716 717 3
726 727 3
728 729 3
734 735 3
678 735 3
678 736 3
740 741 3
683 741 3
684 741 3
742 743 3
748 749 1
752 753 3
699 700 3
725 726 3
672 729 2
732 733 3
735 736 3
679 736 3
739 740 3
743 744 3
751 752 3
712 713 3
714 715 3
722 723 3
724 725 3
672 730 2
680 738 3
741 742 3
746 747 3
707 708 3
651 710 2
717 718 3
729 730 3
736 737 3
737 738 3
745 746 3
700 758 3
720 721 3
673 730 2
738 739 3
699 758 3
651 767 2
718 720 3
747 748 3
710 767 3
730 732 3
698 699 3
708 767 2
704 763 3
705 763 3
732 789 3
730 789 3
740 798 2
739 798 3
747 805 3
708 766 2
718 777 3
720 777 3
766 767 3
748 805 3
741 798 2
742 801 3
743 801 3
749 807 0
698 757 3
699 757 3
711 769 3
713 771 3
714 771 3
720 779 3
721 779 3
739 797 3
741 799 3
748 806 3
748 807 3
707 765 2
708 765 2
712 769 3
718 776 3
736 794 3
738 797 3
797 798 3
798 799 3
742 799 3
744 803 3
745 803 3
805 806 3
704 762 3
762 763 3
710 769 3
717 776 3
723 781 3
725 783 3
730 788 3
732 790 3
733 790 3
735 794 3
745 804 3
746 804 3
747 804 3
749 808 3
750 808 3
752 810 3
696 754 3
697 754 3
698 756 3
757 758 3
701 759 3
702 760 3
703 761 3
706 763 3
712 770 3
713 770 3
714 772 3
715 773 3
716 774 3
717 775 3
720 778 3
722 780 3
724 781 3
724 782 3
724 783 3
726 784 3
727 785 3
728 786 3
729 787 3
729 788 3
789 790 3
733 791 3
733 792 3
734 792 3
737 795 3
737 796 3
744 802 3
753 811 3
697 756 3
756 757 3
758 759 3
759 760 3
703 760 3
761 762 3
765 766 3
710 768 3
769 770 3
771 772 3
772 773 3
773 774 3
774 775 3
775 776 3
776 777 3
777 778 3
778 779 3
779 780 3
780 781 3
783 784 3
784 785 3
785 786 3
786 787 3
787 788 3
790 791 3
735 792 3
735 793 3
738 796 3
799 801 3
802 803 3
806 807 3
807 808 1
751 808 3
751 809 3
810 811 3
706 765 2
768 769 3
770 771 3
781 782 3
782 783 3
791 792 3
792 793 3
793 794 3
795 796 3
697 755 3
767 768 3
737 794 3
803 804 3
808 809 3
752 809 3
754 755 3
706 764 2
788 789 3
799 800 3
800 801 3
755 756 3
760 761 3
764 765 3
794 795 3
743 802 3
796 797 3
801 802 3
804 805 3
757 815 3
758 815 3
763 764 3
809 810 3
807 866 3
808 866 3
788 847 3
789 847 3
815 816 3
758 816 3
763 821 2
790 848 3
807 865 3
764 821 3
789 848 3
803 861 3
761 820 2
762 820 2
768 827 3
769 827 3
794 852 3
797 855 3
799 857 3
800 857 3
802 861 3
804 861 3
760 818 3
764 823 3
765 823 3
766 824 3
772 830 3
780 839 3
781 839 3
785 844 3
786 844 3
847 848 3
793 852 3
798 855 3
798 857 3
800 858 3
800 859 3
801 859 3
802 860 3
804 862 3
805 863 3
806 863 3
806 865 3
865 866 3
759 818 3
761 818 3
762 821 2
765 824 3
767 824 3
773 830 3
783 842 3
784 842 3
796 854 3
796 855 3
801 860 3
806 864 3
864 865 3
754 812 3
764 822 3
767 825 3
768 826 3
770 828 3
771 829 3
773 831 3
774 832 3
775 833 3
776 834 3
777 835 3
778 836 3
779 837 3
780 838 3
782 840 3
783 841 3
785 843 3
787 845 3
788 845 3
788 846 3
791 849 3
795 852 3
795 854 3
798 856 3
857 858 3
860 861 3
810 868 3
811 869 3
755 812 3
756 814 3
757 814 3
759 816 3
821 822 3
822 823 3
823 824 3
824 825 3
768 825 3
826 827 3
827 828 3
828 829 3
829 830 3
830 831 3
831 832 3
832 833 3
833 834 3
834 835 3
835 836 3
836 837 3
837 838 3
839 840 3
840 841 3
842 843 3
844 845 3
845 846 3
846 847 3
848 849 3
792 851 3
793 851 3
795 853 3
854 855 3
855 856 3
859 860 3
805 862 3
863 864 3
809 866 3
809 868 3
868 869 3
755 814 3
825 826 3
838 839 3
841 842 3
843 844 3
858 859 3
861 862 3
809 867 3
792 849 3
852 853 3
853 854 3
856 857 3
866 867 3
814 815 3
816 818 3
867 868 3
862 863 3
820 821 3
792 850 3
849 850 3
851 852 3
818 875 3
818 820 3
850 851 3
861 919 3
862 919 3
812 871 3
755 871 3
816 875 2
860 918 3
861 918 3
851 909 3
858 915 3
863 921 3
864 921 3
818 876 2
818 877 2
820 877 3
820 878 3
821 878 3
844 902 3
850 909 3
853 912 3
857 915 3
918 919 3
875 876 3
829 887 3
830 887 3
830 888 3
832 890 3
843 902 3
848 906 3
854 912 3
858 917 3
859 917 3
859 918 3
869 927 3
814 871 3
831 888 3
833 890 3
842 900 3
847 905 3
847 906 3
852 909 3
862 921 3
814 872 3
816 874 2
821 879 3
822 879 3
823 881 3
824 882 3
825 883 3
826 884 3
827 885 3
828 886 3
831 889 3
834 892 3
834 893 3
835 893 3
836 894 3
837 895 3
838 896 3
839 897 3
840 898 3
841 900 3
843 900 3
845 903 3
846 904 3
849 907 3
850 908 3
852 910 3
855 913 3
856 915 3
858 916 3
919 920 3
862 920 3
865 921 3
868 927 3
812 870 3
815 872 3
876 877 3
877 878 3
878 879 3
822 881 3
881 882 3
882 883 3
883 884 3
884 885 3
885 886 3
886 887 3
889 890 3
833 892 3
893 894 3
894 895 3
895 896 3
896 897 3
897 898 3
841 898 3
841 899 3
844 903 3
903 904 3
904 905 3
906 907 3
907 908 3
908 909 3
909 910 3
855 912 3
856 913 3
856 914 3
916 917 3
917 918 3
867 925 3
868 925 3
868 926 3
870 871 3
815 873 3
898 899 3
899 900 3
853 910 3
912 913 3
866 924 3
866 925 3
926 927 3
816 873 3
874 875 3
887 888 3
905 906 3
913 914 3
914 915 3
915 916 3
920 921 3
866 923 3
871 872 3
872 873 3
822 880 3
902 903 3
921 922 3
866 921 3
873 874 3
879 880 3
880 881 3
925 926 3
888 889 3
892 893 3
923 924 3
924 925 3
910 912 3
921 923 3
890 892 3
900 902 3
922 923 3
872 931 2
873 931 2
910 969 3
912 969 3
900 959 3
902 959 3
879 937 3
892 949 3
914 972 3
880 937 3
890 949 3
902 960 3
912 970 3
913 970 3
913 972 3
917 975 3
918 975 3
924 982 3
878 936 3
883 941 3
903 960 3
923 982 3
874 931 3
877 936 3
881 939 3
884 941 3
921 979 3
925 983 3
879 936 3
882 939 3
882 941 3
887 945 3
914 973 3
915 973 3
915 974 3
916 974 3
920 979 3
922 979 3
925 984 3
926 984 3
876 934 3
877 934 3
877 935 3
888 945 3
899 957 3
904 962 3
924 983 3
926 985 3
927 985 3
870 928 3
871 929 3
872 930 3
935 936 3
880 938 3
881 938 3
882 940 3
884 942 3
885 943 3
886 944 3
888 946 3
889 947 3
890 948 3
892 950 3
893 950 3
893 951 3
894 952 3
895 953 3
896 954 3
897 955 3
898 956 3
900 957 3
900 958 3
959 960 3
903 961 3
904 961 3
905 962 3
905 963 3
906 964 3
907 964 3
907 965 3
908 966 3
909 967 3
910 968 3
973 974 3
918 977 3
919 977 3
920 978 3
922 980 3
923 980 3
982 983 3
928 929 3
929 930 3
875 934 3
934 935 3
939 940 3
940 941 3
941 942 3
942 943 3
943 944 3
944 945 3
946 947 3
947 948 3
951 952 3
952 953 3
953 954 3
954 955 3
955 956 3
956 957 3
957 958 3
960 961 3
961 962 3
962 963 3
963 964 3
965 966 3
966 967 3
967 968 3
968 969 3
972 973 3
916 975 3
918 976 3
919 978 3
979 980 3
923 981 3
984 985 3
930 931 3
874 932 3
874 933 3
875 933 3
958 959 3
964 965 3
974 975 3
975 976 3
980 981 3
981 982 3
931 932 3
933 934 3
936 937 3
945 946 3
948 949 3
949 950 3
950 951 3
977 978 3
932 933 3
937 938 3
938 939 3
976 977 3
983 984 3
969 970 3
978 979 3
970 972 3
972 1029 3
979 1037 3
980 1038 3
970 1029 3
981 1038 3
936 995 3
937 995 3
969 1028 3
970 1028 3
982 1041 3
983 1041 3
932 991 3
933 991 3
978 1037 3
985 1043 3
972 1030 3
984 1041 3
1029 1030 3
977 1035 3
981 1039 3
982 1039 3
984 1042 3
931 989 3
949 1007 3
967 1026 3
968 1026 3
976 1034 3
977 1034 3
978 1035 3
978 1036 3
980 1037 3
1039 1041 3
930 988 3
931 988 3
932 989 3
932 990 3
935 994 3
936 994 3
942 1000 3
943 1001 3
944 1001 3
947 1005 3
948 1005 3
948 1006 3
950 1007 3
951 1009 3
952 1010 3
954 1012 3
955 1013 3
956 1013 3
957 1015 3
958 1015 3
961 1019 3
962 1019 3
1028 1029 3
974 1032 3
975 1033 3
1036 1037 3
984 1043 3
928 986 3
929 987 3
990 991 3
934 992 3
935 992 3
994 995 3
938 995 3
938 996 3
939 996 3
939 997 3
940 998 3
941 999 3
943 1000 3
945 1003 3
945 1004 3
946 1004 3
949 1006 3
950 1009 3
952 1009 3
953 1010 3
953 1011 3
955 1012 3
958 1016 3
959 1017 3
959 1018 3
960 1018 3
962 1021 3
963 1021 3
964 1022 3
965 1023 3
966 1024 3
967 1025 3
969 1027 3
973 1030 3
973 1032 3
974 1033 3
976 1033 3
1038 1039 3
1040 1041 3
986 987 3
987 988 3
988 989 3
996 997 3
997 998 3
998 999 3
999 1000 3
944 1003 3
1004 1005 3
1005 1006 3
1011 1012 3
956 1015 3
1015 1016 3
1016 1017 3
961 1018 3
1021 1022 3
1022 1023 3
1023 1024 3
1024 1025 3
1026 1027 3
1027 1028 3
1032 1033 3
934 991 3
935 993 3
1009 1010 3
1010 1011 3
1012 1013 3
1017 1018 3
1018 1019 3
1025 1026 3
1033 1034 3
1035 1036 3
989 990 3
992 993 3
993 994 3
1000 1001 3
1034 1035 3
1037 1038 3
995 996 3
1003 1004 3
1006 1007 3
1039 1040 3
1041 1042 3
1042 1043 3
991 992 3
1001 1003 3
1030 1032 3
