0.01988192204 0.03973183892 16.02455357
0.02020151502 0.03551625996 15.84192098
0.01145566686 -0.02436990511 16.93344116
0.004934911206 -0.02686643659 18.05515922
-0.0006959554785 -0.03823699003 18.71037615
-0.00863319949 -0.01001241277 19.10495762
-0.01481064908 -0.005649243786 19.87031599
-0.01386368501 0.01634572229 19.00116348
-0.007488341781 0.01236733177 17.87210712
0.006105438624 0.02494593409 15.2068913
-0.01687007363 0.03644842634 20.31944945
-0.01411872827 0.1300523068 16.99902566
0.01851800094 0.06480352297 9.976253825
0.04214762911 0.06553867758 3.022702191
0.02701727055 0.01858218137 8.903558002
-0.01953191659 0.01413600866 24.36685148
0.0265156113 0.04847794191 7.232083318
0.03949361348 0.01717596932 3.996621002
0.01507782277 -0.01512885787 13.57890668
-0.005282077462 0.01472508226 20.738484
0.002942249117 0.001435490033 18.34349774
-0.01498121068 -0.01370885647 26.69446635
-0.03777080883 0.009137707058 36.98122123
-0.05069823864 0.007768655603 43.67691439
-0.02217578593 0.05548746519 28.14627034
0.01607354204 -0.004394816664 9.155003666
-0.005269424605 -0.007073945307 21.20286497
-0.006249403661 0.01876514832 21.0280594
-0.0187154809 0.004827265735 28.87627778
-0.03264711675 -0.004927615473 37.83819581
-0.05850497097 -0.01055530934 54.50695989
-0.04382317154 -0.03458606239 45.12670378
-0.1771733409 -0.01397630594 135.4077092
-0.12669203 0.02754777265 98.18585261
-0.05380393713 0.04760468387 44.69342626
0.01775093427 -0.002541252167 -7.92519532
0.01899199125 -0.008486687278 -8.790232506
0.02242798651 -0.02049634361 -11.23164031
0.01679268872 -0.01760530181 -6.591101365
-0.0002117381952 -0.006471188381 7.577402404
-0.01896628705 -5.866751708e-05 23.7113739
-0.02968924135 0.007009056497 32.91119164
-0.007086207956 -0.003865075962 12.58218215
-0.002651413502 -0.01417852281 8.709646137
0.001577772975 0.003202340807 4.41667477
0.001481512178 0.002030609917 4.531767348
0.0005229559008 -0.0001849621068 5.584085729
0.09343040594 -0.01392638165 -61.51770333
0.07232580199 -0.02065640042 -39.46119896
0.09617060085 0.03874183763 -64.41118345
0.3843046248 -0.1834268397 -383.0622502
0.004959468686 -0.03690469961 22.75861321
0.004866207377 -0.04706217746 22.96617347
0.02510809705 0.1972520825 5.354830442
0.007514360032 -0.002708155029 27.5312065
0.09944312671 -0.008711515363 -73.49282861
0.08298152594 -0.02974848606 -53.05428684
0.08419679637 -0.03972345028 -54.41289833
0.4233942507 -0.1032488512 11.40783872
0.01448630741 0.02329735046 16.17293227
-0.01084104097 0.0123375772 17.12776721
3.561148278e-06 -0.01629744583 17.33601733
0.008377612823 -0.02404875712 17.02329194
-0.00153922642 -0.03258280902 18.76157874
-0.006602882944 -0.02878855516 19.49597534
-0.01397576821 -0.003410082887 19.62128102
0.003827736443 0.008584867776 15.83494039
0.01113902624 0.02991417042 13.66498356
0.01256642816 0.05448750949 12.5136316
0.004127091791 0.07659679955 13.33075732
0.01246418511 0.09848315935 10.89788075
0.01706634098 0.05764721365 11.08615857
0.01629453833 0.009276300867 12.94701862
0.001762943543 0.005748363766 17.63212442
0.02157841396 0.002776506692 10.99960153
0.01681947664 -0.001746014457 13.14718633
0.01047738873 -0.01424237665 15.955701
-0.008481775171 0.008222500272 22.8535477
0.006465454029 -0.01245051902 16.78347614
-0.0125960199 -0.01615691779 25.55511207
-0.02003470816 -0.0004273973939 28.56700206
-0.03138875812 0.009217810856 33.86383314
-0.01103217824 0.0195510799 23.13317762
0.0004637747426 -0.002955689608 17.770795
0.005630225158 -0.004239209843 14.87454448
-0.02022479775 0.00423677898 29.84974444
-0.03208179583 -0.01050480069 37.45533331
-0.04266488146 -0.01333911135 44.40921479
-0.07173505959 -0.01691646714 63.59408178
-0.1223773228 0.0004618784897 97.41207238
-0.1550371493 0.01400833533 118.7288431
-0.08998674795 0.01733469538 71.81969837
-0.03158006651 0.02020225721 28.3415628
0.005415798569 0.0007664269312 1.262436058
0.01710631997 -0.003760968782 -7.391140156
0.01969518628 -0.008108511349 -9.387184019
0.03040121153 -0.02589123373 -17.77799831
0.009071849161 -0.001944606571 -0.3876398096
-0.01715017373 -0.00233761335 22.16533164
-0.02748523051 -0.00283253263 31.19971624
-0.0111254261 0.0006971373086 16.19507202
-0.002479678712 -0.0001702305989 8.277515428
0.006964908314 0.0001945125332 -0.6500433892
-0.000359636692 0.0008799874673 6.394530355
0.00265618041 0.002325492506 3.256785935
0.1061306187 0.01364835574 -75.44175566
0.109525932 0.0192907781 -78.8912676
-0.1143173347 0.2975444216 150.0374382
-0.1125045611 0.5505277833 141.0240526
0.005269139905 -0.05849918256 22.84703182
0.005691631592 -0.04951554299 22.08235051
0.09502787078 0.1613768258 -74.26815772
0.1063615611 0.1184239152 -85.7685197
0.091203231 0.005029745763 -63.95076196
0.07235545459 -0.03370623664 -39.82814794
0.07674399522 -0.04445978587 -45.07808263
0.24124406 -0.3931781948 32.80701436
0.00986540254 0.06336530636 13.98827023
-0.01606682526 0.03661437838 16.14253947
0.03169224752 0.03266525013 12.60969205
0.009180918064 -0.01685118221 16.86217097
0.03578790172 -0.05164740391 15.31681635
0.001417244423 -0.03699551099 18.77914669
-0.01196828801 -0.01867250044 19.93928665
0.02377884853 -0.01665898499 13.41635122
0.04504715581 0.0116940441 8.188495973
0.006857421963 0.03836304794 15.20675252
0.001062083147 0.0415615913 16.29657232
-0.00351818378 0.02854281507 18.14833175
-0.00814633961 0.01297742179 20.50444297
-0.01553167579 -0.03068846168 24.64971503
0.01301552029 -0.02103809363 14.45273707
-5.4738967e-05 -0.04360340277 20.40110554
0.01393668607 -0.05020516579 16.28127565
0.03429484436 -0.07799050449 9.322358336
0.02072935683 -0.03818072984 12.87549976
-0.0001383071384 -0.02215039915 20.69630047
-0.01343886039 -0.007789421195 26.09215212
-0.01973728602 0.006048829756 28.38790845
-0.02327964738 0.005010031518 30.25458632
-0.02112132289 -0.01166265342 29.88718842
0.014690638 -0.05172655935 12.10171031
0.01030270533 -0.02775060879 13.22769437
-0.007529739612 -0.01321881087 23.01914638
-0.04902213076 -0.02902630386 48.71337235
-0.0468783867 -0.0176349475 46.94654899
-0.05053468452 -0.010176788 49.31423682
-0.1127998123 -0.01200163409 91.34344161
-0.1450848252 0.001688494067 111.8216594
-0.07288979969 0.009219503886 59.57001596
-0.04640455908 0.01860006955 39.56368201
-0.0001860802068 0.009851263689 5.206914627
0.01294422312 -0.001391338436 -4.25552199
0.03519486061 -0.0042883647 -22.07141788
0.02252355081 -0.003577033399 -11.48298563
0.001877734821 -0.00203597064 5.691178609
-0.01382209955 -0.002338137836 19.21653682
-0.02420232008 0.008577528848 27.78138373
-0.01015065791 0.006508287226 15.02113909
-0.003003547094 0.008153301128 8.420787779
0.0003951670119 0.005455735138 5.414589676
0.003269936448 0.01141544352 2.304479217
0.0004817451488 0.002078500731 5.50940808
0.1112409074 0.03070436377 -80.73706238
0.1087416627 0.009516771802 -77.44881418
0.07702671069 0.01226067528 -43.56884865
0.0671054941 0.02276597728 -33.74071048
0.04659755468 -0.00192121688 -9.814329501
0.04206249703 -0.02479008867 -3.346696124
0.03143788352 0.002642607089 6.912003311
0.06460304007 0.01904212724 -32.69058876
0.04548426236 -0.0336509722 -7.386124303
0.02771211484 -0.07986558921 16.52031974
-0.07737178458 0.7939307513 88.68507311
-0.0845631864 -0.002334016867 57.74005996
-0.0073682858 0.05097501947 15.0896342
-0.05601922726 -0.07767868774 63.80567645
-0.05985725084 -0.07553359189 63.97950651
-0.08906558125 -0.1071821543 69.63504939
-0.1118135195 -0.07044689215 68.76158729
0.01841849724 -0.02200299812 15.17629923
-0.009656039905 -0.04862824236 20.77361585
-0.004984315846 -0.08209524632 22.81589858
-0.05483173887 -0.2044262567 42.66316052
0.009428464913 0.04247182173 14.25009691
0.002666157398 0.03907721785 16.0401503
-0.008863075652 -0.01907732613 21.97431364
-0.008132234992 -0.01528801731 20.93540365
-0.02525176751 -0.01466002216 26.05595191
-0.002019418112 -0.01200205608 18.60446038
-0.03656259241 -0.01464952017 30.87792724
0.01243475123 -0.08853574697 17.71834332
0.02673946663 -0.07830182969 12.14868439
0.02004481671 -0.1087504921 17.9253716
0.01430863965 -0.10548422 19.4676486
0.005625468673 -0.04145919464 19.25599366
-0.004240329824 -0.02921335746 23.16582243
-0.01209320829 -0.0301153907 27.13876429
-0.02813945478 -0.01688453683 34.00185187
-0.01065545683 -0.02417341543 25.13722794
0.002383661401 -0.03021270455 18.446125
-0.02342564505 -0.01997310947 32.95967103
-0.03033232996 -0.01112896242 36.2277694
-0.0384337954 0.001094918503 40.11086274
-0.0418343027 -0.0118768143 43.67662566
-0.09397572232 -0.02006386476 79.63062699
-0.1480698907 -0.002841959647 114.1543349
-0.0590915503 0.01374756712 49.11679154
-0.04529651552 0.01771025884 39.0721242
-0.02318438111 0.005120006423 22.97688285
0.008947725116 0.0004358876584 -1.235527302
0.0331518579 0.00447757749 -21.06304242
0.02566566237 -0.0008131091543 -14.33022689
0.004226663238 0.0008636733248 3.500009449
-0.01405039934 -0.002866116405 19.48671865
-0.01979773288 0.002775270284 24.12425127
-0.01151901065 0.008581868034 16.20866253
-0.004004918863 0.01104417588 9.217006369
-0.009245285853 0.005927413035 14.55940507
0.005532551933 0.003277282251 0.5608158548
0.0007173664895 -0.006128351177 5.815417011
0.08710057785 0.001361996309 -54.11230925
0.1223478901 -0.006262766021 -90.58351887
0.09100598372 -0.002393425633 -57.58864587
0.0574374649 0.009739051451 -22.63049777
0.03057034017 -0.01039122795 8.252725612
0.05176076217 -0.006114406702 -16.00180659
0.02230898529 -0.01844743084 19.4041233
0.005743227086 -0.05465122855 40.73244871
0.03841257491 -0.1106802492 5.903348565
0.01391219506 -0.09346585219 34.12593251
-0.01879927941 -0.0702447827 72.28505058
-0.08475643104 -0.002384251089 57.75686816
-0.05965032536 -0.01196031493 57.61701101
-0.07841694766 -0.02739980343 60.25969808
-0.06920490475 -0.07885215337 64.81270249
-0.08182941562 -0.07557667062 65.30909489
-0.09009884891 -0.08306419266 67.58809978
-0.09173859426 -0.07437888557 66.40706268
-0.1019273126 -0.03408383036 64.03132139
-0.1037700641 -0.03861542359 64.68080997
-0.08976830425 -0.044226247 62.81580781
-0.09726861946 -0.04367259553 64.3429641
0.03775106874 -0.02125839824 3.058452735
0.05593154016 -0.05147997824 6.621670603
0.003721820845 -0.01140180414 17.51153167
-0.008112739646 0.001482185753 19.59063022
-0.0134315245 -0.008316492041 22.23509926
-0.0349956555 0.005548903506 28.47543314
-0.03297674105 -0.004964735532 28.56001545
0.01384421947 -0.1314412002 21.11061992
0.0242963228 -0.1542147497 19.4422131
0.007759606706 -0.0688988565 17.83774013
0.01148084044 -0.0735126054 18.3343579
-0.006290640649 -0.07292194782 27.66226654
-0.00783657642 -0.05768495695 27.05265689
-0.02487740686 -0.06472257296 36.8129473
-0.03312363773 -0.1291404336 46.74256313
0.03768008609 -0.1475708743 9.144747787
-0.01197920368 -0.04935516327 28.78806979
-0.02396184702 -0.04372859247 35.32788596
-0.02852367117 -0.0305289184 36.73247295
-0.02900785192 -0.03211016032 37.24334963
-0.06890415909 -0.03803457737 64.22178382
-0.1025976523 -0.005415283779 82.53946362
-0.0630741059 0.01596901824 51.99895689
-0.03642201954 0.01328029838 32.76938189
-0.018011417 0.01926570416 17.74669263
0.008436477851 0.01259932306 -1.885810697
0.03109334255 0.02111301297 -21.03471173
0.01591866314 -0.003346568356 -6.084156406
0.0003675793813 -0.004414400749 7.172895999
-0.004632300807 -0.003071307166 11.26649858
-0.006271184654 0.004556429348 11.9348305
-0.003627141777 0.01097366064 8.875244263
-0.005987629999 0.005245394546 11.60264965
0.01177682365 0.01263781225 -6.163567382
0.3196788302 0.001242732526 -304.4585594
0.03742522305 0.0002976968584 -31.82831073
0.09455750067 0.008414111089 -62.44898431
0.09754694622 -0.01050884854 -63.41378969
0.08305489286 -0.02466541632 -46.75754588
0.05203681162 -0.0007914040875 -15.74487863
0.03458339907 0.00721804267 2.314483259
0.03044009469 0.0003289761425 8.070743023
-0.03920766345 -0.03094973757 91.56458396
-0.09419623292 -0.06786176274 158.7538287
-0.009385616892 -0.1181051997 62.47851272
-0.1174991248 0.1483269094 143.7975385
0.2917077875 0.02997424837 -347.9917119
-0.08653732172 0.0002917351553 57.46711371
-0.08304037995 -0.009298691583 58.49681892
-0.08469490501 -0.01996375177 59.79357411
-0.08308121445 -0.02951984962 60.89727223
-0.09376656378 -0.03541091109 62.35659215
-0.09263175722 -0.04677992445 63.81467031
-0.09910027202 -0.05010540177 65.11179816
-0.1052162397 -0.035182312 64.54195702
-0.1065407173 -0.02267928159 63.12947648
-0.09387431415 -0.02434747782 60.98478798
-0.09064508728 -0.03393588538 61.70744508
-0.1019705059 -0.03741005716 64.95228135
-0.08022624998 -0.02670471163 57.49927299
-0.09154728407 -0.01435106001 59.06601203
-0.1101565845 0.0005878620379 62.7574471
-0.01532494544 -0.0007404663624 22.12583652
-0.02317682344 0.01637777959 22.86176855
-0.05134070722 0.09659443472 24.35403742
0.0396128755 -0.1488114653 11.82586445
0.05967219217 -0.08745287373 -3.027312422
0.08024623303 -0.01068332442 -20.22444956
-0.006551592272 -0.06165641395 24.55775017
0.01861711038 -0.04818415349 11.19737825
-0.03880685418 -0.08461441689 44.42597653
-0.06878544006 -0.1352858711 67.32570724
-0.04310498818 -0.104139293 48.14957733
0.03503235771 -0.1050680256 5.127273331
0.02701446233 -0.09120726414 8.259415651
0.0137204368 -0.1017069106 18.85178561
-0.03383721239 -0.06579629638 44.00572658
-0.07076128936 -0.08806838885 70.58720614
-0.07339185996 -0.09671754971 72.67529211
-0.04659156073 -0.02716812381 45.66209069
-0.05417574586 0.01910674506 45.6609378
-0.04315746954 0.007807450066 38.45927834
-0.01568870009 0.002555330865 18.30754223
0.001120596607 0.01020931303 4.223422518
0.01683002649 0.02569092193 -10.11522888
0.009006395403 0.0103119277 -1.892441012
-0.001256663232 -0.003077363996 8.378782806
-0.0002543036705 0.0002485780729 7.026318878
-0.005770244489 -0.0003499091236 11.95608267
-0.006141574332 -0.003264417714 12.66079176
-0.007890446512 -0.00298729823 14.17960137
0.004745525374 -0.0006338218755 1.873111498
0.1034492331 0.006236252015 -94.4756497
-0.003285124256 0.01767732842 7.360861734
0.08380667047 0.008233620785 -51.36959425
0.07856169031 -0.006316215171 -44.15310393
0.07733741652 -0.04927211732 -38.11900972
0.07127239235 -0.05248444496 -31.46233808
-0.1502803191 -0.0937595751 202.6272274
-0.1966504608 -0.1189937503 256.9934493
0.1550437642 -0.07226572131 -137.7128802
0.1655376264 -0.06829735032 -150.473598
-0.06516312239 -0.05619204563 122.3676087
-0.03252686629 0.04435848763 57.50511801
0.1427125105 0.01217581793 -161.8945485
-0.08022182483 0.005768070672 56.22829955
-0.0910120956 -8.573366143e-05 57.60831269
-0.09532383053 -0.001038606716 57.91524929
-0.1122128709 -0.01617694343 61.36280042
-0.08822353589 -0.02810577797 60.99467278
-0.0823703371 -0.01577234822 58.37881313
-0.08800536947 -0.02318859587 60.26986767
-0.08969274237 -0.008168022736 58.17538562
-0.09779354908 -0.006271355102 59.33206492
-0.09092818505 -0.001152116319 57.30327851
-0.09615106299 -0.02358265838 61.64882221
-0.1057977049 -0.02591239645 64.3541144
-0.09478087496 -0.02188572851 60.90776928
-0.09117689776 -0.01357306372 58.8410463
-0.1026626316 0.009624170769 59.12236387
-0.08917718646 -0.001421132848 55.92330809
-0.08029981711 -0.0009457986716 52.60348542
-0.09707915391 -0.03224188415 63.3494137
-0.1050923614 -0.008352470782 62.91368838
-0.2015875291 0.08399188461 87.4514369
0.0391791506 -0.02988083632 1.016370741
-0.001753561299 -0.004011002629 15.59516971
-0.008445518053 0.004257281167 17.69697006
-0.02741541509 0.0117682873 25.89760098
-0.05786248678 -0.006155937502 43.95715703
-0.0001348547655 -0.02708649703 15.11220012
0.00383869809 -0.02715681869 13.27961906
-0.02179589165 -0.03205623949 29.20458931
0.006207064519 -0.1116388758 23.45357931
-0.0115240587 -0.07746759388 28.71632697
-0.05134752055 -0.09686274914 57.76547496
-0.04329856481 -0.04785125825 45.56310504
-0.02363763493 -0.03150161589 29.77771916
-0.03291819194 -0.01851051395 35.02231233
-0.02553425604 0.03023013673 21.63951036
-0.0113900492 0.0186284006 12.6415548
0.02464247841 0.02004607889 -15.76424693
0.01659036499 0.02728204373 -10.20834736
-0.01669783947 0.01256335736 19.22958509
-0.005796918542 -0.01085188443 13.29441715
0.00101090306 -0.006094314691 6.755949674
-0.004595506873 0.001780250606 10.67291808
-0.009101790975 0.004011825529 14.37567883
-0.0001868389218 2.739529369e-05 6.580412844
0.007713932996 -0.005207671785 -0.315893397
0.3328971384 0.006385548551 -318.4241375
-0.03289161108 0.02265997226 36.10131158
-0.01333435461 0.008286790375 18.73454124
-0.002855234246 -0.007018327331 10.06116532
-0.03177313963 -0.1191724158 86.86261229
-0.04371543233 -0.03445792156 76.70936923
-0.07463264524 -0.007720827067 106.7212125
-0.1210574524 -0.1159777481 169.5757742
0.009759098688 0.1161552067 -2.982877939
0.2612155722 0.0005745271422 -272.7571896
-0.2766746562 0.02917597582 358.1904429
-0.01335128278 0.0214163254 28.91756196
-0.002112935804 0.01724185927 15.74182893
-0.09029091316 0.004272512206 56.97577815
-0.0920569166 0.004837509873 56.9237708
-0.08718205199 0.01440769928 54.84125548
-0.1173735977 -0.001524159419 59.42592162
-0.08617950676 -0.01519129699 58.8496565
-0.06449393406 -0.003685849839 54.4889923
-0.08070487363 -0.001784336145 56.0913836
-0.08438822369 -0.0001598847532 56.63453026
-0.09188548286 0.004905695732 56.475536
0 0 -1
-0.09996229006 -0.0003236674167 59.00961012
-0.09301782456 -0.007152306255 58.36549004
-0.09647670251 -0.002301120967 58.39912799
-0.08352534298 -0.0003488141926 54.62325872
-0.09017604124 -0.003109312778 57.15726321
-0.09927894151 0.0006394877444 58.92506814
-0.0942216808 -0.003371563668 57.90438302
-0.1011616099 -0.004892510682 60.97090232
-0.1222202971 -0.001834834958 68.99778753
-0.2345631856 -0.04210145515 120.6822605
0.05287039344 0.237918675 -48.82180832
0.0006255930396 0.0275577168 10.63489453
-0.03324861704 0.03449000234 25.67689995
-0.04656995581 0.03485965906 32.15345539
-0.07794032565 0.02729488929 49.30229419
-0.02277088572 0.03828083253 17.13187179
0.01703383529 0.01288328317 -0.1306088866
-0.04280579177 -0.001369859175 37.30218303
-0.01742033615 -0.02899561811 25.42743664
-0.02010199644 0.001442438701 22.57548944
-0.03105845755 -0.007191663139 30.81699487
-0.02179767227 0.003147249639 22.99522973
-0.01512193504 0.01890373967 16.14045942
-0.03385724533 0.01190953644 30.61064844
0.003547263149 0.05207191958 -3.247509811
-0.00296737239 0.05576777517 0.952780132
0.0041076267 0.05374127665 -4.27165934
0.008496305194 0.0683984917 -9.761772779
0.07375525549 -0.008497467494 -41.44062703
0.05257839014 0.09961550401 -42.33898196
-0.1250596743 0.3540682157 69.17991941
-0.2306115257 0.508461786 135.6751283
0.01191220534 0.5807795407 -83.04112125
0.008504078909 -0.001416378441 -1.308269064
0.02476157395 0.008910437814 4.909728496
0.02408317657 0.02875251221 2.236179914
-0.01705587973 0.04490066835 17.18095771
0.002332096849 0.009591391258 20.06613408
-0.009491084243 -0.004733992136 34.57503312
-0.002735291735 0.004701571734 26.70219973
-0.03986723441 0.01525148773 64.89744049
-0.04286704674 0.03000507726 65.40215586
-0.04714432127 -0.0001389312788 68.41293258
0.2459131846 0.3701116238 -322.9999673
0.1839760403 0.07208579948 -192.0217025
-0.02791128459 0.05071865687 42.13509521
-0.03482671865 0.04567438256 51.10106148
-0.03092986779 0.03939222897 47.75169284
-0.08647921815 0.005852420065 56.49515175
-0.09173326744 0.005937450319 56.75017574
-0.09450443644 0.003788578415 57.26821155
-0.1167119932 0.005638540224 57.91056125
-0.08806686581 4.469335956e-05 56.60607455
-0.07008292782 0.01951581063 51.19971583
-0.08924607478 -0.003707715055 57.91553121
-0.08626616753 -0.006836426181 58.05384966
-0.09911791884 -0.0004871701695 58.85634634
-0.07928154402 0.01142766209 52.8961095
-0.1022886214 0.003525304221 58.78124245
-0.09920947943 -0.003244049262 59.24445075
-0.08896835566 -0.002305904031 56.42027384
-0.09148258968 -0.003574352518 57.50523859
-0.1083882651 -0.01077133051 63.89838822
-0.1032349844 -0.003818496561 60.98119877
-0.09646685236 -0.0008637403469 58.23708566
-0.08936318158 -0.004571804322 56.37889271
-0.1033804698 0.0003440785614 60.98770019
-0.09935831502 0.03913187464 51.87604558
-0.01489197854 0.03023618511 17.61151269
-0.02134760952 0.02995432578 20.86413463
-0.02978418442 0.03078606592 24.72785641
-0.04703058179 0.02242785934 34.82996091
-0.05839957541 0.04119345537 36.91676303
-0.0113029266 0.07076858596 5.762132181
-0.0005250703627 0.04352657186 4.82283107
-0.04275059566 0.02042300202 33.65806687
-0.02553549244 0.02783728103 21.87082861
-0.01356728881 0.04740896587 11.05668782
-0.01846929259 0.04944283408 13.65048234
-0.02463776099 0.05460324045 17.01900537
0 0 -1
-0.02426700693 0.03969679812 19.19079702
0.008200308016 0.06781335647 6.509893472
0.0292729361 0.08104770118 -12.2582151
0.02905456749 0.0773920176 -11.35636026
0.1355317456 0.04245882241 -101.7248436
0.1087540872 0.02390435481 -76.07357956
0.09378905305 0.040268554 -66.68458346
0.09090484755 0.04738332913 -66.04629102
0.1066038738 0.02894043524 -76.1248238
0.07909343242 -0.001114073536 -45.8447686
0.08929179401 0.03456366685 -61.96126023
0.03606287088 0.01340895204 -6.892446374
0.06186752168 0.03960574586 -36.44586079
-0.02243935083 0.29820632 -14.87615255
-0.0213924041 0.006927845462 53.95556345
0.01130175535 0.01722946824 9.354266742
0.02288776627 0.02327590099 -3.761142648
-0.03959902606 0.02549938364 62.77571053
-0.04010017334 0.02884011378 61.85361278
-0.01619393282 0.02798266275 29.4588624
0.2064166183 0.0321108519 -219.3881658
0.07144772261 0.04771139291 -54.32098406
-0.0366701646 0.03408365995 55.79527354
-0.0433902351 0.0409188209 62.96491427
-0.06058490405 0.0604762985 80.48609899
-0.0908228535 0.00403630312 57.06920198
-0.09135491347 0.001565049877 57.6158556
-0.09934762715 0.0161716935 55.14312407
-0.1024380057 0.008386494372 56.40129084
-0.09154808016 -0.001440354389 57.73850037
-0.08902425505 0.004712348529 55.94287773
-0.09562933879 -0.002592237697 58.24074919
-0.09860738712 -0.008676099402 60.0970509
-0.089955545 -0.001469786799 57.14846353
-0.09431272932 0.01335169257 55.16900921
-0.1095781655 0.002620826117 60.64723042
-0.09817129958 0.002633804248 57.76704422
-0.08663247586 6.895623936e-05 55.3490584
-0.09235486698 -0.001225523217 57.39541575
-0.1054293503 0.0027435435 60.40331385
-0.09825352841 -0.00215841396 58.81430934
-0.1717359789 0.09633522957 65.21762282
-0.09911188558 0.0001603590291 59.05276474
-0.09071378063 0.006203846838 54.44008316
-0.06706453535 0.01187112301 43.49641602
-0.0312923382 0.02727929488 25.08881791
-0.01509616586 0.03097221793 17.63317168
-0.03180033407 0.02382983204 27.05910109
-0.04147048421 0.02978313978 30.58124681
-0.02446608465 0.08489367515 10.26903573
-0.02665619621 0.09280299416 9.855470778
-0.03372108466 0.06801256388 18.86957096
-0.0289329505 0.04996257491 19.70080666
-0.01519680977 0.04251209095 12.93476411
-0.01558783004 0.05666574862 10.33511354
0 0 -1
-0.0120986855 0.1266531996 -5.661922919
0.1051563025 0.03248039617 -56.27310524
0.02166972007 0.05250713172 0.2782080395
0.01109550381 0.05573802635 6.981468156
0.01078551376 0.06918742113 3.741190865
0.02756295054 0.04025113402 -2.761828713
0.1244909093 0.2608817523 -142.0062201
0.09009558451 0.06512413908 -68.62875009
0.0832939313 0.04993842634 -60.10505357
0.0937478649 0.02605302239 -64.27077078
0.09488430007 0.003278251347 -60.55019958
0.09379985098 -0.009230909401 -58.10292589
0.09640547349 0.0113016975 -64.35826468
0.05881401137 0.01598550276 -28.9520409
0.07614612993 0.02215553484 -47.05934415
0.003850934412 0.004387975748 29.15534795
-0.005460537841 0.007378963397 37.72597455
0.02348853167 0.06409692631 -12.72768003
0.01018631406 0.09698966772 -5.718935582
0.05330185662 0.09441672228 -51.13159517
-0.01409690099 0.02989502439 32.75018321
0.04703217697 0.02733320293 -42.26833989
0.1860844498 0.05371269669 -199.8013331
0.02145728462 0.02692228069 8.484481427
0.02003861851 0.02007194942 11.5173939
0.01936211113 0.02072471809 -9.841942864
0.002555876231 0.05015673796 4.522292494
-0.09061492064 0.0004681125659 57.8161375
0 0 -1
-0.100231143 0.002196362546 57.85749315
-0.1065795817 0.0008013526856 58.45389907
-0.09289788452 0.005776243879 56.36125785
-0.09885561104 0.006151921831 56.84790681
-0.1001889718 0.0001969044399 58.37433244
-0.093954419 -0.003612804701 58.32057336
-0.08793434491 0.002992522293 55.84984727
-0.07772331529 0.00595979061 53.39773185
-0.1061760241 0.0002925450151 60.36926522
-0.1027611376 0.001436835981 59.17547746
-0.08914141687 -0.00254828065 56.56499722
-0.08409374506 -0.000699174673 54.80894019
-0.1037393708 0.006687955382 58.89747421
-0.09280744159 0.01831557656 52.71905815
-0.09686454255 0.0007760914638 58.14850218
-0.0937428282 0.005894608876 55.94309243
-0.07933319337 0.008027870893 49.53565963
-0.05216618832 0.0531420778 28.46296262
0.007253920012 0.1736887924 -23.79070026
-0.01115896265 0.08953740986 3.266065226
-0.01027060762 0.2721881531 -38.92328926
-0.009669711578 0.241293377 -31.98383259
0.002913042581 0.2188071832 -33.50983637
-0.002685591306 0.2045773492 -27.63462135
-0.01318238131 0.2748310123 -37.65319825
-0.009671321967 0.2954439137 -44.25841232
-0.003638796413 0.3129178249 -51.78782106
0.009880514812 0.3125494634 -60.19574818
0.03309723982 0.2829871789 -69.038551
0.05633737865 0.3195078667 -93.02170571
0.1527488764 0.02828338757 -88.76338315
0.09997147746 0.03749363495 -53.51740832
0.0140956592 0.05309806012 5.49234044
-0.01118306286 0.02291233638 31.16665025
-0.01112364108 0.01188315742 33.69108216
0.127721921 0.2669455568 -145.6839216
0.1112982512 0.1431517885 -103.9664036
0.06516733697 0.134446478 -64.15111427
0.06498178067 0.04190014311 -42.57546249
0.08189120453 0.02922049928 -54.87626512
0.09679305265 0.04395240501 -72.15321515
0.1185091124 0.02530103104 -88.248826
0.07284617656 0.02034541576 -43.10689089
0.04990770618 0.01293104878 -18.68734846
-0.01303178071 0.005522619828 45.52474564
-0.05125075098 0.02432845487 79.91820659
-0.04963494429 0.1635467489 44.22756328
-0.04550195533 0.1495993036 43.67453108
-0.052788914 0.1108759138 60.03961665
-0.02174856463 0.2768521024 -13.98709122
-0.06062494605 0.5129928083 -24.30224943
0.01129985364 0.03128717908 19.41314823
0.01014371003 0.03284280172 20.45521708
0.02221996956 0.02026345166 8.77371572
0.01551594325 0.03376800819 -7.815254665
0.01162523467 0.03418526037 -3.080033452
-0.08963314164 -0.002646053637 58.51638482
-0.09173957515 -0.0001843397857 57.99727273
-0.09363046594 -0.000723258067 58.26225266
-0.1078181366 0.001697395963 58.4366622
-0.09640710969 0.005162971024 56.62638727
-0.09871213571 -0.001310691918 58.58828571
-0.09471890535 -0.001481701249 58.08877551
-0.09196181446 7.477514326e-05 57.10129998
-0.08227619468 -0.003650671194 56.28039709
-0.07500393355 -0.0003626174504 54.17337329
-0.1055158048 0.002900933713 59.40736671
-0.09841375297 -0.0005733063827 58.59659567
-0.09147147973 0.01039638246 54.03853431
-0.08803099452 0.005272499146 54.364041
-0.09145173833 0.005889971193 55.27391259
-0.0631680712 0.03510827018 38.74480568
-0.03423285485 0.2342144966 -20.11970791
-0.04689573786 0.2608903822 -22.5084118
-0.005119721789 0.3158498931 -52.01329654
0.009665567105 0.2778401449 -48.76603395
-0.006603220186 0.2838976586 -43.2067218
-0.01822225543 0.2740833159 -35.51024073
-0.01274411232 0.2946355247 -43.09210769
-0.004808107788 0.2916931657 -46.47540128
0.006598132139 0.3019052382 -55.12222896
-0.002687396113 0.2907936215 -47.38100917
-0.005194026085 0.3047904846 -49.17349559
0.006118027741 0.3144762334 -58.10553138
0.002487116141 0.3189718422 -57.01576316
0.002253360323 0.3201377931 -57.17355503
0.009953145425 0.3102640005 -59.82909639
0.0002197854262 0.3137674351 -54.20429913
0.1599826131 0.07387621093 -105.0497327
0.07780650344 0.03793243513 -37.87444112
-0.001736728763 0.02374192201 23.73629179
-0.06385170115 0.01062250866 74.12606678
-0.05808527681 0.01799840401 68.3498345
0.01587860558 0.2641827927 -52.9506304
0.05043500134 0.2462990768 -77.83460785
0.03535091631 0.2522158723 -67.0382204
0.02249805332 0.2384571333 -52.54071714
0.03307010895 0.2306158575 -59.43722711
0.0212154834 0.1641080386 -32.12425322
0.08993340718 0.02671022109 -61.53806879
0.07840236107 0.02029252533 -48.74358059
0.07182737134 0.02463944756 -43.36482899
0.02582968515 0.04643200557 -3.360005176
0.0654505794 0.04932498654 -44.1589788
0.07367466494 0.02815575133 -46.63887978
-0.03789736218 0.1420054882 36.99874185
-0.06172572132 0.1072615676 70.79067686
-0.03448778316 0.07790410102 47.81212199
0.03239179759 0.1724334009 -49.65471942
0.9743889582 0.3392847921 -1171.250091
0.06022058003 0.05984736879 -36.55899214
0.06385604044 0.04078199059 -35.87388504
0.0970344178 0.002108716608 -66.1792516
0.07291793151 -0.004961522738 -34.92274376
-0.08721160871 -0.002236455274 58.34531303
-0.08862544352 0.0008924507642 57.55332613
-0.103079393 0.004236963285 57.31202247
-0.1076576635 0.0008317152348 58.37343591
-0.08446522456 0.003625840836 55.43159501
-0.09429341854 0.003327689086 56.71802261
-0.1003224686 0.002208534629 57.85030407
-0.09229834025 0.01157101902 54.12302446
-0.08185538501 0.01411379296 51.47022949
-0.08382763754 0.008439235335 53.56266161
-0.09970302223 0.01777832143 54.32592492
-0.09403837048 0.01202532674 54.25229209
-0.08196717965 0.04680120485 41.97896318
-0.02021256148 0.2802332628 -38.35855072
-0.003330560686 0.3147897946 -52.75504033
0.002516993331 0.3160309624 -54.96904329
0.001357449236 0.3150281315 -54.18612397
-0.009913260662 0.3038376011 -46.94986473
-0.006513135441 0.3064592499 -48.98944592
-0.004062477509 0.2963663654 -47.40854721
-0.01261124125 0.2959481342 -43.55070844
-0.008012736363 0.2956620158 -45.63428192
-0.004248377468 0.3063503833 -50.4494233
0.009177793721 0.3156781996 -59.76601979
0.01135685162 0.3241169146 -63.04384122
0.005342855211 0.3204644907 -58.88550572
0.005857737995 0.3260167177 -60.64945622
0.001830840256 0.3280870642 -58.94408708
0.0009532663972 0.3220550059 -56.72843349
-0.009371404737 0.3333687722 -53.1985247
-0.0004552367342 0.3205480192 -55.50980571
7.10290751e-07 0.3190993967 -55.40647815
0.005307611204 0.3144875288 -57.92970879
0.00822067391 0.3013786371 -56.3770179
-0.004986664241 0.3130438453 -50.04173755
-0.001637173495 0.3290230421 -57.06725261
0.007350729679 0.3116787755 -58.99609021
0.01045222425 0.3298112026 -66.70676856
0.02175246809 0.2779201655 -61.78216119
0.01411562191 0.2867343852 -57.7410466
0.01991325401 0.2421912749 -51.33699355
0.02519938698 0.2533722024 -59.17158762
0.01257198579 0.2487211528 -45.68273557
0.01748867058 0.2467700708 -50.5983457
0.07169373668 0.06009336363 -52.6776141
0.06383463572 0.1124636807 -58.56373255
0.03095342819 0.1449074069 -34.7791262
0.04693259888 0.1047165393 -40.27512177
0.07359896277 0.06553841812 -57.47995909
0.04733781991 0.1311444753 -47.54779874
0.03164007529 0.1028816804 -22.68309193
0.001726249093 0.05341743336 23.66693108
-0.0007965184143 0.1404761379 2.350635345
0.03130624166 0.01187541794 10.30690449
0.04231777571 0.0200872802 -4.793262924
0.06779395206 0.02200457893 -35.58689458
0.08160565112 0.01564597602 -50.94366965
0.06148727498 0.003710008947 -23.01896646
-0.0830923733 0.002992271878 56.78588154
-0.08550673698 0.0108861789 54.49206919
-0.09284267047 0.00636901995 56.20557615
-0.1168946018 0.01333873261 55.62289108
-0.09882730357 0.0001757935898 58.14736551
-0.08787358524 0.008873569878 54.35447754
-0.09014721794 0.0196100196 51.52755891
-0.09553204018 0.03163249382 48.7640895
-0.06596173276 0.05835013452 35.79442332
-0.06226039591 0.04874607808 37.52986591
-0.02296036104 0.28710778 -40.31478461
-0.00850881744 0.3224684239 -53.97945989
0.008574191792 0.3412457424 -63.94863035
-0.001658687965 0.3184375167 -54.21216427
0.0006243026613 0.3219076158 -55.80237246
-0.003213724396 0.3169755368 -53.10617912
-0.01040224361 0.305382461 -47.23221202
-0.01119005893 0.3047711846 -46.7833064
-0.01451238483 0.3015422058 -44.52026247
-0.01312660265 0.3015512061 -45.0487654
-0.0093823572 0.3063274233 -48.04431255
-0.001218233438 0.3087495311 -52.51827714
0.00326228005 0.3200637919 -57.79082654
0.01032374357 0.3253669322 -62.82961333
0.01197050315 0.3250338288 -63.49481092
0.01133363773 0.3290662059 -64.4250857
-0.001977095165 0.333701872 -58.21416432
0.002113911467 0.321206042 -57.06512428
0.003317237605 0.3244855171 -58.81992239
-0.00349889048 0.3300231509 -56.09771688
-0.007141375305 0.3248114211 -52.26070293
0.002881124267 0.3302375734 -60.49321962
0.007012624678 0.3308621108 -63.66486486
-0.002255328945 0.3201423266 -54.03472961
-0.003034845165 0.3272860643 -55.43220645
-0.002257346365 0.333420762 -57.79512264
0.007005543092 0.3298458804 -63.85423118
0.00238837202 0.3281799866 -59.62146973
0.01120375932 0.3196415363 -64.50421812
0.004677024588 0.3274652894 -61.16885897
0.0005103593564 0.2995188638 -49.82794767
0.008085723101 0.2967497049 -55.58170014
0.0123017716 0.2798804929 -54.54263849
0.001294078504 0.2943171065 -48.17652813
0.01529574247 0.3023959624 -63.65252813
0.03417810733 0.2403227868 -64.11871699
0.02261204921 0.277090044 -63.40671554
0.01071616142 0.2189742813 -34.45664695
0.03053280802 0.1795452356 -43.85400029
0.03394994528 0.1507602516 -39.19723639
0.0205816169 0.1530203576 -25.07063588
0.008600280024 0.1779838872 -19.12396438
0.01589012656 0.2119905576 -37.32810466
0.02829165664 0.2155821874 -52.66132599
0.04971359683 -0.007314938496 -6.308802217
0.08446946152 0.03141833679 -58.68683562
0.07568914078 0.02831729483 -46.96955548
0.04447721389 0.02727372991 -8.543014171
-0.0765618542 0.01527560748 52.9152601
-0.04344953688 0.02717098462 46.95355596
-0.09187774386 0.02007225634 51.87818351
-0.0972524848 0.01896963891 52.64591654
-0.08411775053 0.02462236735 49.14499546
-0.06895364133 0.01911079371 48.9901302
-0.06106566834 0.1185680007 17.37498697
-0.01544411055 0.3001311743 -46.66106706
-0.0217632144 0.286150569 -41.16000369
0.007690615077 0.3392289861 -63.18348914
0.001071817735 0.3307004555 -58.97720003
-0.0009622447124 0.3191498253 -54.77021428
0.004412469357 0.3192743474 -56.13634652
2.946512333e-05 0.317516887 -54.3050099
-0.003246011998 0.3106912022 -51.03862648
-0.01439274209 0.3096448254 -47.07353008
-0.01536275939 0.3087408067 -46.61411838
-0.003640275304 0.3180207408 -53.71227348
-0.01086509851 0.3052911788 -47.03403378
-0.01586074855 0.3077710313 -45.72010788
-0.001717546534 0.3078525983 -51.9260318
0.01762222968 0.3239476383 -65.76950079
0.01151168967 0.3263559708 -63.49998493
0.01062260342 0.3283590341 -63.63090427
0.005964918719 0.3312362294 -62.15638363
0.00473116252 0.3237625963 -59.20944034
0.004093098338 0.3249578145 -59.08330223
-0.001401587659 0.3272789082 -56.69029695
0.0006258232734 0.3304874882 -58.91085212
-0.001212804281 0.3229292391 -55.36429436
0.001276194616 0.3314894722 -59.60875805
-0.001932184203 0.3287344455 -56.68142244
0.003614263103 0.3313256388 -61.31945575
-0.000369376373 0.3327678041 -59.04614194
-0.001571007122 0.3299837286 -57.23960256
-0.003807460902 0.3310867012 -55.92645078
0.002253339103 0.3326134983 -61.04944878
0.0006417892967 0.3202129735 -55.96195555
0.000723877137 0.3172424584 -55.01677151
0.003974400671 0.3154555477 -57.24834805
0.004670431868 0.3166982844 -58.20737039
0.0008389883387 0.3092565103 -52.55658375
0.01125452326 0.3135755483 -63.60319817
0.009283265427 0.299774345 -57.28398914
0.004283659184 0.2875375711 -48.65171143
0.02079588519 0.2614369593 -56.6842484
0.01492813097 0.2729221032 -54.19457798
-0.007945725931 0.2845418582 -34.84347855
-0.003074865523 0.2480355911 -28.89350679
0.01116327492 0.2441142752 -42.72730355
0.0158085288 0.2456489221 -47.33814155
0.01273493235 0.2343875264 -40.56225335
0.01403428557 0.2320993203 -41.24277997
0.04196834049 0.2259952932 -70.68016309
0.0569872145 0.1276248158 -57.23080734
0.08929898073 0.08483136281 -81.34901944
0.05775544221 0.06111294471 -35.42735429
0.05622847169 0.0476406985 -29.36902918
-0.06766773853 0.02295137751 50.29321545
-0.07890310306 0.03383872032 46.94514926
-0.07673309928 0.0625496273 37.06162825
-0.05941065628 0.08252338775 29.21484126
-0.007130939366 0.2738889177 -39.50489656
0.01197485423 0.2786678149 -43.08214695
-0.008174697142 0.3269087641 -56.92310021
0.01862655362 0.337216285 -64.40100988
0.008145030789 0.3322359036 -60.88889227
0.004071448519 0.3314350859 -59.76152766
-0.002829498262 0.3211798455 -54.85814215
0.002003952198 0.3234290479 -56.73471698
-0.000978360211 0.3145067103 -53.10478005
-0.004885957104 0.312849016 -51.3117685
-0.009148009483 0.3032535772 -46.78262432
-0.01422215901 0.303865178 -45.3523915
-0.01409188431 0.3041679336 -45.49874657
-0.01201154172 0.3140302457 -49.38262532
-0.01464810851 0.2985661647 -43.22537049
-0.005564782235 0.3014860614 -48.12904591
0.01972088479 0.3208049721 -65.58303828
0.0219925619 0.3188390415 -65.85324408
0.01140091056 0.319292989 -61.08234328
0.008835511479 0.3177411236 -59.3664579
0.00241199102 0.319370674 -56.58736052
0.005594478618 0.3209444091 -58.79206355
0.005718960573 0.322865551 -59.42912439
0.005759100732 0.3320685245 -62.53545516
0.00200226795 0.3301026342 -59.69397589
-0.003504946979 0.3287440997 -55.7718754
0.0004920524753 0.328962268 -58.38504866
0.0004672597746 0.3240799974 -56.64928179
-0.005885427933 0.3244289574 -52.48952448
-0.00052087968 0.32924931 -57.76599111
-0.002065193379 0.3237388212 -54.79129838
-0.002474088806 0.3257647235 -55.13430015
0.003053112871 0.3304071858 -60.99397523
-0.002568326726 0.3230859462 -54.18501699
-0.006917393897 0.3270267444 -51.95353248
-0.001687946656 0.3229504207 -54.94437754
0.001926447347 0.3161535546 -55.8204142
0.005834679215 0.3162575604 -59.34378661
0.00222537516 0.3150027883 -55.62347843
-0.001431731297 0.3083716011 -50.00714957
-0.0005177888014 0.306583385 -50.6139635
0.01552688043 0.276835805 -56.36850462
0.01270960175 0.2696142383 -50.61659869
-0.01523790633 0.2897860136 -29.12171594
-0.0004057259015 0.2769266827 -40.3840651
0.02711036898 0.2738272922 -68.14486272
-0.001277801573 0.2719959621 -36.70423822
0.02683345249 0.2464753402 -59.83637543
0.02695694242 0.2157253929 -49.16321098
0.02579285587 0.2293846963 -52.55098252
0.02511683647 0.2263057877 -51.06476325
0.06536878555 0.1477205624 -73.23457942
0.04429629038 0.1513911992 -48.71920621
0.009026944824 0.1116104454 7.893940803
-0.02391985993 0.03414123969 45.90485832
-0.02150155651 0.07989966668 29.4969085
-0.008790790309 0.1583339775 0.8961288168
0.008122184769 0.2576966538 -34.93982251
0.01473930475 0.2809208498 -43.73373117
0.01385128434 0.2931970225 -48.01310232
0.01516492953 0.3186920254 -57.15472136
0.007034793873 0.3275967326 -59.06792587
0.004365767646 0.3172319542 -54.92150684
0.006623255895 0.323998927 -57.83374598
0.001467641993 0.3193485406 -55.1740405
-0.007263425111 0.3091597594 -49.59087661
-0.0006550207878 0.3086202807 -51.26551464
0.00108215024 0.3083841487 -51.63013696
-0.01357740257 0.2932324231 -41.8617135
-0.01138291559 0.300433191 -45.12508738
-0.006832329158 0.3004497993 -46.84849119
-0.0150239435 0.2901608278 -40.13374125
-0.01283434543 0.2936313697 -42.34860577
0.004615327629 0.3195825688 -58.68878511
0.02785522487 0.3343900679 -73.9312806
0.01590397524 0.3208831064 -63.81150181
0.01448691503 0.3139644032 -60.70451667
0.005537696467 0.3208584169 -58.65779336
0.004126412524 0.3217677838 -58.29509531
0.009199974798 0.3192729418 -60.09442995
0.009657863925 0.318638902 -60.13562563
0.009213492577 0.3183470115 -59.76253958
-0.0003826242864 0.3199699026 -54.64153935
-0.002312351747 0.3188753148 -53.00155485
0.008838917619 0.3191285504 -60.32267927
-0.003191404851 0.3265467796 -54.92592634
-0.002083246504 0.319160319 -53.05291079
-0.001254373592 0.3206872612 -54.23275303
-0.00324578038 0.3196658099 -52.2801528
-0.0002849207005 0.3268749872 -57.14533279
-0.005639474341 0.3273296418 -53.10991177
-0.001338112291 0.3251013717 -55.78769656
-0.001422625018 0.3256298453 -55.90553467
-0.007956771972 0.3246564157 -49.97204963
-0.0037648073 0.3296851548 -55.39142737
0.001529217232 0.3199037641 -56.63873292
-0.005846737681 0.3053885126 -44.62289706
-0.01017880728 0.308244776 -41.54290799
-0.01577018089 0.3015124634 -33.83675532
-0.007759746645 0.2967482772 -39.85757941
0.002522114111 0.2663283054 -39.59586258
0.01395716411 0.2505532641 -45.42457315
0.0156503755 0.2636176238 -52.2364516
0.005699912725 0.279906689 -47.44682873
-0.002513056249 0.2719940525 -35.75458698
0.000548942003 0.2389843188 -28.0004447
0.02732806557 0.248441311 -60.85056114
0.01552608779 0.2671840101 -53.66824625
0.01636772972 0.2208329233 -38.33630927
0.02800922283 0.2164299947 -50.96285612
0.03162184978 0.2056479902 -51.33772418
0.006965629025 0.1824456555 -13.29657374
0.02880616573 0.04258697533 42.32473931
0.04090684898 0.1272350427 10.72054218
0.04664060911 0.2576504655 -37.53144777
0.02398650662 0.299169519 -50.65586927
0.003547757292 0.3198497514 -56.44457696
0.01780410113 0.2813739051 -44.34800392
0.0176656168 0.2810510964 -44.20134005
0.01854253388 0.291061745 -47.95545126
0.006276299153 0.2898814658 -45.57777793
-0.007261788033 0.2831942286 -40.41383528
-0.008652168694 0.2824251698 -39.71578611
-0.007470271721 0.2791605148 -38.8096493
-0.0007744058966 0.2842623567 -42.47638776
-0.007115524329 0.2794286959 -38.88382647
-0.01395172773 0.2716972218 -34.03360723
-0.0120653553 0.2700618226 -34.10927315
-0.1029009551 0.02842503627 87.63779005
-0.01019816202 0.2607942976 -31.5163361
0.002608071073 0.2816825604 -44.00656655
0.01606232133 0.3227185169 -64.55224336
0.0173438188 0.3214569602 -64.6572335
0.01350732994 0.3158158772 -60.85171829
0.01836301881 0.3031890786 -58.67334588
0.008043959793 0.323751841 -60.9970842
0.004299057873 0.3136606955 -55.38853848
0.003185959125 0.3049461115 -51.65434899
0.007965303676 0.2988217306 -52.09750415
0.00943575833 0.3052694987 -55.30630907
-0.000916967065 0.2997541683 -47.03026596
0.00319806429 0.2983776524 -49.18867969
0.004902616762 0.3059793995 -53.02392905
0.002235304499 0.3110350531 -53.11548308
-0.00398475612 0.3056650113 -46.95586718
0.001040184665 0.3009326078 -48.80514037
0.001476394238 0.3095943612 -52.17913054
-0.003466217216 0.3060806928 -47.26033289
0.002793207412 0.3054397346 -51.91146024
0.0001577807938 0.3121696687 -52.31858313
0.00240034666 0.3197652059 -56.93380946
-0.007554541561 0.3154470723 -46.98699446
-0.00550613016 0.3171352454 -49.42420943
-0.001939691166 0.3089951457 -49.60502858
-0.002607661173 0.299991975 -45.75218499
-0.008083139008 0.2930277661 -38.03912428
-0.01669971668 0.2848059463 -26.88161524
-0.02834152561 0.2819591721 -14.44773091
-0.02831675093 0.2541662037 -4.510935108
0.005339041523 0.1934443804 -16.48384356
0.0273762885 0.2518477265 -60.40785512
0.003546816661 0.2786224999 -44.56188216
-0.004303685774 0.2351492907 -20.62473621
0.01557501764 0.2621896908 -52.13981804
0.01836871992 0.2632820997 -55.54363457
-0.01125219224 0.2213215685 -6.28305817
-0.01081791937 0.2566964114 -20.05228917
0.01751146253 0.1825812316 -26.61022922
0.0177741095 0.1530569933 -15.97323908
-0.00525262361 0.1662411724 7.42323576
