-0.0418218 -0.0569011 31.9333
-0.0416226 -0.0593945 31.9575
-0.0505715 -0.053087 32.1317
-0.0341753 -0.028103 30.6824
-0.0313332 0.00929703 29.7921
-0.0237342 -0.0304763 29.1817
-0.0536445 -0.0411815 33.0815
-0.0357499 0.0564129 13.4577
0.0461217 0.101345 16.3299
0.00575223 0.102328 24.629
-0.0270912 -0.0170223 33.521
-0.0134888 0.0166731 28.6076
0 0 -1
-0.00351939 -0.014809 26.0898
0.00176869 -0.0377493 25.8394
-0.0468445 -0.0118853 42.079
-0.0197328 -0.00913331 32.3388
-0.00899332 -0.0217708 28.7088
-0.00869824 -0.012727 7.42429
0.00958446 -0.0127708 0.120856
-0.00455762 -0.0330275 6.71708
0.0141496 -0.0104629 -2.19901
0.0199408 -0.0110351 -4.83275
0.00248287 -0.0148698 4.14159
0.00150283 -0.00937187 4.24578
-0.00342463 -0.00808816 6.89611
-0.023986 -0.00717801 18.3193
-0.00982246 0.00548251 9.69636
0.0209108 0.00632718 -9.00918
0.0870304 -0.0119272 -50.5003
0.119422 -0.038966 -70.3563
0.0493154 -0.0273613 -23.9157
0.0369762 -0.0172121 -16.1636
0.0680182 -0.0241029 -37.4905
0.0253186 -0.0126175 -6.04463
0.00652426 -0.00679283 8.04749
-0.0108037 -0.00160293 21.2881
-0.00397236 0.0108879 15.5676
0.0239947 0.0140266 -7.37371
0.0155281 0.000422583 -0.00800463
-0.00575787 -0.0186561 18.4632
-0.0072197 -0.0138427 11.6837
0.0980623 -0.0374635 -71.7642
0.0531296 -0.00781634 -30.0327
0.0332801 0.0106965 -11.5415
0.0497752 -0.00642434 -27.7036
0.110442 0.0208491 -87.8036
0.0809173 0.014283 -56.7978
0.0147596 0.0160364 11.503
-0.000347486 0.0131799 27.1737
0.0394083 0.0150026 -16.3555
0.0686068 -0.0332124 -46.9437
0.0346297 0.0305376 -11.0824
0.073823 0.0183765 -56.0161
0.0703629 0.00475817 -51.2986
0.0466656 0.0398128 -23.6286
0.0669336 0.0405813 -48.3478
0.0625801 0.0303157 -42.7175
-0.0425016 -0.0563804 31.9353
-0.043205 -0.0555811 31.9306
-0.0456648 -0.0420224 31.5971
-0.0314034 -0.0215255 30.2584
0.0253292 0.330871 86.7752
-0.0668661 0.0991473 106.271
0.0317135 -0.0520506 72.6995
0.0379797 -0.013772 70.3845
-0.0745982 0.0793589 91.9081
-0.0465083 -0.0668739 92.6469
-0.0103447 -0.0838674 86.9727
-0.0133115 -0.0121629 29.4313
0.0138166 -0.0190834 22.7179
-0.00436588 -0.027293 26.462
-0.00136749 -0.0109058 4.80531
0.00114677 -0.0119453 3.99907
-0.0106852 -0.0350512 29.5954
-0.00136001 -0.00665255 4.31722
0.000751497 -0.0064583 3.33506
0.0142088 -0.00367095 -2.20239
0.0110266 0.00254513 -1.13852
0.0301101 -0.0513353 -8.59666
0.0175484 0.000727878 -4.06276
0.0138583 -0.0152164 -1.60348
0.0163531 -0.00962149 -3.66892
0.000802722 -0.00793374 4.72473
-0.0225475 -0.00492358 17.4922
-0.00750418 -0.00270048 8.51716
0.0131988 -0.00382287 -4.05213
0.0501998 -0.0193374 -26.8555
0.110563 -0.0361597 -64.8092
0.0554286 0.0108271 -29.024
0.0454124 -0.0040324 -22.1512
0.0482506 0.00263784 -23.4774
0.0252105 -0.023098 -5.69096
0.0141104 -0.00347075 2.10527
-0.0109326 0.0163759 21.0023
0.0123711 0.0258236 1.42595
0.0159602 0.0184883 -0.863503
-0.0011998 0.00488364 14.1648
0.00311864 0.012046 9.90999
0.121397 -0.0378731 -93.7967
0.105625 -0.040394 -78.6114
0.0854232 -0.00185185 -60.6219
0.0245065 0.0188908 -3.61799
0.0525662 0.00708192 -30.5055
0.0961861 0.0286249 -73.9243
0.0926849 0.0178659 -69.2366
0.0197331 0.0120471 6.30964
-0.00675708 0.0159989 33.9396
0.00463257 0.0113702 21.5238
0.057105 0.00615167 -35.8882
0.0431127 0.0157493 -20.4528
0.0434324 0.0147365 -20.3093
0.0685142 0.010075 -49.5562
0.0658205 0.0107934 -46.0872
0.0747671 0.0241331 -57.4609
0.0703182 0.0291208 -52.2127
-0.0113474 0.0231416 105.327
-0.0124681 0.0238932 105.337
-0.017912 0.0269628 105.432
-0.0307938 0.0279623 106.274
-0.0466675 0.0286561 107.679
-0.0920815 0.0418135 112.204
-0.131558 -0.0200607 121.142
-0.20396 -0.0148061 130.98
0.049255 0.035188 84.1468
0.0575342 -0.032271 88.1689
-0.109944 -0.00379607 122.461
-0.0372463 -0.0564827 91.6001
-0.0637651 -0.0908452 100.995
-0.00233554 -0.00463798 4.65591
-0.000394874 -0.0171911 4.72644
-0.00802272 -0.0219121 7.42676
-0.00679589 -0.00738052 6.42117
-0.0024575 -0.00174249 4.44172
-0.000723853 0.00086872 3.66562
0.0155368 -0.000314267 -2.87639
0.0331375 0.0210576 -11.6398
0.00666363 0.03115 0.145524
-0.00598898 0.0256185 6.4629
0.00898611 -0.0100196 0.740013
0.0104709 -0.00886253 -0.441222
-0.00433803 -0.00671018 7.61404
-0.0268315 -0.0168429 20.6781
-0.00162066 -0.0180809 6.0914
0.0115372 -0.0181642 -2.01012
0.0251951 -0.0462201 -9.19982
0.105927 -0.0126411 -61.9527
0.0666087 0.022649 -37.223
0.0688141 0.0332177 -39.367
0.0334149 0.0171429 -13.2581
0.0288298 0.0111205 -9.78636
0.0189314 0.00784133 -2.38721
0.0214333 -0.000244664 -3.79452
0.00700366 0.0343702 5.72343
0.0221942 0.048272 -7.43317
-0.0359608 0.0702697 41.1403
-0.0147245 0.0330766 24.3388
0.0615305 -0.0272996 -40.2805
0.127418 0.00506399 -100.68
0.0656472 0.0447496 -43.6423
0.0430818 0.0583845 -22.896
0.0690654 0.0686497 -48.9692
0.0830059 0.0384312 -60.9191
0.0659641 0.0175951 -42.0582
0.0186475 -0.0136553 8.42547
-0.0046994 0.0203688 31.3378
0.028619 0.0206359 -5.41394
0.064475 0.0366269 -45.3658
0.0560923 0.0241134 -35.2902
-0.777671 0.479623 909.723
0.0273088 0.0209949 -1.80884
0.0691212 0.00608183 -50.0588
0.126596 0.0881028 -109.572
0.0546159 0.0520356 -18.4348
-0.0108773 0.0237814 105.289
-0.0115136 0.0243102 105.288
-0.0161378 0.0245714 105.512
-0.0324525 0.0294825 106.305
-0.0432587 0.0210877 107.901
-0.0790795 0.0370074 110.757
-0.1456 0.0353602 119.453
-0.0015079 -0.00884486 96.5751
0.0541661 0.0303953 83.6613
0.0533464 -0.011824 88.0597
-0.0386529 0.00760593 105.678
-0.0565264 -0.0368938 94.8249
-0.0803518 -0.0221064 100.345
-0.127672 -0.0085956 112.201
-0.15281 -0.072511 125.069
-0.00497281 -0.0137525 5.80481
-0.000435963 -0.00606113 3.96798
-0.000898189 -0.0028542 3.87881
0.00460848 -0.00112097 1.55472
0.0374404 0.0101587 -12.8806
0.0465245 0.0346365 -17.9421
0.00676196 0.0242556 0.997936
-0.020788 0.0172456 14.0658
-0.0143318 -0.0032438 12.1876
-0.00117662 0.000263037 5.21865
-0.0140099 -0.00391335 12.6737
-0.0446395 -0.0263524 31.4431
-0.0214863 -0.043065 19.0526
0.0179758 -0.12077 1.42659
-0.00145958 -0.063021 8.76658
0.00736983 -0.0572633 2.47032
0.0702357 0.0358632 -40.3476
0.0466426 0.0154632 -22.2645
0.0232425 0.023326 -6.32049
0.0306898 0.0167193 -11.239
0.0418208 0.0124308 -19.3764
0.016691 0.0225188 -1.22417
0.0332485 0.0325324 -15.4074
0.0627766 0.0458019 -40.7668
0.0163649 0.0362822 -0.347287
-0.0427963 0.0555949 47.1458
0.015962 0.0174874 -2.22368
0.256006 0.0227553 -220.422
0.223328 0.0465767 -192.058
0.0110005 0.0462753 9.61646
0.0866489 0.0517555 -65.0156
0.166442 0.363273 -166.899
0.120725 0.400248 -123.101
0.0558176 0.472967 -61.5256
0.056969 -0.00286793 -21.1197
-0.0416139 0.158107 74.2435
0.047185 0.0119597 -11.6087
0.0502451 0.0267768 -16.221
0.0466764 0.0684732 -15.4653
-0.109521 0.0781158 158.627
-0.228646 0.351137 298.065
0.0251648 0.0185948 19.5638
0.056484 0.0815243 -22.7419
0 0 -1
0 0 -1
-0.00845965 0.0233583 105.174
-0.0526711 -0.38706 143.864
-0.0575445 -0.389116 144.496
-0.0894078 0.0423275 111.607
-0.128199 0.0482543 116.11
-0.235448 0.0478682 130.337
0.0560218 0.0166127 84.7968
0.0278969 0.00337125 92.0649
-0.00865044 0.00923094 98.8781
-0.0519849 0.0125559 89.854
-0.0858106 0.0101509 99.2606
-0.153087 -0.00404641 119.204
-0.208345 -0.0420816 139.622
-0.25146 -0.0455635 153.485
-0.256045 0.0105226 148.89
-0.061497 0.0148574 25.1445
0.0324786 0.0220336 -11.7704
0.0639756 0.0281 -25.4535
0.0436511 0.0186003 -15.2945
0.00376522 0.00617954 3.90641
-0.0301046 0.0159195 18.969
-0.00740106 0.0116216 7.48174
-0.00837969 0.00474726 8.82932
-0.0405015 -0.0184808 28.5233
-0.0481648 -0.0259426 33.086
-0.0166184 -0.0226444 14.0697
-0.0103236 -0.0201156 10.1916
0.00953021 -0.0149925 -2.41582
0.0181894 0.00134007 -9.76702
0.0106948 -0.00265888 -4.476
0.0570625 -0.0133897 -27.1654
0.0370811 -0.00421531 -13.9368
0.0268867 0.00648101 -7.63208
0.0307562 0.00201724 -10.0783
0.0100275 0.0346785 2.64456
0.0360682 0.0202946 -16.9922
0.0496377 0.0307585 -28.2527
-0.0317328 0.0478125 39.0012
-0.0938234 0.0423735 93.296
-0.0243737 0.0417036 31.4276
0.282885 0.0241914 -245.504
0.278733 0.0414278 -243.253
0.0871499 0.0424227 -57.2534
0.091616 0.130535 -71.0298
0.115602 0.0305512 -83.5743
0.0576108 0.0432824 -26.4003
0.0466938 0.0157639 -12.5846
0.0644126 0.00801312 -30.2905
0.0607518 0.0243781 -27.004
0.0392833 0.0239981 -3.83901
0.0379033 0.0239955 -2.28245
0.193671 -0.104182 -166.641
0.167556 -0.193052 -127.323
-0.0356328 -0.0627621 100.451
0.20767 -0.207369 -183.535
0.149071 0.0426123 -133.876
0.00461162 0.036712 102.862
0.0043319 0.0330169 103.333
-0.0009553 0.0260786 104.455
-0.0183188 0.0147454 107.087
-0.0351965 0.0146329 108.698
-0.0848762 0.0184665 113.809
-0.136463 0.0363792 118.335
-0.160927 0.075021 115.413
0.00837578 0.00222376 95.4765
0.0134942 -0.00251305 95.2534
-0.0368302 0.0276158 103.223
-0.0894101 0.0314616 97.5628
-0.103786 0.00168972 105.329
-0.164906 0.0200136 120.49
-0.220063 0.0043041 138.49
-0.240361 -0.004469 145.335
-0.25459 0.0153716 147.821
-0.241063 0.0158853 142.925
-0.231524 0.030104 137.417
0.0279905 0.0344061 -10.2071
0.0254209 0.0136405 -6.75374
-0.00679105 -0.00565587 9.94068
-0.0202555 -0.00150716 16.0303
-0.0273927 0.00711439 18.3082
-0.0179053 -3.04243e-05 14.3511
-0.0427295 -0.0194358 30.2578
-0.063574 -0.0102568 40.3394
-0.0243944 -0.00837865 17.3566
5.33842e-05 -0.00394661 2.33439
0.0192897 0.000742605 -10.1129
0.0264412 0.0127408 -16.3697
0.282545 0.0176038 -187.302
0.0809489 -0.0314545 -41.7351
0.04333 -0.0145875 -17.0077
0.0380531 -0.00632887 -14.5975
0.0494529 0.0149263 -26.1141
0.0290562 0.0414865 -13.315
0.0306294 0.0607174 -17.0093
0.0530461 0.0610185 -35.3071
0.0744056 0.0887926 -56.1516
-0.0500291 0.0625032 52.9062
-0.0639085 0.0377855 66.9134
0.174901 0.336543 -176.012
0.0508244 0.0820506 -27.2231
0.0983937 0.0493369 -68.6777
0.0955698 0.0419232 -65.0252
0.107106 0.0392842 -76.1886
0.0585795 0.0241497 -24.8861
0.0384185 0.0204466 -3.87685
0.0818663 -0.00640964 -46.7734
0.0474149 0.00642847 -10.5756
0.0189421 -0.0210614 24.1503
0.0145027 0.00783096 26.4798
0.0350594 -0.0387346 7.95026
0.0195574 0.0137256 18.9571
0.125935 -0.11238 -87.7502
0.107288 -0.0805593 -68.3786
0.103236 -0.115514 -59.2308
0.00109605 0.0385536 102.662
-0.00144388 0.0359254 103.12
-0.0100893 0.0364314 103.477
-0.0221538 0.0242073 106.085
-0.0463681 0.0235472 108.491
-0.0253538 0.0199615 106.701
-0.103829 0.0287658 115.056
-0.181183 0.0682174 119.733
-0.0583678 0.0254991 103.842
0.0406115 -0.0232463 92.4736
0.00897344 0.0320988 92.2843
-0.158964 0.02704 116.165
-0.118868 0.0244881 105.989
-0.169422 0.0185669 121.75
-0.227184 0.012547 139.717
-0.240457 0.0232825 142.226
-0.247327 0.031363 143.292
-0.243974 0.0262649 142.743
-0.238712 0.0209434 141.549
0.0114924 0.00330035 0.517894
0.00298024 0.00689342 3.73897
-0.00199533 0.00557777 6.18848
-0.0142871 -0.00632173 13.6213
-0.0227932 -0.00397627 17.4679
-0.0306216 -0.0181826 23.5072
-0.051326 -0.0229803 35.0484
-0.0343143 -0.00751772 22.9846
-0.00933744 -0.00231591 7.8125
0.0114267 0.00439689 -5.68476
0.0259592 0.0145376 -16.2532
0.085845 0.0334108 -58.1427
0.158078 -0.00760223 -99.4838
0.0862164 -0.0616014 -41.8309
0.0473093 -0.0512661 -15.7035
0.0694091 -0.0203784 -36.9375
0.0669827 0.00054873 -37.6733
0.0484709 0.0499995 -29.5908
0.0593337 0.0727623 -41.1266
0.0720094 0.100826 -55.5579
0.107358 0.0682378 -80.4327
0.125444 0.0810141 -98.3007
0.122007 0.0612956 -92.6962
0.118276 0.0219312 -83.9068
0.10052 0.0149333 -66.2293
0.0879618 0.0161368 -54.3402
0.0933543 -0.0107103 -56.0341
0.0881317 0.00501841 -52.9755
0.0516452 0.0111285 -15.6847
0.00718761 -0.00651391 32.5764
0.0452753 -0.0220536 -5.83742
0.0746031 -0.0386224 -34.679
0.0299105 -0.0356954 13.3496
0.0235494 -0.0199749 18.4553
0.0286715 -0.0244199 12.8817
0.0440592 -0.0123332 -6.44856
0.155198 -0.0587835 -131.106
0.167053 -0.0469623 -145.964
0.0993242 -0.103283 -56.3349
-0.000340725 0.0424285 102.085
-0.00209194 0.0430172 102.065
-0.0401261 -0.156658 131.51
-0.0294012 0.0468809 103.036
-0.027465 0.0706947 98.7326
-0.0637925 0.0388737 108.676
-0.160812 0.0542989 119.467
-0.188841 0.0369946 126.335
-0.164182 0.0313509 122.891
0.0134264 0.0390616 90.3203
-0.529297 -0.192739 238.45
-0.188726 0.0189971 124.691
-0.13609 0.026369 110.28
-0.142908 0.0219382 113.491
-0.219558 0.0235467 135.809
-0.243712 0.0260303 142.951
-0.248857 0.0261309 144.67
-0.249791 0.0245109 145.324
-0.24106 0.0159443 143.329
0.0461736 0.0392368 -20.2058
0.0102452 0.0357288 -3.94923
-0.018439 0.0237275 10.9897
-0.026279 0.00347544 17.4216
-0.0222713 0.00784194 15.0537
-0.0620283 -0.00411373 37.4595
-0.048024 -0.00866745 30.7564
-0.0285296 0.025485 14.35
-0.0101962 0.0102705 6.38838
0.0286276 0.042302 -22.2147
0.032462 0.0461987 -25.1559
0.104378 -0.0025132 -64.9902
0.0664653 0.0153354 -40.5672
0.0758679 -0.0352695 -38.8479
0.0732027 -0.0124107 -40.8649
0.0893272 0.00249519 -55.2536
0 0 -1
0.0950538 0.00803547 -60.1489
0.0888543 0.0203439 -57.0645
0.0788373 0.0325243 -51.0122
0.0923613 0.0212137 -60.6117
0.117869 0.0383502 -85.4845
0.0926399 0.0183479 -60.0677
0.0990678 0.000182205 -63.092
0.0964716 -0.00320292 -59.9619
0.0877253 -0.0138775 -49.7711
0.0686837 -0.0154685 -31.0121
0.0780941 -0.0308476 -38.099
0.0723776 -0.0226942 -33.2553
0.0545522 -0.0253428 -15.1444
0.0263225 -0.0093276 12.4286
0.0483983 -0.0364346 -7.95589
0.0473293 -0.0228769 -7.919
0.0480567 -0.00668505 -10.8498
0.027542 0.00451679 10.1769
0.0918045 0.00194844 -65.1389
0.172602 -0.0241911 -157.251
0.20981 -0.0350277 -200.022
0.234353 -0.0282564 -230.319
0.00020591 0.0503285 100.73
-0.0012336 0.0509524 100.668
-0.00898664 0.0497231 101.256
-0.00835975 0.0742368 96.7222
0.00390737 0.0795382 94.7994
0.0021671 0.109467 89.7562
-0.191845 0.0266721 128.842
-0.178937 0.00470948 130.703
-0.194985 0.00170664 133.401
-0.216697 -0.0351748 144.381
-0.262828 -0.0244653 149.954
-0.191481 0.0302946 123.752
-0.123227 0.0180313 108.3
-0.173359 0.0336022 120.304
-0.231552 0.0343864 137.725
-0.241964 0.0336923 140.978
-0.23691 0.026551 140.303
-0.259514 0.0219569 149.564
-0.268553 0.0142472 154.455
-0.080551 0.0225336 40.1971
-0.0268983 0.0697265 7.60943
-0.0370679 0.046539 16.1173
-0.0386882 0.0474619 16.2923
-0.0293213 0.0369049 13.2909
-0.0423829 0.0604295 15.9091
-0.0224254 0.10019 -2.26738
-0.0212337 0.0637587 2.95506
-0.00747155 0.0666537 -4.94253
0.0914351 0.0961666 -70.0507
0.284415 0.0473609 -180.798
0.0197894 0.054785 -13.6505
-0.0280048 0.0646329 16.3927
0.0201078 0.037454 -12.8166
0.0548923 0.0206756 -33.6426
0.0669272 0.0220952 -42.2176
0.0991036 0.00355307 -62.6902
0.0970748 -8.02534e-05 -60.2183
0 0 -1
0.0805179 0.011289 -48.8828
0.0896294 0.0132208 -56.9639
0.0911899 0.0122105 -58.0162
0.0806547 -0.00341785 -45.8098
0.0934157 -0.00671193 -56.9066
0.103378 -0.0100823 -65.3777
0.0914113 -0.00782806 -54.298
0.0905101 -0.0166611 -52.1141
0.0784414 -0.000770135 -43.5854
0.0801248 -0.0096961 -43.0659
0.0384581 -0.00197346 -1.94217
0.050927 0.00433568 -16.3046
0.0481966 -0.00369376 -11.6653
0.0521353 0.0119638 -18.7091
0.0596418 0.000286782 -24.8858
0.0132776 0.0213975 23.7863
0.0583516 0.0599509 -36.1616
0.125439 0.0459309 -113.499
0.177009 0.042636 -173.878
0.206602 -0.0318433 -196.525
0.00389169 0.0565521 99.4713
0.00187558 0.0578207 99.2576
-0.000952201 0.0615015 98.642
0.00252098 0.0622129 98.3238
0.00978935 0.0611586 97.957
-0.0203703 0.0289131 108.669
-0.13063 0.0323038 117.567
-0.1993 0.028625 129.105
-0.246534 0.0127388 140.428
-0.238151 -0.00796184 142.955
-0.238841 0.0187054 136.957
-0.2106 0.0302606 128.59
-0.135111 0.0160485 111.726
-0.129897 0.0238652 109.364
-0.203239 0.0283098 130.522
-0.25362 0.0285911 145.869
-0.244501 0.0153006 145.375
-0.259818 0.0228669 149.555
-0.263479 0.0135369 152.82
-0.0703817 -0.00243529 40.6562
-0.0543987 0.0195656 29.2778
-0.036098 0.0933744 5.85925
-0.0118795 0.276322 -44.4663
-0.0224105 0.139409 -10.1192
0.00955102 0.208361 -40.9393
-0.00174914 0.168104 -26.2208
0.0100461 0.302796 -60.5025
0.0242689 0.301537 -68.7281
0.0191179 0.287384 -62.8585
0.0760631 0.130449 -65.7736
0.0532039 0.0711077 -38.5724
-0.00871286 0.112228 -6.17261
0.0152758 0.177923 -36.6519
0.025189 0.0920394 -26.0769
0.0519266 0.015702 -29.5371
0.185566 0.0243632 -110.734
0.175858 0.0546155 -109.373
-0.00125583 -0.0135796 47.5893
-0.10159 -0.0846239 143.592
-0.0804979 0.106813 85.37
0.0995507 0.16553 -80.7229
0.128872 0.00278121 -70.9602
0.0922592 -0.00864615 -55.3927
0.106452 -0.000215512 -70.1931
0.0953072 -0.00982197 -57.5644
0.0890685 -0.00779278 -51.7781
0.0565183 0.0276211 -27.5474
0.0628765 0.00898462 -29.488
0.0458919 0.0133336 -12.9906
0.0549906 0.0329399 -26.5796
0.0539181 0.0104668 -20.1333
0.0583771 0.0332707 -29.8659
0.0226258 0.0436258 8.86059
0.0453459 0.0748782 -23.6993
0.0901148 0.0914043 -79.2643
0.10979 0.0625981 -96.8028
0.141594 0.0458093 -131.572
0.164855 0.01718 -154.367
0.00406478 0.0602371 98.6855
0.00217876 0.0613421 98.5153
-0.00614946 0.0608778 99.1256
-0.00503833 0.0488797 101.889
0.00664311 0.0414029 102.619
-0.0547894 0.00254629 118.264
-0.163605 0.0859794 110.49
-0.192499 0.0558859 122.341
-0.245737 0.0567229 131.145
-0.262445 0.059279 133.284
-0.226736 0.069617 123.698
-0.213826 0.0282446 129.588
-0.155037 0.00533118 119.411
-0.131631 -0.00416175 116.091
-0.222221 0.0334394 135.07
-0.250789 -0.011385 153.616
-0.231596 -0.00326115 144.859
-0.251278 0.011626 148.938
-0.253584 0.00667159 150.534
0.00164814 0.282508 -51.7648
-0.0011476 0.26615 -47.3086
0 0 -1
0 0 -1
0.00955377 0.30457 -61.3381
0.0126019 0.32196 -66.6772
0.0124917 0.331326 -68.5207
0.0209039 0.332219 -73.3181
0.0203502 0.322052 -70.605
0.00913085 0.332013 -66.0162
0.0108497 0.343097 -69.8985
0.022678 0.317549 -71.7937
0.0196668 0.232319 -50.894
0.0290908 0.342804 -81.768
0.00396492 0.271371 -47.7715
0.199702 0.00355241 -116.843
0.208187 0.0509533 -133.77
0.155593 0.0392674 -89.3639
0.082254 0.0706011 -37.4914
0.0833174 -0.0982648 -7.26151
0.0743874 0.206237 -66.7088
0.0237269 0.133432 -5.58259
0.0442334 0.123833 -22.1675
0.0498597 0.0126001 -1.722
0.103188 0.0147401 -70.7281
0.102282 -0.00390411 -65.86
0.0881677 -0.0260652 -47.1531
0.0699068 -0.0094726 -32.7389
0.076915 -0.024814 -35.9023
0.0749114 -0.0125499 -37.0768
0.0738775 0.0180302 -42.6618
0.0661362 0.0155012 -33.8044
0.053504 -0.00040942 -16.61
0.0661922 0.0227446 -35.9539
0.0579918 0.0482468 -32.1454
0.0807717 0.0537397 -59.4051
0.0952526 0.0260049 -70.4235
0.0903679 0.0359175 -67.1411
0.0903365 0.0191256 -63.5285
0.00571279 0.0680913 96.7899
0.00279904 0.0668943 97.1906
0 0 -1
-0.0173997 0.0620382 99.6036
-0.0180852 0.0303073 107.542
-0.0570227 -0.032118 127.082
-0.163949 0.0227313 126.402
-0.192821 0.0627352 120.549
-0.224367 0.0886002 119.301
-0.228506 0.107686 115.656
-0.260573 0.0463829 137.268
-0.238825 0.0295953 135.038
-0.175237 -0.0184299 130.716
-0.15571 -0.0708568 138.824
-0.230789 -0.0228921 150.157
-0.22159 0.0101712 137.46
-0.19988 0.0242141 126.323
-0.241109 0.0188258 143.301
-0.263808 0.0183571 152.295
0.0044771 0.306017 -59.0906
0.00346793 0.293515 -55.6678
0.00924642 0.291333 -57.9385
0.00612814 0.327895 -64.9755
0.00635129 0.339034 -67.6152
0.0077212 0.358501 -72.7566
0.00890464 0.358907 -73.2758
0.0152142 0.366396 -78.7133
0.0135112 0.343993 -71.7971
0 0 -1
0.0043863 0.334074 -63.7717
0 0 -1
0.0333897 0.184557 -45.9602
0.0268942 0.302208 -70.815
0.0277742 0.295618 -69.7342
0.301884 0.0160637 -197.939
0.242194 0.00958492 -150.09
0.207905 0.0351513 -129.268
0.0924833 0.0337463 -36.8426
0.00761747 0.0634659 25.0005
-0.000456356 0.0356451 38.5523
0.000953869 0.0544066 32.8902
0.0143361 0.028017 26.856
0.0264141 -0.0168975 26.6181
0.0399622 0.27739 -74.7755
0.0167716 0.205672 -34.1577
0.0175865 0.173176 -26.1661
0.0592026 0.0211765 -29.6155
0.0689681 -0.0357244 -25.9773
0.0910727 -0.00851348 -55.6723
0.0908623 -0.0242937 -51.1894
0.0665422 0.0421144 -41.1392
0.0576607 0.0457074 -32.2046
0.0617937 0.0230138 -31.2041
0.0686273 0.0185171 -37.8932
0.0999778 0.0189292 -74.7767
0.0769992 0.0111188 -45.5425
0.0731898 0.00693277 -39.5963
0.0727837 -0.000785435 -36.9284
0.00579965 0.072589 95.617
0.00366587 0.0735326 95.4409
-0.00335632 0.0729373 95.9479
-0.0220027 0.0737207 96.9411
-0.0577225 0.0777448 98.9491
-0.104844 0.0332915 115.745
-0.142396 0.132587 93.8571
-0.160095 0.119975 100.805
-0.190994 0.0802847 115.905
-0.136721 0.0399971 116.665
-0.192798 0.0492357 125.731
-0.228561 -0.00124607 140.258
-0.175835 -0.0171342 130.266
0.0421187 -0.167783 105.184
-0.225859 0.00772309 139.529
-0.227478 0.0302956 134.59
-0.220526 0.0408614 129.733
-0.229533 0.0188455 139.133
-0.258275 0.0385251 144.728
0.0215147 0.345219 -76.5208
0.0189371 0.345368 -75.4267
0.0222077 0.346437 -77.1145
0.0191208 0.333787 -72.0988
0.0106694 0.344238 -70.8281
0.0195901 0.338311 -73.8032
0.0101183 0.335747 -67.8442
0.0161832 0.342845 -73.1328
0.0214839 0.327066 -71.8597
0.00145714 0.333966 -61.8648
-0.0139967 0.323416 -49.4132
0.00161015 0.319775 -58.5267
0.0092083 0.318793 -63.1295
0.0240728 0.299028 -68.1883
0.0301056 0.292511 -70.7028
0.166388 0.218748 -150.674
0.278949 -0.0288815 -168.537
0.260912 -0.013996 -157.761
0.0277392 -0.00906777 26.1657
0.031515 -5.96392e-05 21.1292
0.0126843 0.0190251 31.598
0.00424996 0.0406961 33.058
-0.00865478 -0.0474985 65.626
-0.00424385 -0.0220433 55.4254
0.00817075 0.295388 -49.6825
0.0392741 0.249152 -66.7664
-0.00250045 0.265269 -30.4953
0.0166195 0.274826 -51.1767
0.0254533 0.291023 -64.6164
0.0309754 0.271527 -65.303
0.0728661 0.226802 -97.3744
0.0791532 0.119193 -75.6613
0.0431064 0.137261 -40.883
0.040498 0.0451665 -13.0652
0.0505168 0.0184961 -17.0341
0.070795 0.00670881 -37.2054
0.0820914 0.00329869 -49.5021
0.0702486 0.0120791 -37.3397
0.0731468 -0.0182979 -32.9621
0.00927612 0.0784171 93.9419
0.00768387 0.081965 92.9768
0.00293219 0.0875761 91.6284
-0.0162462 0.0987505 89.7347
-0.0496267 0.127264 84.4187
-0.0835386 0.160328 78.5495
-0.135941 0.144311 91.9772
-0.203199 0.100881 113.244
-0.215652 0.0711226 122.981
-0.16954 0.0299069 125.103
-0.154825 0.025406 123.72
-0.20186 0.00518537 140.512
-0.0919224 0.00782266 100.18
-0.0943689 0.014609 99.3948
-0.150093 0.0432201 108.117
-0.236773 0.0322979 137.33
-0.236999 0.0142034 143.046
-0.248691 0.00482155 150.022
-0.237615 0.00616748 145.519
0.0277206 0.33875 -77.2947
0.024069 0.336819 -75.0729
0.0212791 0.34418 -76.0711
0.0165686 0.335276 -71.2062
0.0143311 0.336461 -70.365
0.00737658 0.332343 -65.6932
0.000144003 0.321634 -58.6516
0.0089209 0.31717 -62.1568
0.0116403 0.32367 -65.4967
0.00356035 0.327539 -61.7687
0.00209046 0.320015 -58.6916
-0.00083739 0.319146 -56.4097
0.000588744 0.319472 -57.3971
-0.00318866 0.31132 -52.5788
0.0153765 0.306217 -64.0188
0.0484605 0.279564 -80.5263
0.0856706 0.219898 -91.1382
0.275791 -0.0251478 -166.786
0.069215 -0.086446 15.1621
0.0698414 -0.0575903 5.48233
0.00364726 0.025082 37.0665
-0.00816918 0.0329218 45.0429
0.0258718 0.000547282 20.743
-0.00993081 0.0565324 37.0099
0.01929 0.236044 -43.2445
0.0381747 0.258593 -67.1985
0.0456173 0.287486 -83.0866
0.0426622 0.264201 -74.2858
0.0336309 0.306128 -77.5028
0.0400815 0.296093 -81.2817
0.0393017 0.295091 -79.5879
0.0256325 0.279033 -60.9853
0.0272881 0.262939 -58.1438
0.0545766 0.368106 -119.995
0.0280826 0.312907 -73.7328
0.038533 0.288458 -78.6553
0.0659949 0.251055 -100.076
0.0376333 0.252059 -65.5305
0.0279498 0.224557 -45.4962
0.0146838 0.0858714 91.6266
0.0153224 0.0903369 90.2291
0.0139137 0.0961605 88.514
0.00418024 0.104085 86.7784
-0.0275791 0.110396 87.7931
-0.0588221 0.154269 77.8061
-0.225917 0.0547198 131.098
-0.232693 0.0754816 124.067
-0.216976 0.0797383 120.609
-0.209729 0.0793498 119.216
-0.200802 0.0444733 127.996
-0.213027 -0.0123877 148.481
-0.135227 -0.00279054 115.433
-0.1012 -0.00625084 107.551
-0.183484 0.0394823 118.628
-0.112472 -0.317484 201.912
-0.0643289 -0.110375 118.885
-0.241126 0.00890269 145.837
-0.220693 0.0117083 137.179
0.0315949 0.349358 -81.9808
0.0183852 0.341135 -73.8799
0.0152397 0.33979 -72.0868
0.0176428 0.330043 -70.1965
0.017316 0.325701 -68.733
0.00467894 0.328408 -62.9484
0.0041153 0.339941 -66.2739
0.0136097 0.328424 -68.1145
0.0118646 0.340502 -70.7275
0.00280573 0.335058 -63.3688
0.00185824 0.340753 -65.02
-0.00839098 0.32306 -52.8352
0.00979756 0.328811 -66.8293
-0.00247247 0.321017 -55.4872
0.0101142 0.328522 -67.0319
0.0260986 0.300943 -70.1921
0.0386322 0.288002 -75.7095
0.0560675 0.256058 -79.2242
0.0543959 0.234013 -71.1415
0.0364657 0.220731 -52.094
0.0124095 0.0677731 16.3558
-0.0246385 0.145875 24.7285
-0.00457109 0.299735 -41.7325
0.0182976 0.307181 -64.409
0.0343942 0.292191 -74.7882
0.0376442 0.274578 -72.4219
0.041979 0.254164 -70.2271
0.0468823 0.26096 -77.0767
0.0491943 0.273825 -83.1562
0.0307454 0.300239 -71.9991
0.0331879 0.276706 -67.466
0.0283974 0.301539 -69.8502
0.0186296 0.332852 -69.623
0.0289777 0.326193 -78.7134
0.0206979 0.308577 -64.0919
0.0302892 0.298644 -72.0075
0.0562698 0.273657 -95.1914
0.00827149 0.2573 -31.413
-0.0592234 0.140331 87.3352
0.0188814 0.0931427 89.2394
0.0195359 0.0960706 88.2655
0.0170264 0.0974315 87.9807
0.0032235 0.0933226 90.3921
-0.0337661 0.0718904 101.029
-0.050381 0.0731271 102.548
-0.212771 0.0237751 140.403
-0.2364 0.0696136 127.361
-0.237958 0.0574281 131.991
-0.246202 0.0449614 138.041
-0.272816 0.0441198 143.838
-0.236243 0.00709803 146.555
-0.260412 0.0567142 130.515
-0.223794 -0.216667 211.406
-0.144824 -0.292355 213.829
-0.0776625 -0.0185943 93.0244
-0.0289581 -0.0278626 79.321
-0.120655 0.0528896 86.0524
-0.156379 0.0176865 110.2
-0.00224049 0.328561 -60.8632
0.0148672 0.33733 -71.0695
0.0130748 0.341224 -71.5348
0.0180499 0.329183 -69.9375
0.00765336 0.324064 -63.1458
0.00427714 0.305131 -54.7388
0.0159755 0.320472 -66.3181
0.0192438 0.331555 -71.936
0.018958 0.327084 -70.2819
0.00166309 0.330844 -61.7431
0.0179907 0.338444 -74.728
0.0152131 0.347936 -75.8016
0.012606 0.339696 -71.7188
-0.0156477 0.329534 -48.8759
-0.00863884 0.331996 -54.5478
0.00511544 0.323606 -61.8273
0.0255138 0.298882 -68.8917
0.0345499 0.295564 -74.7817
0.037998 0.276582 -71.2412
0.029996 0.271855 -63.0953
0.0386623 0.269359 -69.775
0.0304226 0.257086 -58.562
0.0379061 0.306347 -81.8414
0.02983 0.307738 -74.9989
0.0222351 0.309372 -68.514
0.0248124 0.311993 -72.0096
0.0308759 0.298949 -73.7011
0.0299159 0.300906 -73.3485
0.0479542 0.279753 -84.5122
0.0471306 0.254511 -74.9844
0.0361097 0.267577 -67.6206
0.017142 0.28105 -50.7671
0.0284458 0.269961 -59.405
0.0308113 0.287393 -67.437
0.0177407 0.316286 -62.9278
0.0337883 0.308914 -79.9475
0.035201 0.316405 -83.7288
0.0136996 0.327193 -61.4053
-0.099948 0.235634 107.018
0.0208246 0.0980708 87.5493
0.019975 0.0994684 87.11
0.0121092 0.0975663 88.2117
-0.00915614 0.0876638 93.2369
-0.0441677 0.0670217 103.694
-0.104674 0.0479486 117.029
-0.185852 0.00164871 143.054
-0.219134 0.023319 140.905
-0.256268 0.0250367 146.219
-0.224121 0.0252987 140.028
-0.252974 0.0316542 143.621
-0.245755 0.0291921 142.097
-0.203122 0.138489 92.0205
0.100759 0.208112 -51.5162
0.0673014 0.184077 -32.7656
0.0787616 0.0602015 8.37918
0.037816 -0.080231 73.7672
-0.0739596 0.0287062 75.4687
-0.0744898 0.242726 -1.22198
-0.0106457 0.297634 -46.5743
0.0113992 0.336527 -69.6418
0.0183231 0.330856 -70.6176
0.0264996 0.323751 -71.8849
-0.0165976 0.35329 -60.8966
0.00656336 0.272414 -45.4806
0.0482902 0.295192 -75.4271
0.0124698 0.306951 -59.6896
0.0120216 0.293195 -54.5421
0.0112297 0.302164 -57.5237
0.0189066 0.304108 -63.1243
0.0245898 0.26998 -54.6229
0.00743469 0.303988 -54.9462
-0.00737986 0.309551 -47.5457
-0.00402435 0.322125 -54.5677
-0.000967756 0.310966 -52.6789
0.00906437 0.314956 -61.8267
0.0306061 0.306018 -75.3403
0.0272506 0.298041 -69.8678
0.0276658 0.292708 -68.2734
0.0293871 0.295008 -70.4543
0.0322918 0.283351 -68.8729
0.0387625 0.29455 -78.4814
0.0299212 0.293501 -70.1113
0.0348463 0.289034 -73.1266
0.0293749 0.308525 -74.952
0.028123 0.316405 -76.6497
0.0220166 0.305065 -66.5093
0.0349862 0.287367 -73.5938
0.0416613 0.276115 -76.5381
0.0272204 0.267672 -58.4047
0.0411107 0.247339 -66.1951
0.0361024 0.229442 -54.48
0.0457675 0.195275 -52.7134
0.0324894 0.262962 -60.848
0.0389171 0.300948 -82.1744
0.0419854 0.350122 -103.338
0.0475247 0.389597 -123.679
0.0478307 0.358283 -113.148
0.0211586 0.102895 85.8409
0.0190044 0.10341 85.7506
0.00682689 0.0999871 87.6459
-0.0231106 0.0877308 94.2733
-0.076599 0.0622825 108.46
-0.148646 0.0443221 123.117
-0.192872 0.0251675 135.926
-0.196062 0.0173139 138.986
-0.223045 0.0198917 142.919
-0.24744 0.0186767 147.035
-0.267606 0.00133794 157.53
-0.232342 0.0243256 140.805
-0.159958 0.143059 78.6172
-0.176686 0.149552 80.9927
0.0597849 0.223931 -44.5901
0.0595497 0.186196 -30.7362
0.0298937 0.04125 32.8278
-0.0151427 0.0345738 51.9597
-0.00254893 0.269674 -39.7001
0.0111302 0.326619 -65.9366
0.00632328 0.320102 -61.3172
0.0678919 0.284039 -76.9179
0.00525175 0.359959 -74.3386
-0.0211417 0.345271 -56.0432
0.101471 0.226552 -80.0134
0.0796247 0.269139 -83.356
0.0171769 0.307636 -62.6117
-0.000438197 0.277259 -41.6766
0.0177317 0.249545 -43.1155
0.0190617 0.256066 -46.2461
0.0273421 0.245779 -47.9602
0.00197333 0.262541 -37.0708
0.00397394 0.284354 -46.6064
-0.00031108 0.304434 -50.7504
-0.00184824 0.292833 -45.3898
-0.00082 0.301331 -49.3663
0.0178176 0.290903 -59.9217
0.0259187 0.284898 -64.0268
0.0327917 0.282229 -68.6746
0.0317555 0.282543 -67.9216
0.0311482 0.275545 -64.9812
0.0360367 0.27021 -67.2988
0.0313887 0.273075 -64.1715
0.0355602 0.271741 -67.6141
0.0323819 0.278879 -67.1958
0.0210884 0.281618 -57.2948
0.0140791 0.268553 -45.5572
0.0195646 0.252249 -45.1525
0.0302199 0.259554 -58.5808
0.0204869 0.254957 -46.692
0.0297856 0.246883 -53.7181
0.0239897 0.226986 -40.0473
0.0426545 0.191253 -47.9567
0.054262 0.189325 -60.4658
0.0757445 0.281149 -118.837
0.0681492 0.342979 -131.98
0.0425398 0.352301 -104.414
0.0320069 0.344025 -88.5279
