0 1 3
1 3 3
3 4 3
4 5 3
5 6 3
6 7 0
7 8 1
8 9 3
9 10 3
10 11 3
11 13 3
13 70 3
13 14 3
14 15 3
15 16 3
16 17 3
17 18 0
18 19 3
19 20 3
20 21 3
21 22 3
22 24 3
24 25 3
25 26 3
26 27 3
27 28 3
28 29 3
29 30 3
30 31 3
31 32 3
32 33 3
33 34 3
34 35 3
35 36 3
36 37 3
37 38 3
38 39 3
39 41 0
41 42 1
42 43 3
43 45 3
45 46 3
46 47 3
47 48 3
48 49 3
49 50 3
50 51 3
51 110 3
53 110 3
53 54 3
54 55 3
55 57 3
39 98 3
41 98 1
53 111 3
1 60 3
3 60 3
55 114 3
57 114 3
37 96 3
11 70 3
38 96 3
43 101 3
16 74 3
42 101 3
11 69 3
15 74 3
36 93 3
37 95 3
50 109 3
51 109 3
110 111 3
10 69 3
31 90 3
32 90 3
35 93 3
95 96 3
45 103 3
46 103 3
54 113 3
55 113 3
0 59 3
1 59 3
4 62 1
28 87 3
29 87 3
93 94 3
36 94 3
39 96 3
41 99 1
42 99 3
43 103 3
46 104 3
50 108 3
3 61 3
4 61 3
7 66 1
8 66 1
20 78 3
21 78 3
24 139 3
24 82 3
34 93 3
98 99 3
103 104 3
49 108 3
53 112 3
54 112 3
0 58 3
9 66 1
17 74 3
17 76 0
18 76 3
19 76 3
19 77 3
20 77 3
22 139 3
24 83 3
25 83 3
26 83 3
27 85 3
29 88 3
30 88 3
33 91 3
34 92 3
39 97 3
42 100 3
100 101 3
46 105 3
47 105 3
48 106 3
49 107 3
108 109 3
57 115 3
58 59 3
60 61 3
14 74 3
21 80 3
22 80 3
82 139 3
26 84 3
26 85 3
28 85 3
87 88 3
31 88 3
31 89 3
91 92 3
92 93 3
96 97 3
101 103 3
105 106 3
106 107 3
114 115 3
5 62 1
5 64 1
6 64 1
7 64 1
64 66 1
73 74 1
82 83 3
28 86 3
89 90 3
33 90 3
37 94 3
99 100 3
107 108 3
76 77 3
83 84 3
84 85 3
85 86 3
86 87 3
104 105 3
74 76 0
77 78 3
112 113 3
113 114 3
61 62 1
69 70 3
80 139 3
88 89 3
90 91 3
94 95 3
101 160 3
103 160 3
62 64 0
111 112 3
10 68 1
14 73 0
97 98 3
59 60 3
68 69 0
13 129 0
14 129 0
66 67 3
9 68 1
109 110 3
62 121 2
64 121 1
9 67 1
78 80 3
67 68 3
74 132 0
74 133 0
69 127 1
70 129 0
58 117 1
59 117 1
68 127 3
73 132 3
132 133 3
76 133 3
64 122 1
73 129 3
129 131 3
73 131 3
97 156 3
98 156 3
64 123 1
66 123 1
98 157 3
99 157 3
121 122 3
76 135 3
77 135 3
78 137 3
80 137 3
91 148 3
129 130 3
90 148 3
58 116 1
116 117 3
122 123 3
130 131 3
78 136 3
89 148 3
108 166 3
77 136 3
105 162 3
110 168 3
111 168 3
82 140 3
83 140 3
83 141 3
84 141 3
91 149 3
91 150 3
92 150 3
156 157 3
100 157 3
104 162 3
76 134 3
134 135 3
84 142 3
85 142 3
86 144 3
87 145 3
148 149 3
149 150 3
93 150 3
93 151 3
94 152 3
95 153 3
96 153 3
100 158 3
103 161 3
104 161 3
105 163 3
106 164 3
107 165 3
108 165 3
109 167 3
109 168 3
113 171 3
114 171 3
131 132 3
85 144 3
144 145 3
88 145 3
93 152 3
94 153 3
101 158 3
101 217 3
162 163 3
163 164 3
164 165 3
166 167 3
112 170 3
112 171 3
60 117 1
61 119 1
62 120 2
133 134 3
135 136 3
140 141 3
85 143 3
152 153 3
96 154 3
97 154 3
157 158 3
158 217 3
160 161 3
60 119 1
119 120 3
136 137 3
139 140 3
141 142 3
142 143 3
143 144 3
150 151 3
160 217 2
165 166 3
167 168 3
111 170 3
120 121 3
123 124 2
66 124 1
88 147 3
89 147 3
153 154 3
161 162 3
114 230 1
114 173 1
115 173 1
60 118 1
151 152 3
171 230 1
117 118 3
118 119 3
67 124 1
80 196 3
88 204 3
147 204 0
154 156 3
168 227 1
111 227 1
170 171 3
137 196 3
154 213 3
124 183 3
67 183 1
161 219 3
173 230 3
67 184 1
68 184 1
145 204 3
147 148 3
162 219 3
139 196 3
156 213 3
70 127 1
170 227 1
183 184 3
70 187 1
129 187 1
122 180 3
156 215 3
121 180 3
127 187 3
157 215 3
160 218 3
124 181 3
127 185 3
137 195 3
195 196 3
145 203 3
152 210 3
217 218 2
121 179 3
123 181 3
68 185 3
127 186 3
130 189 3
131 189 3
136 195 3
144 203 3
149 207 3
153 210 3
163 221 2
120 179 3
186 187 3
150 207 3
162 221 2
173 231 3
148 206 3
163 222 2
164 222 2
132 190 3
133 192 3
134 192 3
139 198 3
141 199 3
151 210 3
153 211 3
154 211 3
161 218 3
165 222 2
168 225 1
116 174 3
117 175 3
118 176 3
119 177 3
189 190 3
135 193 3
140 198 3
140 199 3
147 206 3
151 209 3
158 215 3
158 216 3
167 225 1
170 228 1
174 175 3
175 176 3
176 177 3
120 177 3
120 178 3
179 180 3
123 180 3
184 185 0
130 188 1
133 190 3
133 191 3
192 193 3
136 193 3
206 207 3
209 210 3
210 211 3
216 217 3
225 227 3
177 178 3
178 179 3
129 188 1
198 199 3
150 209 3
165 223 1
227 228 0
188 189 0
190 191 3
191 192 3
136 252 3
142 199 3
143 201 3
215 216 2
218 219 3
162 220 2
222 223 1
166 223 1
230 231 3
185 186 3
187 188 3
142 201 3
219 220 2
166 225 1
193 252 3
196 198 3
203 204 3
221 222 3
147 263 0
211 213 3
180 181 0
195 252 3
203 260 3
206 263 0
220 221 3
170 287 1
171 287 1
144 201 3
150 266 3
209 266 3
201 203 3
207 266 3
223 225 3
124 240 3
204 263 3
230 287 3
181 240 3
183 240 3
210 268 3
211 268 3
215 271 3
213 271 3
228 287 1
199 201 3
223 282 3
225 283 3
187 245 3
196 255 3
225 282 3
186 245 3
188 245 3
196 254 3
198 255 3
195 254 3
211 270 3
282 283 3
225 284 3
227 284 3
201 260 3
213 270 3
286 287 2
188 247 3
189 247 1
262 263 3
215 274 2
216 275 3
217 275 3
219 277 1
220 277 3
222 280 2
223 280 3
223 281 3
228 286 1
230 288 2
178 236 2
179 236 2
180 238 3
185 243 3
186 243 3
188 246 3
199 257 3
201 259 3
203 261 3
204 261 3
204 262 3
207 265 3
211 269 3
216 274 3
218 275 2
221 280 2
287 288 0
231 288 2
231 289 3
179 238 3
245 246 3
259 260 3
263 264 1
206 264 3
206 265 3
265 266 3
209 268 3
268 269 3
218 276 1
280 281 3
283 284 3
174 232 0
175 233 0
176 234 3
177 235 2
179 237 3
183 241 3
184 241 3
184 300 3
185 300 1
186 244 3
244 245 3
247 248 3
195 253 3
198 256 3
209 267 3
269 270 3
215 273 3
275 276 1
288 289 2
232 233 3
233 234 1
234 235 0
235 236 3
236 237 1
237 238 3
181 238 1
240 241 3
189 248 1
252 253 3
253 254 3
254 255 3
255 256 3
199 256 3
261 262 3
266 267 3
271 273 3
218 277 1
243 300 1
191 250 3
192 250 3
273 274 2
281 282 3
243 244 3
193 251 3
264 265 3
270 271 3
241 300 3
193 250 3
256 257 3
267 268 3
274 275 3
190 248 1
251 252 3
260 261 3
276 277 3
221 337 2
284 343 3
246 247 3
250 251 3
220 336 2
221 336 2
280 337 3
227 343 2
191 248 1
201 257 3
336 337 3
228 343 1
263 321 1
280 338 3
191 307 1
201 317 3
277 336 3
281 338 3
238 296 3
181 296 1
248 307 3
257 317 3
286 343 2
264 321 2
191 308 1
250 308 1
259 317 3
307 308 3
277 335 3
283 341 3
284 341 3
288 346 1
244 303 3
245 303 3
262 321 2
335 336 3
283 340 3
284 342 3
289 346 3
240 296 1
240 298 3
241 298 3
246 305 3
247 305 3
256 314 3
268 327 3
269 327 3
271 330 3
273 330 3
273 331 3
281 339 3
282 339 3
282 340 3
341 342 3
255 313 3
255 314 3
257 315 3
260 318 3
266 324 3
274 331 0
251 309 3
252 310 3
253 310 3
254 313 3
315 317 3
261 318 3
262 320 3
321 322 2
264 322 3
265 322 3
265 324 3
276 335 3
246 304 3
248 306 3
251 310 3
257 314 3
320 321 2
270 327 3
340 341 3
287 345 3
232 290 1
233 291 1
234 292 3
235 293 1
236 294 1
237 295 3
243 301 3
244 301 3
244 302 3
245 304 3
304 305 3
306 307 3
309 310 3
253 311 3
254 312 3
313 314 3
261 319 3
265 323 3
267 325 3
268 326 3
271 329 3
290 291 3
291 292 3
292 293 3
293 294 3
294 295 3
295 296 3
241 299 3
302 303 3
247 306 3
311 312 3
312 313 3
319 320 3
322 323 3
324 325 3
268 325 3
326 327 3
339 340 3
342 343 3
286 344 0
286 345 3
288 345 1
298 299 3
300 301 0
303 304 3
305 306 3
250 309 3
310 311 3
314 315 3
318 319 3
270 329 3
329 330 3
301 302 3
308 309 0
260 317 3
330 331 3
346 347 3
289 347 2
299 300 3
323 324 3
344 345 1
296 298 0
317 318 3
337 338 3
343 344 3
338 339 3
345 346 3
276 391 3
342 400 3
325 326 3
317 374 3
327 329 3
274 276 1
391 392 3
276 392 3
335 392 3
315 374 3
331 390 1
274 390 1
274 391 1
296 355 3
341 400 3
295 354 3
296 354 3
298 355 2
343 400 3
301 417 3
327 386 3
329 386 3
341 398 3
355 356 3
298 356 3
322 437 3
327 385 3
330 389 1
331 389 1
340 398 3
300 417 0
321 437 3
390 391 3
307 365 3
317 375 3
318 375 3
336 394 3
343 402 3
305 363 3
306 365 3
308 365 3
312 370 3
318 376 3
326 384 3
389 390 3
337 394 3
341 399 3
344 402 3
346 404 3
301 360 3
302 360 3
304 363 3
306 363 3
311 370 3
314 372 3
319 376 3
327 384 3
335 394 3
398 399 3
345 404 3
299 357 3
303 361 3
315 372 3
384 385 3
329 389 3
335 393 3
337 395 3
338 395 3
339 397 3
339 398 3
344 403 3
345 403 3
346 405 3
347 405 3
290 348 3
291 349 3
292 350 3
293 351 3
298 357 3
300 358 3
304 361 3
304 362 3
306 364 3
308 366 3
309 367 3
310 368 3
311 369 3
313 371 3
319 377 3
320 377 3
392 393 3
393 394 3
343 401 3
348 349 3
349 350 3
350 351 3
293 352 3
294 352 3
295 352 3
357 358 3
358 417 0
302 361 3
362 363 3
364 365 3
309 366 1
367 368 3
368 369 3
370 371 3
371 372 3
374 375 3
385 386 3
338 397 3
397 398 3
401 402 3
354 355 3
361 362 3
363 364 3
365 366 3
369 370 3
375 376 3
376 377 3
394 395 3
400 401 3
404 405 3
356 357 3
366 367 0
329 387 3
329 446 3
395 397 3
402 403 3
403 404 3
360 361 3
324 382 3
325 382 3
399 400 3
351 352 3
387 446 3
389 446 3
386 387 3
320 436 3
323 381 3
325 384 3
352 354 3
360 417 3
377 436 3
322 381 3
324 381 3
321 436 3
315 431 3
436 437 3
372 431 3
374 431 3
381 382 3
352 410 3
354 412 3
355 412 3
325 442 3
384 442 3
354 410 3
367 425 3
400 458 3
402 460 3
403 460 3
322 438 3
382 442 3
395 454 3
398 457 3
405 463 1
349 407 3
437 438 3
381 438 3
398 456 3
399 457 3
399 458 3
350 407 3
362 420 3
381 439 3
404 463 3
361 420 3
370 428 3
371 428 3
372 430 3
438 439 3
394 453 3
395 453 3
401 459 3
402 459 3
371 429 3
382 440 3
386 444 3
397 454 3
397 456 3
403 461 3
366 424 3
368 426 3
369 426 3
369 427 3
370 427 3
428 429 3
372 429 3
376 434 3
377 434 3
377 435 3
440 442 3
385 443 3
385 444 3
389 447 3
390 448 3
391 448 3
391 449 3
394 452 3
460 461 3
348 406 3
351 409 3
355 414 3
356 414 3
357 414 2
358 416 0
416 417 2
360 419 3
361 419 3
363 421 3
364 422 3
365 423 3
367 424 1
367 426 3
374 433 3
375 433 3
382 439 3
384 443 3
387 445 3
446 447 3
392 449 3
392 450 3
393 450 3
393 452 3
454 456 3
404 461 3
406 407 3
350 409 3
409 410 3
360 418 3
419 420 3
420 421 3
363 422 3
422 423 3
423 424 3
374 432 3
433 434 3
439 440 3
443 444 3
444 445 3
445 446 3
447 448 3
448 449 3
449 450 3
456 457 3
400 459 3
459 460 3
417 418 3
427 428 3
429 430 3
442 443 3
418 419 3
421 422 3
426 427 3
430 431 3
431 432 3
432 433 3
453 454 3
458 459 3
425 426 3
435 436 3
452 453 3
424 425 0
434 435 3
456 514 3
457 458 3
450 452 3
404 521 3
358 414 0
442 499 3
454 514 3
461 521 3
463 521 3
412 414 3
440 499 3
412 470 3
437 496 3
414 473 3
358 473 0
438 496 3
513 514 3
410 412 2
414 470 3
416 473 2
454 513 3
407 466 3
350 466 3
425 540 1
452 509 3
450 509 3
409 466 3
416 474 2
417 474 3
460 519 3
461 519 3
434 492 3
435 492 3
457 514 3
519 521 3
418 476 3
419 476 3
425 484 3
426 484 3
445 503 3
458 516 3
414 472 3
421 479 3
422 479 3
424 482 3
484 540 1
483 484 3
446 503 3
454 512 3
457 515 3
407 465 3
410 468 3
472 473 3
417 475 3
419 477 3
420 477 3
424 540 3
426 485 3
427 485 3
428 486 3
429 486 3
439 498 3
453 511 3
453 512 3
514 515 3
458 515 3
459 518 3
460 518 3
465 466 3
412 468 2
474 475 3
422 480 3
423 482 3
482 540 3
483 540 1
433 491 3
436 494 1
437 494 3
438 497 3
439 497 3
440 498 3
442 500 3
449 507 3
450 508 3
508 509 3
452 511 3
511 512 3
459 516 3
406 464 3
409 467 3
410 467 3
468 470 2
473 474 3
418 475 3
420 478 3
420 479 3
423 481 3
427 486 3
429 487 3
430 488 3
431 488 3
432 491 3
434 491 3
499 500 3
443 500 3
444 502 3
446 504 3
447 505 3
448 506 3
450 507 3
515 516 3
464 465 3
475 476 3
477 478 3
478 479 3
479 480 3
480 481 3
481 482 3
484 485 3
485 486 3
486 487 3
431 489 3
435 494 1
443 502 3
444 503 3
503 504 3
504 505 3
505 506 3
506 507 3
512 513 3
466 467 3
467 468 3
476 477 3
429 488 3
432 489 3
494 496 3
496 497 3
507 508 3
470 472 3
488 489 3
497 498 3
498 499 3
487 488 3
491 492 3
492 494 3
518 519 3
502 503 3
492 551 3
468 527 3
494 551 3
516 517 3
459 517 3
470 527 2
509 510 3
517 518 3
489 547 3
432 547 2
500 502 3
452 510 3
470 529 3
472 529 3
491 549 2
492 549 2
519 579 3
521 579 3
470 528 3
510 511 3
551 552 3
514 572 3
528 529 3
491 547 3
494 552 3
513 572 3
464 522 3
465 522 3
472 530 3
473 530 3
499 556 3
519 576 3
519 577 3
498 556 3
518 576 3
504 563 1
505 563 1
576 577 3
484 542 3
509 567 3
527 528 0
474 532 3
485 542 3
510 567 3
511 569 3
512 570 3
475 532 3
475 533 3
476 534 3
477 536 3
478 536 3
491 548 2
499 557 1
500 557 1
500 558 1
502 558 1
502 560 1
503 560 1
508 566 3
510 569 3
513 570 3
577 579 3
532 533 3
475 534 3
476 535 3
477 535 3
487 545 3
547 548 3
556 557 1
507 566 3
515 573 3
465 523 3
466 524 3
467 524 3
468 526 3
479 537 3
480 538 3
481 539 3
481 540 3
485 543 3
486 543 3
488 545 3
497 555 3
557 558 3
558 560 2
560 561 3
503 561 1
505 564 3
506 564 3
507 565 3
512 569 3
513 571 3
515 572 3
516 573 3
516 574 3
522 523 3
523 524 3
467 525 3
467 526 3
526 527 3
534 535 3
535 536 3
478 537 3
537 538 3
538 539 3
483 542 3
488 546 3
492 550 2
550 551 3
496 555 3
498 555 3
503 562 1
504 562 1
564 565 3
565 566 3
509 566 3
571 572 3
517 574 3
529 530 3
533 534 3
539 540 3
486 545 3
548 549 3
549 550 3
494 555 3
561 562 2
569 570 3
545 546 3
555 556 3
562 563 3
525 526 3
543 545 3
563 564 0
536 537 3
489 546 3
518 574 3
524 525 3
546 547 3
570 571 3
572 573 3
573 574 3
542 543 3
557 615 3
566 567 3
510 626 3
536 594 3
543 544 3
567 626 3
528 586 3
544 545 3
518 634 3
576 634 3
577 635 3
474 530 3
569 626 3
571 629 3
518 633 3
530 532 3
572 629 3
572 631 3
574 633 3
633 634 3
576 635 3
558 615 3
573 631 3
529 588 3
530 588 3
555 613 3
564 622 1
570 628 3
579 636 3
530 589 3
556 613 2
558 617 3
560 617 2
561 619 3
563 622 3
571 628 3
535 593 3
542 600 2
543 600 3
567 625 3
572 630 3
532 589 3
536 593 3
540 542 0
545 603 3
546 603 3
558 616 3
566 625 3
630 631 3
577 636 3
523 581 3
524 581 3
524 582 3
525 582 3
528 587 3
539 597 3
547 605 2
494 611 2
555 611 3
569 628 3
529 587 3
537 594 3
540 597 3
551 609 2
552 610 2
552 611 3
556 614 1
560 618 3
562 619 3
564 623 3
525 584 3
526 584 3
552 609 2
611 613 3
613 614 1
557 614 3
617 618 0
565 623 3
569 627 3
573 632 3
574 632 3
579 637 3
525 583 3
588 589 3
533 592 3
534 592 3
537 595 3
538 596 3
540 598 3
548 605 3
609 610 3
610 611 3
615 616 3
566 624 3
626 627 3
632 633 3
636 637 3
582 583 3
583 584 3
527 584 3
587 588 3
534 593 3
595 596 3
596 597 3
542 598 1
542 599 2
544 603 3
546 605 3
614 615 3
623 624 3
627 628 3
586 587 3
533 591 3
593 594 3
597 598 3
598 599 0
599 600 3
548 607 3
549 607 3
550 609 3
560 619 2
622 623 0
624 625 3
628 629 3
629 630 3
581 582 3
527 586 0
532 590 3
591 592 3
592 593 3
594 595 3
550 607 3
612 613 3
631 632 3
522 580 3
522 581 3
589 590 3
533 590 3
634 635 3
635 636 3
580 581 3
590 591 3
605 607 3
550 608 3
616 617 3
562 620 3
607 608 3
611 612 3
619 620 3
625 626 3
544 600 3
608 609 3
562 679 2
563 679 3
546 662 2
620 679 3
622 679 3
603 662 3
605 662 3
618 619 3
620 676 3
620 677 3
622 680 3
597 655 3
598 655 3
618 676 1
619 676 3
676 677 3
623 680 1
600 659 3
544 659 3
603 661 3
627 685 3
628 686 3
589 647 3
544 660 3
661 662 3
628 685 3
635 694 3
636 694 3
659 660 3
615 673 3
634 691 3
603 660 3
607 664 3
614 673 3
617 676 3
679 680 3
631 689 3
632 689 3
633 691 3
634 692 3
600 658 3
605 664 3
626 684 3
629 687 3
635 692 3
592 650 3
658 659 3
617 675 3
620 678 3
625 684 3
628 687 3
691 692 3
637 694 3
591 650 3
596 654 3
599 658 3
612 671 3
613 671 3
635 693 3
588 647 3
595 653 3
597 654 3
660 661 3
614 671 0
624 682 2
686 687 3
580 638 3
581 639 3
584 642 3
587 645 3
590 648 3
593 650 3
593 652 3
598 656 3
623 682 3
625 683 2
630 688 3
632 690 3
633 690 3
693 694 3
638 639 3
582 639 3
583 642 3
586 645 3
590 647 3
594 652 3
596 653 3
654 655 3
599 656 1
607 665 3
608 665 3
616 674 3
616 675 3
677 678 3
681 682 3
624 683 3
630 687 3
631 688 3
689 690 3
692 693 3
637 695 3
587 647 3
608 667 3
609 667 3
610 612 3
615 674 3
682 683 3
626 685 3
582 642 3
527 642 3
591 648 3
591 707 3
593 651 3
595 652 3
653 654 3
610 667 3
623 681 2
683 684 3
586 644 3
645 647 3
647 648 3
650 651 3
599 657 3
664 665 3
673 731 3
673 674 3
675 676 3
684 685 3
685 686 3
690 691 3
694 695 3
527 644 3
644 645 3
651 652 3
652 653 3
657 658 3
662 664 3
665 667 3
678 679 3
688 689 3
650 707 3
612 670 3
614 731 3
687 688 3
527 701 3
648 707 3
655 656 3
670 671 3
642 701 3
674 675 3
652 709 2
656 657 0
610 670 3
610 726 3
610 727 3
680 681 0
582 699 3
644 701 3
665 724 3
667 724 3
670 727 3
642 699 3
667 726 3
726 727 3
671 731 1
674 732 3
582 698 3
675 732 2
639 698 3
698 699 3
645 704 3
647 704 3
652 710 3
662 721 3
664 721 3
679 737 3
645 702 3
709 710 2
660 718 3
661 718 3
671 729 3
729 731 1
644 702 3
648 706 1
664 722 3
665 722 3
665 723 3
684 742 2
687 745 2
658 660 3
662 720 3
721 722 3
723 724 3
688 745 3
639 697 3
647 705 3
720 721 3
722 723 3
680 738 3
685 743 2
688 746 3
638 697 3
697 698 3
705 706 3
650 708 3
667 725 3
670 729 3
677 736 3
678 736 3
680 737 3
683 741 3
683 742 3
684 743 2
686 743 2
689 746 3
691 749 3
638 696 3
651 708 3
655 713 3
724 725 3
675 733 3
682 741 3
686 744 2
690 749 3
693 751 3
694 751 3
694 753 3
695 753 3
696 697 3
642 700 3
653 710 3
654 713 3
657 715 3
725 726 3
670 728 3
674 731 3
732 733 2
676 734 3
676 735 3
677 735 3
736 737 3
737 738 3
681 739 3
741 742 3
743 744 3
686 745 2
690 748 3
692 750 3
694 752 3
699 700 3
700 701 3
702 704 3
707 708 3
653 711 3
653 770 3
654 770 3
658 715 3
662 719 3
727 728 3
728 729 3
675 734 3
682 739 3
745 746 3
689 748 3
749 750 3
750 751 3
751 752 3
752 753 3
711 770 3
656 713 3
660 715 3
661 719 3
719 720 3
735 736 3
680 739 0
689 747 3
708 709 0
651 709 3
744 745 3
747 748 3
701 702 3
704 705 3
656 715 0
718 719 3
733 734 3
734 735 3
739 741 3
742 743 3
748 749 3
715 718 3
741 800 3
746 747 3
742 800 3
715 775 3
718 775 3
702 761 3
704 761 3
713 715 0
715 774 3
731 732 3
760 761 3
774 775 3
733 792 3
734 792 3
704 763 3
710 711 3
729 788 3
731 788 2
705 763 3
715 773 3
713 773 0
773 774 3
743 801 3
744 802 3
701 759 3
709 768 1
713 770 3
742 801 3
702 759 3
702 760 3
761 762 3
704 762 3
710 768 3
707 824 3
709 766 1
726 784 3
727 784 3
728 786 3
737 852 2
746 804 3
697 755 3
698 755 3
708 766 3
766 768 3
720 778 3
725 783 3
726 783 3
727 786 3
728 787 3
729 787 3
734 793 3
735 793 3
736 852 0
738 795 3
743 802 3
745 802 3
759 760 3
762 763 3
706 764 3
719 778 3
722 780 3
724 782 3
733 791 3
791 792 3
795 852 2
800 801 3
752 810 2
696 754 3
698 756 3
699 757 3
700 758 3
705 764 3
708 824 3
713 771 3
718 776 3
719 777 3
721 780 3
723 781 3
782 783 3
727 785 3
731 789 2
732 790 3
736 794 3
739 798 3
741 798 3
799 800 3
748 806 2
749 807 2
750 808 2
751 809 2
752 809 2
753 810 2
753 811 2
754 755 3
755 756 3
756 757 3
757 758 3
701 758 3
711 768 3
775 776 3
776 777 3
777 778 3
721 778 3
721 779 3
780 781 3
781 782 3
783 784 3
784 785 3
785 786 3
787 788 3
731 790 3
733 790 2
792 793 3
793 794 3
738 739 0
741 799 3
801 802 3
749 806 2
807 808 3
750 809 2
810 811 3
648 764 1
770 771 3
788 789 3
738 796 3
739 796 2
745 804 3
747 806 2
808 809 3
707 765 1
765 824 0
713 830 3
773 830 1
778 779 3
779 780 3
786 787 3
796 798 3
806 807 3
648 765 1
789 790 2
794 852 3
798 799 3
766 824 3
771 830 3
795 796 3
745 803 3
758 759 3
764 765 3
790 791 2
809 810 3
763 764 3
803 804 3
747 804 3
802 803 3
766 825 3
768 825 3
711 826 3
768 826 3
747 863 2
798 855 3
796 855 2
785 844 3
786 844 3
804 863 3
787 844 3
792 850 2
804 862 3
802 860 3
803 862 3
806 863 3
763 822 3
789 848 3
790 848 2
764 822 3
784 843 3
785 843 3
801 859 3
803 860 3
759 817 3
776 835 3
777 835 3
777 836 3
778 836 3
843 844 3
792 851 3
800 858 3
800 859 3
862 863 3
810 868 3
811 868 3
758 817 3
760 817 3
770 829 3
771 829 3
774 832 3
775 832 3
779 836 3
780 838 3
783 841 3
793 851 3
793 852 3
798 856 3
799 858 3
858 859 3
801 860 3
808 867 3
809 867 3
754 812 3
755 813 3
756 814 3
757 815 3
758 816 3
763 821 3
773 831 3
773 832 3
779 837 3
779 838 3
781 839 3
782 839 3
782 840 3
784 842 3
844 845 3
787 845 3
788 846 3
788 847 3
789 847 3
852 853 3
795 853 2
796 854 2
855 856 3
798 857 3
799 857 3
806 864 3
807 866 3
808 866 3
812 813 3
813 814 3
814 815 3
815 816 3
816 817 3
761 819 3
762 819 3
821 822 3
826 827 0
711 827 2
770 827 2
770 828 2
829 830 3
830 831 0
775 833 3
776 833 3
836 837 3
837 838 3
838 839 3
782 841 3
783 842 3
842 843 3
845 846 3
847 848 3
792 849 2
796 853 2
854 855 3
807 864 3
760 819 0
762 821 3
765 822 3
765 823 3
823 824 0
835 836 3
839 840 3
841 842 3
846 847 3
791 848 2
791 849 2
853 854 3
863 864 3
864 865 3
807 865 3
809 868 3
822 823 3
824 825 3
828 829 2
831 832 3
840 841 3
848 849 3
849 850 3
850 851 3
851 852 3
856 857 3
865 866 3
817 818 2
760 818 3
832 833 3
866 867 3
818 819 3
825 826 3
867 868 3
822 880 3
823 880 3
857 858 3
868 927 3
827 828 3
859 860 3
818 876 3
821 879 3
762 879 3
762 878 3
831 889 3
776 892 3
835 892 3
819 878 3
878 879 3
830 889 0
803 919 3
828 886 3
860 919 3
862 919 3
858 917 3
859 917 3
833 892 3
835 893 3
836 894 3
862 920 3
863 920 3
863 921 3
865 923 3
880 881 3
823 881 3
824 882 3
837 894 3
866 923 3
825 882 2
853 911 3
920 921 3
817 875 3
818 875 2
848 906 3
854 911 3
826 885 0
892 893 3
847 905 3
847 906 3
851 909 2
864 921 3
866 924 3
827 885 2
827 886 2
846 905 3
852 909 3
857 915 3
857 916 3
858 916 3
859 918 3
860 918 3
864 922 3
864 923 3
875 876 3
825 884 2
826 884 2
829 886 2
830 888 3
832 889 3
837 895 3
839 898 3
840 898 3
842 900 3
849 907 3
850 909 3
852 911 2
855 914 3
856 914 3
856 915 3
916 917 3
919 920 3
921 922 3
867 924 3
868 926 3
812 870 3
813 871 3
814 872 3
815 873 3
816 874 3
816 875 3
818 877 3
825 883 2
829 887 3
832 890 3
894 895 3
838 896 3
845 903 3
850 907 3
852 910 3
854 912 3
855 913 3
923 924 3
867 925 3
926 927 3
870 871 3
871 872 3
872 873 3
873 874 3
874 875 3
876 877 3
822 879 3
889 890 3
833 890 3
833 891 3
835 894 3
838 897 3
841 900 3
843 901 3
844 903 3
905 906 3
906 907 3
850 908 3
911 912 3
912 913 3
915 916 3
917 918 3
868 925 3
819 877 3
830 887 3
890 891 3
891 892 3
838 895 3
896 897 3
839 897 3
841 899 3
844 901 3
844 902 3
846 904 3
904 905 3
907 908 3
908 909 3
910 911 3
913 914 3
883 884 3
884 885 0
888 889 0
893 894 3
897 898 3
841 898 3
902 903 3
899 900 3
842 901 3
901 902 3
924 925 3
877 878 3
879 880 3
823 882 0
845 904 3
909 910 3
914 915 3
922 923 3
885 886 3
898 899 3
925 926 3
882 883 3
886 887 3
895 896 3
918 919 3
878 935 3
877 935 3
903 904 3
921 980 3
922 980 3
876 934 3
887 888 3
900 901 3
920 978 3
923 981 3
919 978 3
922 981 3
924 982 3
895 952 3
923 982 3
925 982 3
894 952 3
918 977 3
919 977 3
880 939 3
881 939 3
884 942 0
885 942 0
888 946 2
889 946 3
892 950 3
977 978 3
881 882 0
891 950 3
897 956 3
883 942 0
893 951 3
898 956 3
899 957 3
900 957 3
918 976 3
921 978 3
981 982 3
982 983 3
925 983 3
874 933 3
875 933 3
878 936 3
878 937 3
879 937 3
879 938 3
880 938 3
882 939 1
882 940 1
889 947 3
891 949 3
950 951 3
900 959 3
902 960 3
903 960 3
904 962 3
905 963 3
915 973 3
976 977 3
870 928 3
871 929 3
872 930 3
873 931 3
874 932 3
876 933 3
876 935 3
936 937 3
938 939 3
886 945 3
890 947 3
890 948 3
893 952 3
895 954 3
896 954 3
897 955 3
901 959 3
904 963 3
906 964 3
907 965 3
908 966 3
909 967 3
910 968 3
911 969 3
912 970 3
913 971 3
914 972 3
916 974 3
916 975 3
917 975 3
917 976 3
921 979 3
979 980 3
926 984 3
926 985 3
928 929 3
929 930 3
930 931 3
931 932 3
932 933 3
934 935 3
936 994 3
937 938 3
885 943 0
954 955 3
955 956 3
956 957 3
957 959 3
903 962 3
963 964 3
964 965 3
965 966 3
966 967 3
967 968 3
968 969 3
969 970 3
970 971 3
971 972 3
972 973 3
973 974 3
975 976 3
978 979 3
926 983 3
935 936 3
883 940 1
887 945 3
946 947 3
948 949 3
951 952 3
895 953 3
902 959 3
974 975 3
883 1000 0
952 953 3
953 954 3
962 963 3
984 985 3
885 945 3
949 950 3
939 940 3
888 945 3
947 948 3
959 960 3
942 1000 3
942 943 3
943 945 2
980 981 3
983 984 3
945 946 3
957 1016 3
959 1016 3
940 1000 0
960 962 3
940 999 3
999 1000 0
935 994 3
960 1019 3
962 1019 3
945 1003 3
955 1013 3
981 1039 3
933 934 3
934 992 3
938 996 3
946 1003 2
952 1010 3
956 1013 3
980 1039 3
933 991 3
934 991 3
935 993 3
940 998 3
953 1010 3
970 1028 3
978 1036 3
979 1036 3
983 1041 3
991 992 3
998 999 3
942 1001 3
943 1002 3
946 1004 3
947 1004 3
952 1009 3
959 1017 3
971 1028 3
984 1041 3
935 992 3
939 997 3
943 1001 3
947 1005 3
948 1006 3
949 1006 3
951 1009 3
953 1012 3
954 1012 3
1013 1014 3
956 1014 3
963 1021 3
979 1038 3
980 1038 3
982 1039 3
982 1040 3
993 994 3
940 997 3
945 1002 3
948 1005 3
949 1008 3
950 1008 3
1009 1010 0
954 1013 3
957 1014 3
957 1015 3
960 1017 3
962 1021 3
964 1022 3
971 1030 3
972 1030 3
976 1034 3
977 1036 3
1038 1039 3
1039 1040 3
984 1042 3
928 986 3
929 987 3
930 988 3
931 989 3
932 990 3
992 993 3
937 995 3
951 1008 3
953 1011 3
960 1018 3
962 1020 3
963 1022 3
965 1023 3
966 1024 3
967 1025 3
968 1026 3
969 1027 3
973 1031 3
975 1033 3
976 1033 3
977 1035 3
979 1037 3
985 1042 3
985 1043 3
986 987 3
987 988 3
988 989 3
989 990 3
990 991 3
936 995 3
995 996 3
997 998 3
1004 1005 3
1011 1012 3
1012 1013 3
1014 1015 3
1015 1016 3
1016 1017 3
1017 1018 3
1019 1020 3
1020 1021 3
1022 1023 3
1023 1024 3
1024 1025 3
1025 1026 3
1026 1027 3
1027 1028 3
1030 1031 3
974 1031 3
974 1033 3
1034 1035 3
1035 1036 3
983 1040 3
1042 1043 3
938 997 3
1002 1003 3
1018 1019 3
1021 1022 3
1033 1034 3
1036 1037 3
1000 1001 3
1003 1004 3
1005 1006 3
1010 1011 3
1037 1038 3
1040 1041 3
1041 1042 3
1008 1009 3
1001 1002 3
1028 1030 3
1031 1033 3
