0 1 3
1 2 3
2 3 1
3 4 3
4 5 3
5 6 3
6 7 3
7 8 3
8 9 3
9 10 3
10 11 3
11 12 3
12 13 3
13 14 3
14 15 3
15 16 3
16 17 3
17 18 3
18 19 3
19 20 3
20 21 3
21 23 3
23 79 3
23 24 3
24 25 3
25 84 3
25 26 3
26 27 3
27 28 3
28 29 3
29 30 3
30 31 3
31 32 0
32 33 3
33 34 3
34 35 3
35 37 3
37 38 3
38 39 3
39 40 3
40 41 3
41 42 3
42 43 3
43 45 3
45 46 3
46 49 0
49 50 3
50 51 2
51 52 2
52 53 3
53 54 3
54 55 0
55 56 3
56 57 3
21 79 3
40 99 3
41 99 3
54 112 3
55 112 1
26 84 3
37 94 3
53 111 3
2 61 3
3 61 0
18 76 3
46 104 3
54 111 3
1 59 3
35 94 3
49 104 3
0 59 3
23 81 3
35 93 3
111 112 3
6 65 3
7 65 3
93 94 3
51 109 3
0 58 3
1 61 3
13 72 3
14 72 3
15 72 3
15 73 3
17 74 3
24 81 3
27 84 3
33 92 3
34 92 3
49 105 3
52 109 3
56 114 3
58 59 3
6 64 3
8 66 3
10 69 3
11 69 3
12 70 3
18 74 3
25 82 3
31 89 0
32 89 3
32 90 3
33 90 3
55 113 1
55 114 3
4 63 3
5 63 3
64 65 3
9 66 3
9 67 3
10 67 3
11 70 3
13 70 3
13 71 3
16 73 3
16 74 3
24 82 3
27 85 3
28 86 3
28 87 3
29 87 3
33 91 3
92 93 3
45 102 3
45 103 3
104 105 3
50 109 1
52 110 3
53 110 3
113 114 3
57 114 3
6 63 3
8 65 3
10 68 3
74 76 3
85 86 3
90 91 3
91 92 3
37 95 3
42 101 3
43 101 3
43 102 3
110 111 3
112 113 3
67 68 3
71 72 3
19 21 3
84 85 3
89 90 3
94 95 3
38 95 3
42 99 3
42 100 3
102 103 3
45 104 3
49 106 3
49 107 3
50 107 1
4 62 3
68 69 3
70 71 3
19 76 3
30 145 3
31 145 3
38 96 3
39 96 3
39 155 3
39 98 3
40 98 3
100 101 3
101 102 3
103 104 3
106 107 3
109 166 3
3 62 3
62 63 3
63 64 3
65 66 3
72 73 3
73 74 3
86 87 3
29 145 3
89 145 1
96 155 3
98 155 3
98 99 3
99 100 3
107 166 3
79 81 3
81 82 3
95 96 3
69 70 3
87 145 3
105 106 3
109 110 3
57 173 3
145 146 0
19 136 3
89 146 3
114 173 3
66 67 3
61 62 1
59 61 3
76 136 3
21 136 0
21 137 0
80 81 3
58 116 3
76 134 3
79 137 3
79 80 3
59 117 1
134 136 3
146 203 3
58 117 3
74 132 3
136 137 3
81 139 3
84 142 3
116 117 3
61 117 3
61 118 3
73 132 3
74 134 3
82 140 3
25 142 3
62 120 3
67 126 3
68 126 3
84 143 3
85 143 3
61 119 3
61 120 3
66 124 3
71 130 3
72 130 3
74 133 3
133 134 3
145 203 0
95 154 3
96 154 3
104 162 3
117 118 3
118 119 3
66 123 3
67 124 3
105 162 3
63 122 3
64 122 3
65 123 3
80 137 3
142 143 3
99 158 3
100 158 3
103 162 3
119 120 3
123 124 3
67 125 3
69 126 3
69 127 3
70 127 3
70 128 3
71 129 3
93 151 3
94 152 3
106 164 3
111 169 3
113 171 3
114 171 3
125 126 3
128 129 3
129 130 3
80 138 3
82 142 3
89 147 3
90 148 3
91 149 3
92 150 3
93 150 3
94 151 3
95 152 3
155 156 3
98 156 3
99 157 3
105 163 3
105 164 3
109 167 3
110 167 3
110 169 3
112 171 3
62 121 3
63 121 3
64 123 3
81 138 3
82 139 3
85 144 3
86 144 3
147 148 3
148 149 3
92 149 3
156 157 3
157 158 3
102 161 3
103 161 3
110 168 3
112 170 3
120 121 3
121 122 3
126 127 3
144 145 3
146 147 3
150 151 3
101 159 3
163 164 3
107 164 3
107 165 3
167 168 3
168 169 3
111 170 3
170 171 3
124 125 3
73 131 3
131 132 3
132 133 3
142 199 3
151 152 3
154 155 3
101 158 3
102 159 3
102 160 3
162 163 3
169 170 3
171 172 3
114 172 3
122 123 3
127 128 3
72 131 3
139 140 3
82 199 3
149 150 3
159 160 3
161 162 3
166 167 3
130 131 3
134 192 3
137 138 3
138 139 3
158 159 3
140 199 3
142 200 3
143 144 3
164 165 3
165 166 3
172 173 3
199 200 3
160 161 3
136 192 3
121 179 3
170 228 3
122 179 3
152 211 3
95 211 3
169 228 3
120 179 3
133 192 3
138 196 3
203 204 3
146 204 3
154 211 3
122 180 3
125 183 3
138 197 3
154 213 3
155 213 3
171 228 3
124 183 3
139 197 3
156 215 3
157 215 3
160 218 3
119 178 3
120 178 3
192 193 3
151 209 3
152 209 3
161 219 3
162 221 3
163 221 3
171 229 3
179 180 3
136 193 3
136 194 3
150 209 3
160 219 3
162 220 3
164 221 3
165 223 3
167 225 3
172 229 3
178 179 3
124 182 3
125 184 3
126 184 3
128 186 3
129 187 3
130 187 3
130 188 3
137 195 3
196 197 3
143 200 3
156 214 3
158 217 3
159 217 3
161 220 3
220 221 3
164 223 3
168 225 3
117 175 3
123 182 3
129 186 3
138 195 3
143 202 2
144 202 0
146 205 2
147 205 3
155 214 3
158 216 3
218 219 3
166 223 3
166 225 3
168 226 3
116 174 3
116 175 3
118 175 3
123 181 3
127 185 3
186 187 3
131 188 3
132 190 3
133 190 3
136 195 3
140 197 3
148 206 3
149 207 3
150 208 3
152 210 3
154 212 3
157 216 3
164 222 3
169 227 3
228 229 3
229 230 3
172 230 3
173 231 3
174 175 3
118 176 3
119 176 3
123 180 3
128 185 3
187 188 3
194 195 3
195 196 3
204 205 3
148 205 3
206 207 3
208 209 3
209 210 3
210 211 3
211 212 3
212 213 3
213 214 3
214 215 3
215 216 3
216 217 3
160 217 3
222 223 3
226 227 3
227 228 3
230 231 3
175 176 3
119 177 3
180 181 3
181 182 3
182 183 3
145 202 0
205 206 3
207 208 3
221 222 3
176 177 3
183 184 3
127 184 3
185 186 3
225 226 3
177 178 3
184 185 3
193 194 3
143 201 2
201 202 3
202 203 3
219 220 3
190 192 3
166 282 3
132 188 3
223 282 3
225 282 3
200 201 0
221 280 3
188 246 3
222 280 3
132 246 3
197 255 0
197 199 3
199 256 0
200 257 0
182 240 3
132 247 3
190 249 3
197 256 0
199 257 0
217 218 3
183 240 3
190 247 3
192 249 3
215 273 0
193 252 3
255 256 3
256 257 3
200 259 0
204 262 3
216 273 3
228 286 3
229 286 3
182 239 3
190 248 3
194 252 3
195 252 3
201 259 2
205 262 3
209 267 3
220 278 3
179 237 3
181 239 3
186 244 3
187 244 3
246 247 3
247 248 3
257 259 3
210 267 3
216 274 3
217 274 3
219 278 3
227 286 3
176 234 3
178 237 3
192 250 2
193 250 2
252 253 3
195 253 3
221 278 3
223 281 3
231 289 1
174 232 3
175 232 3
175 234 3
177 234 3
180 239 3
239 240 3
184 243 3
185 243 3
186 243 3
187 245 3
213 271 3
218 276 3
222 281 3
230 289 1
177 236 3
178 236 3
180 237 3
183 241 3
184 241 3
244 245 3
196 253 3
210 268 3
212 270 3
214 271 3
217 276 3
281 282 3
175 233 3
184 242 3
243 244 3
188 245 3
249 250 0
202 204 3
205 263 3
206 264 3
207 265 3
208 266 3
209 266 3
267 268 3
211 268 3
211 270 3
214 272 3
215 272 3
225 283 3
226 284 3
227 285 3
229 287 3
229 288 3
230 288 3
232 233 3
177 235 3
180 238 3
240 241 3
248 249 3
196 255 0
263 264 3
264 265 3
265 266 3
211 269 3
270 271 3
273 274 3
219 276 3
219 277 3
278 279 3
221 279 3
282 283 3
283 284 3
284 285 3
286 287 3
288 289 1
233 234 3
237 238 3
241 242 3
242 243 3
245 246 3
262 263 3
266 267 3
268 269 3
269 270 3
271 272 3
215 331 3
277 278 3
235 236 3
236 237 3
238 239 3
272 331 3
273 331 1
217 333 3
280 281 3
285 286 3
234 235 3
250 252 2
279 280 3
287 288 3
202 319 2
202 262 1
276 277 3
235 293 3
253 255 0
202 318 2
276 333 3
236 293 3
202 259 2
274 333 3
318 319 3
262 319 3
238 297 3
262 320 3
263 320 3
249 308 0
283 342 3
284 342 3
250 308 2
255 312 3
257 316 3
259 316 3
319 320 3
276 334 3
277 334 3
253 312 0
259 318 3
253 310 0
253 311 0
256 314 3
280 339 3
286 344 1
287 344 1
288 346 1
252 310 0
311 312 3
255 314 3
263 321 3
264 321 3
274 331 3
281 339 3
282 340 3
289 346 3
240 298 3
249 307 3
265 323 3
277 335 3
281 340 3
287 346 1
289 347 3
237 295 3
239 297 3
240 297 3
244 303 3
245 303 3
246 303 3
246 304 3
264 323 3
266 324 3
278 335 3
278 336 3
339 340 3
284 343 3
285 343 3
287 345 1
232 290 3
233 290 3
234 292 3
235 292 3
236 294 3
238 295 3
238 296 3
297 298 3
242 300 3
247 304 3
247 305 3
250 309 2
252 309 0
310 311 3
255 313 3
257 315 3
259 317 3
320 321 3
264 322 3
267 325 3
268 326 3
272 330 3
279 336 3
279 337 3
279 339 3
282 341 3
283 341 3
285 344 1
344 345 3
345 346 3
233 292 3
294 295 3
241 298 3
241 357 3
242 357 3
243 300 3
244 302 3
303 304 3
248 307 3
307 308 0
312 313 3
314 315 3
315 316 3
316 317 3
317 318 3
321 322 3
323 324 3
266 325 3
267 326 3
271 330 3
274 332 3
333 334 3
334 335 3
335 336 3
346 347 3
233 291 3
295 296 3
243 301 3
243 302 3
248 306 3
322 323 3
270 329 3
271 329 3
331 332 3
337 339 3
340 341 3
343 344 1
291 292 3
293 294 3
296 297 3
298 357 3
300 357 3
305 306 3
308 309 3
313 314 3
330 331 3
336 337 3
341 342 3
290 291 3
292 293 3
300 301 3
302 303 3
306 307 3
325 326 3
307 366 0
308 366 3
324 325 3
269 385 3
332 333 3
342 343 3
304 305 3
269 326 3
326 385 3
329 330 3
297 355 3
357 358 3
300 358 3
309 310 3
270 385 3
301 302 3
329 385 3
301 359 3
302 359 3
303 361 3
347 405 3
291 349 1
296 355 3
298 355 3
303 359 3
304 361 3
315 373 3
316 373 3
319 377 3
331 389 3
333 392 3
339 396 3
295 354 3
296 354 3
298 356 3
356 357 3
358 359 3
300 359 3
309 366 3
318 377 3
334 392 3
337 396 3
342 401 1
343 401 1
290 349 1
292 349 1
304 362 3
306 364 3
307 364 3
313 372 3
323 381 3
324 381 3
332 392 3
342 400 1
346 404 3
347 404 3
294 352 3
295 352 3
359 361 3
314 372 3
316 374 3
322 381 3
330 389 3
339 397 3
340 397 3
400 401 3
344 401 3
345 403 3
346 403 3
290 348 1
293 351 3
293 352 3
295 353 3
305 363 3
309 367 3
310 369 3
311 369 3
312 369 3
373 374 3
317 374 3
317 375 3
321 379 3
322 380 3
334 393 3
335 393 3
340 399 3
341 399 3
342 399 3
344 403 3
348 349 3
349 350 3
352 353 3
361 362 3
305 362 3
363 364 3
366 367 3
310 367 3
310 368 3
315 372 3
318 375 3
320 379 3
379 380 3
332 389 3
335 394 3
336 394 3
399 400 1
344 402 3
403 404 3
292 351 3
354 355 3
307 365 0
372 373 3
318 376 3
320 377 3
320 378 3
380 381 3
329 444 3
337 394 3
401 402 3
404 405 3
351 352 3
362 363 3
365 366 3
367 368 3
374 375 3
375 376 3
376 377 3
377 378 3
385 444 3
392 393 3
395 396 3
396 397 3
402 403 3
292 350 1
355 356 3
368 369 3
312 372 3
350 351 0
378 379 3
324 382 3
337 395 3
353 354 3
381 382 3
325 382 3
393 394 3
394 395 3
312 370 1
370 372 0
372 429 1
377 435 3
397 399 3
369 370 1
332 448 3
396 454 3
370 429 3
330 447 3
389 447 3
330 446 3
364 365 0
369 427 1
372 430 1
378 435 3
329 446 3
392 449 3
394 452 3
397 454 3
369 428 1
370 428 3
429 430 3
325 442 3
326 442 3
329 445 3
445 446 3
446 447 3
389 448 3
332 449 3
395 452 3
361 420 3
362 420 3
363 422 3
368 426 1
444 445 3
447 448 3
395 453 3
395 454 3
355 413 3
358 416 3
364 422 3
365 422 1
369 426 1
427 428 3
325 441 3
385 442 3
399 457 3
402 460 3
426 427 3
441 442 3
448 449 3
393 451 3
401 460 3
351 409 3
359 416 3
380 439 3
381 439 3
397 456 3
399 456 3
401 459 3
351 410 3
352 410 3
352 411 3
353 411 3
354 412 3
355 412 3
359 417 3
393 449 3
393 450 3
451 452 3
453 454 3
397 455 3
400 457 0
400 459 3
350 408 3
409 410 3
412 413 3
361 419 3
363 421 3
428 429 3
373 430 1
373 431 3
382 439 3
325 440 3
440 441 3
450 451 3
404 462 3
405 463 3
348 406 3
349 407 3
349 408 3
353 412 3
357 416 3
416 417 3
359 419 3
362 421 3
421 422 3
430 431 0
374 432 3
375 432 3
379 437 3
380 438 3
449 450 3
400 458 3
403 460 3
403 461 3
403 462 3
404 463 3
406 407 3
431 432 3
375 433 3
378 436 3
437 438 3
438 439 3
382 440 3
452 453 3
455 456 3
457 458 1
461 462 3
410 411 3
356 414 3
419 420 3
376 433 3
435 436 3
385 501 3
458 459 3
462 463 3
411 412 3
420 421 3
365 481 1
365 424 1
366 424 3
432 433 3
376 435 3
444 501 3
407 408 3
350 409 0
356 413 3
357 414 3
379 436 3
456 457 3
459 460 3
408 409 0
357 415 3
422 481 0
436 437 3
454 455 3
413 414 3
414 415 3
424 481 3
366 368 3
368 483 3
439 440 3
442 501 3
460 461 3
359 418 3
368 424 3
417 418 3
418 419 3
424 483 3
415 416 3
460 519 3
426 483 0
376 492 3
461 519 3
435 492 3
436 495 3
418 477 3
419 477 3
421 479 3
437 495 3
459 517 3
459 519 3
415 473 3
422 480 3
433 492 3
446 504 3
414 473 3
416 473 3
420 478 3
479 480 3
430 488 3
444 502 3
447 504 3
450 509 3
451 509 3
419 478 3
429 488 3
441 500 2
445 502 3
448 507 3
411 470 3
412 470 3
420 479 3
439 497 3
442 500 2
449 507 3
449 509 3
452 510 3
453 510 3
459 518 3
518 519 3
408 466 3
416 474 3
417 474 3
427 486 3
428 486 3
429 486 3
438 496 3
440 497 3
501 502 3
452 509 3
462 519 3
406 464 3
407 465 3
408 465 3
408 467 0
409 467 3
410 468 3
414 472 3
472 473 3
417 475 3
427 485 3
429 487 3
431 489 3
433 491 3
435 493 3
438 495 3
439 496 3
507 509 3
453 511 3
454 511 3
455 514 3
456 514 3
457 515 3
458 516 3
458 517 3
517 518 3
463 521 3
407 464 3
466 467 0
410 467 3
411 468 3
473 474 3
474 475 3
418 475 3
426 485 3
485 486 3
486 487 3
487 488 3
491 492 3
492 493 3
436 493 3
496 497 3
509 510 3
510 511 3
454 512 3
456 515 3
515 516 1
516 517 3
464 465 3
411 469 3
412 471 3
413 471 3
426 484 0
493 495 3
447 507 3
511 512 3
467 468 3
469 470 3
414 471 3
477 478 3
483 484 2
484 485 2
432 489 3
440 498 3
454 513 3
455 513 3
462 520 3
465 466 3
470 471 3
471 472 3
441 498 3
513 514 3
519 520 3
478 479 3
480 481 0
497 498 3
445 504 3
512 513 3
462 521 3
468 469 3
488 489 0
495 496 3
514 515 3
520 521 3
481 483 3
504 507 3
506 507 0
507 508 1
508 509 0
500 501 0
504 506 1
418 534 3
495 554 1
496 554 1
509 567 1
513 571 3
477 534 3
432 491 3
502 560 1
445 560 1
504 563 1
508 567 3
514 571 3
489 491 3
495 553 1
500 557 1
501 559 1
445 561 1
483 540 1
560 561 3
504 561 1
506 563 3
508 566 3
466 524 3
471 530 3
481 540 1
483 542 1
484 542 1
553 554 3
498 556 1
441 556 1
441 557 1
566 567 3
512 570 3
513 570 3
472 530 3
480 540 1
539 540 3
488 546 3
493 553 1
556 557 3
502 559 1
465 524 3
477 535 3
478 535 3
489 546 1
500 559 3
506 564 2
510 569 3
511 569 3
511 570 3
489 547 2
491 548 2
563 564 0
570 571 3
518 577 3
519 577 3
520 578 3
480 538 1
546 547 0
489 548 3
491 549 2
497 555 1
506 565 0
507 565 1
510 568 3
467 524 1
468 527 3
469 527 3
538 540 3
540 542 3
486 544 3
492 549 2
498 555 1
557 558 3
561 563 2
508 565 0
509 568 3
521 579 3
485 544 3
492 550 2
500 558 2
559 560 2
519 578 3
520 579 3
469 528 3
470 528 3
474 532 3
541 542 3
549 550 3
493 550 2
567 568 0
516 574 0
464 522 3
465 522 3
465 523 3
468 526 3
471 529 3
473 531 3
473 532 3
475 532 3
534 535 3
540 541 3
485 543 1
487 545 3
555 556 3
523 524 3
526 527 3
527 528 3
470 529 3
530 531 3
475 533 3
479 537 1
480 537 1
484 543 1
544 545 3
545 546 3
547 548 3
496 555 1
568 569 3
514 572 3
515 572 3
515 573 3
516 575 0
517 575 0
518 576 3
522 523 3
467 525 3
529 530 3
478 536 3
538 539 3
548 549 3
554 555 1
569 570 3
571 572 3
572 573 3
517 576 3
467 526 3
528 529 3
532 533 3
418 533 3
535 536 3
479 536 3
537 538 3
561 620 3
563 620 3
574 575 3
524 525 0
525 526 3
515 574 3
576 577 3
577 578 3
493 551 2
551 553 1
531 532 3
533 534 3
564 565 0
542 543 3
550 551 3
563 621 3
573 574 3
575 576 1
536 537 1
620 621 3
568 626 1
570 628 1
485 602 1
544 602 1
567 626 3
543 602 3
558 559 3
576 633 2
565 566 3
575 633 1
530 588 3
531 588 3
566 625 3
560 618 3
561 618 3
541 599 3
547 604 3
540 599 3
546 604 3
551 610 3
554 612 3
565 623 3
525 583 3
526 584 3
527 584 3
551 609 3
553 610 2
554 613 1
560 617 3
566 623 3
567 625 3
578 579 3
547 605 3
548 605 3
549 606 3
550 609 3
609 610 3
553 612 2
555 613 3
578 636 3
524 582 3
528 586 3
548 606 3
550 608 3
612 613 3
559 617 2
561 619 3
577 635 1
525 584 3
527 585 3
528 585 3
529 586 3
535 593 3
539 597 3
540 598 3
542 600 3
543 601 3
545 603 3
605 606 3
549 608 3
608 609 3
556 614 3
618 619 3
564 622 2
574 632 3
576 634 3
635 636 0
522 580 3
523 580 3
523 581 3
524 581 3
531 589 3
532 589 3
534 592 2
535 592 3
536 593 2
540 597 3
598 599 3
601 602 3
602 603 0
544 603 3
546 603 3
549 607 3
557 614 3
617 618 3
619 620 3
564 623 2
571 628 1
575 632 3
633 634 2
579 636 3
583 584 3
529 587 3
588 589 3
538 597 3
597 598 3
541 600 3
604 605 3
606 607 3
607 608 3
553 611 2
556 613 3
557 615 3
558 617 1
563 622 0
573 632 3
577 634 3
579 637 3
584 585 3
586 587 3
587 588 3
537 595 3
542 601 3
610 611 3
611 612 2
613 614 3
558 615 3
558 616 3
622 623 3
566 624 3
624 625 3
634 635 1
636 637 3
585 586 3
533 592 3
536 595 1
599 600 3
600 601 3
603 604 3
614 615 3
615 616 3
625 626 3
569 628 1
581 582 3
592 593 3
536 594 2
623 624 3
571 629 3
580 581 3
525 582 3
593 594 3
569 626 1
632 633 2
628 629 0
572 631 3
573 631 3
621 622 0
572 629 3
631 632 3
582 583 0
532 590 3
533 590 3
533 591 3
594 595 1
538 595 3
616 675 3
616 617 3
589 590 3
590 591 3
591 592 3
569 627 1
627 628 3
538 654 3
617 675 3
626 627 0
629 631 3
597 654 3
625 682 3
595 654 3
624 682 3
628 686 3
629 687 1
629 688 1
631 688 1
616 731 3
622 680 3
627 686 3
628 687 3
634 692 3
600 658 3
601 658 3
621 680 3
635 692 0
599 657 3
605 663 3
615 731 3
621 679 3
623 680 3
623 681 3
583 641 1
598 657 3
620 679 3
624 681 3
582 639 3
582 641 2
606 663 3
618 675 3
679 680 3
586 644 2
587 644 2
587 645 2
588 645 2
589 648 2
590 648 2
591 648 2
600 657 3
658 659 2
601 659 3
611 669 3
612 669 2
681 682 3
625 683 3
626 685 0
627 685 0
580 638 3
581 639 3
615 673 3
674 731 3
616 674 3
631 690 1
632 690 2
633 691 3
636 694 3
636 695 3
637 695 3
581 638 3
582 640 2
585 644 2
588 647 2
589 647 2
595 653 3
597 655 3
598 656 3
614 672 3
614 673 3
673 731 3
618 676 3
619 677 3
620 678 3
626 684 3
685 686 1
687 688 3
633 690 2
634 691 3
635 693 3
639 640 3
644 645 3
588 646 2
647 648 3
594 653 1
654 655 3
655 656 3
656 657 3
657 658 3
602 659 3
602 661 0
603 662 2
604 662 2
608 667 3
609 667 3
610 667 3
613 671 3
613 672 3
674 675 3
675 676 3
618 677 3
626 683 3
684 685 0
686 687 3
691 692 3
692 693 1
635 694 0
694 695 3
640 641 3
583 642 2
584 642 2
645 646 3
646 647 3
592 648 2
653 654 3
603 661 2
606 664 3
671 672 3
619 678 3
690 691 3
638 639 3
641 642 3
585 643 2
661 662 3
605 662 3
663 664 3
607 664 3
612 671 2
672 673 3
678 679 3
680 681 3
682 683 3
683 684 3
643 644 3
593 651 3
594 651 3
659 716 3
659 661 2
607 665 3
608 665 3
610 669 3
585 642 2
592 651 3
662 663 3
608 724 3
676 677 3
693 694 0
648 649 3
592 649 3
651 653 1
649 651 3
651 652 3
652 653 1
664 665 3
665 724 3
669 671 2
683 740 3
688 690 2
667 724 3
682 740 3
677 678 3
651 708 3
654 712 3
655 712 3
667 726 3
610 726 3
649 708 3
669 728 3
640 698 3
641 698 3
653 712 3
669 726 3
684 742 3
690 747 3
642 643 3
644 646 3
649 707 3
683 742 3
688 747 2
691 749 3
652 710 3
659 718 2
688 746 2
641 699 3
642 700 3
643 700 3
644 702 3
653 710 0
661 718 3
687 746 2
638 697 3
639 697 3
698 699 3
707 708 3
651 709 3
677 735 3
640 697 3
648 707 2
662 721 3
663 721 3
664 722 3
669 727 3
671 728 2
676 734 3
678 735 3
680 739 3
681 739 3
681 740 3
683 741 3
693 751 0
694 752 1
695 752 1
646 702 3
647 704 2
648 706 2
652 709 3
655 713 3
716 718 3
663 722 3
665 722 3
667 725 3
726 727 3
727 728 3
671 729 2
675 734 3
690 748 3
638 696 3
644 700 3
646 704 2
647 706 2
706 707 3
712 713 3
656 713 3
656 714 3
665 723 3
724 725 3
725 726 3
728 729 3
675 733 3
676 735 3
678 736 3
679 737 3
680 738 3
747 748 3
691 748 2
692 749 2
692 750 2
693 750 0
694 751 3
696 697 3
700 702 3
657 714 2
658 716 3
716 717 3
661 720 3
662 720 3
722 723 3
723 724 3
674 733 3
735 736 3
678 737 3
680 737 3
738 739 3
740 741 3
685 743 3
746 747 3
641 700 3
657 715 3
658 715 3
717 718 3
718 720 3
672 731 3
734 735 3
736 737 3
739 740 3
684 743 0
749 750 3
750 751 3
646 703 3
704 706 3
713 714 3
672 729 2
741 742 3
702 703 3
708 709 3
709 710 3
733 734 3
737 738 3
748 749 3
751 752 1
699 700 3
703 704 3
719 720 3
686 743 2
718 719 3
720 721 3
721 722 3
686 746 2
697 698 3
686 744 2
715 716 3
731 733 3
743 744 3
700 759 3
702 759 2
714 715 3
686 803 2
699 758 3
700 758 2
729 788 3
672 788 2
744 803 3
746 803 3
752 810 3
698 757 3
699 757 3
731 788 2
746 804 3
757 758 3
803 804 3
706 764 3
715 773 3
716 773 3
731 789 2
734 792 3
702 760 2
707 764 3
707 765 3
708 765 3
708 766 3
714 771 2
725 783 3
726 783 3
747 804 3
697 757 3
703 760 3
703 761 3
704 761 3
704 763 3
706 763 3
709 766 3
723 782 3
724 782 3
788 789 3
731 790 2
733 790 2
735 794 3
736 794 3
758 759 3
725 782 3
789 790 3
735 792 2
737 794 3
743 801 3
697 755 3
764 765 3
713 771 2
721 779 3
726 785 3
727 785 3
727 786 3
728 786 3
739 798 3
740 798 3
684 801 0
696 755 3
755 757 3
759 760 3
722 779 3
738 797 3
739 797 3
740 799 3
741 799 3
751 810 1
696 754 3
760 761 3
709 767 3
710 767 3
710 768 3
653 768 2
722 780 3
723 781 3
783 784 3
726 784 3
729 787 3
733 792 3
737 795 3
738 796 3
742 800 3
747 805 3
747 806 3
748 806 3
754 755 3
704 762 3
763 764 3
765 766 3
712 768 2
714 773 3
720 779 3
779 780 3
780 781 3
784 785 3
785 786 3
786 787 3
787 788 3
794 795 3
795 796 3
742 799 3
804 805 3
805 806 3
761 762 3
762 763 3
766 767 3
714 772 2
781 782 3
797 798 3
798 799 3
749 806 3
810 811 3
771 772 3
772 773 3
717 777 3
718 777 3
719 777 3
720 778 3
782 783 3
796 797 3
751 809 1
809 810 3
767 768 3
768 827 3
712 827 2
720 777 3
684 800 3
792 794 2
712 771 2
800 801 0
744 801 3
749 807 3
777 778 3
799 800 3
806 807 3
778 779 3
792 851 3
794 851 2
801 803 3
749 751 3
751 807 3
810 868 3
801 860 3
803 860 3
803 861 3
811 868 3
712 828 2
717 834 2
755 814 3
757 814 3
757 815 3
827 828 3
771 828 3
717 833 3
777 834 3
860 861 3
807 809 1
833 834 3
773 832 2
716 832 2
717 832 3
800 858 3
804 861 3
809 866 3
759 817 3
760 817 3
832 833 3
800 859 3
807 865 1
807 866 1
809 867 3
810 867 3
814 815 3
772 831 3
773 831 2
733 849 2
792 849 2
801 859 3
865 866 3
867 868 3
757 816 3
758 816 3
772 830 3
831 832 3
790 849 3
859 860 3
755 813 3
771 830 3
830 831 3
754 813 3
813 814 3
758 817 3
760 819 3
761 819 3
788 847 3
789 847 3
765 824 3
766 824 3
768 826 3
826 827 3
771 829 3
785 843 3
790 847 3
805 861 3
806 864 1
807 864 1
815 816 3
760 818 3
828 829 3
829 830 3
781 839 3
783 841 3
784 841 3
784 843 3
796 854 3
797 854 3
798 857 3
799 857 3
864 865 3
754 812 3
817 818 3
818 819 3
762 819 3
763 821 3
764 821 3
765 823 3
767 824 3
777 835 3
778 836 3
779 837 3
780 838 3
782 839 3
782 840 3
786 844 3
787 845 3
788 846 3
795 853 3
800 857 3
812 813 3
816 817 3
762 821 3
764 822 3
764 823 3
823 824 3
834 835 3
835 836 3
836 837 3
837 838 3
838 839 3
840 841 3
844 845 3
845 846 3
846 847 3
790 848 3
853 854 3
762 820 3
839 840 3
786 843 3
848 849 3
849 908 3
792 908 2
794 853 3
819 820 3
820 821 3
822 823 3
768 824 3
843 844 3
847 848 3
856 857 3
805 863 1
805 864 1
866 867 3
798 856 0
857 858 3
861 863 1
863 864 1
821 822 3
824 826 3
797 856 0
851 908 2
794 852 3
851 852 2
824 883 3
826 883 3
841 843 3
841 900 3
843 900 3
865 867 3
868 927 0
797 855 0
858 859 2
852 853 3
854 855 2
855 856 3
861 920 1
864 922 2
918 920 2
865 922 3
861 918 1
863 920 3
865 925 3
867 925 3
823 882 3
824 882 3
829 887 3
833 891 3
860 918 1
828 887 3
832 891 3
924 925 2
868 925 3
815 873 3
816 874 3
820 878 3
834 891 3
908 909 3
851 909 2
853 855 3
813 871 3
814 873 3
818 876 3
821 878 3
830 888 3
831 888 3
847 905 3
848 907 3
849 907 3
863 922 1
814 871 3
846 905 3
852 855 3
812 870 3
812 871 3
814 872 3
815 874 3
817 875 3
817 876 3
819 876 3
821 879 3
822 880 3
823 881 3
826 884 3
827 885 3
828 886 3
886 887 3
830 887 3
888 889 3
831 889 3
832 890 3
834 892 3
835 893 3
836 894 3
837 895 3
838 896 3
839 897 3
840 898 3
840 899 3
841 899 3
843 901 3
844 902 3
845 903 3
846 904 3
848 905 3
856 858 3
863 921 3
870 871 3
872 873 3
874 875 3
875 876 3
878 879 3
879 880 3
880 881 3
882 883 3
883 884 3
884 885 3
885 886 3
889 890 3
890 891 3
891 892 3
892 893 3
893 894 3
894 895 3
895 896 3
896 897 3
897 898 3
899 900 3
900 901 3
901 902 3
902 903 3
903 904 3
848 906 3
907 908 3
920 921 3
921 922 1
871 872 3
881 882 3
887 888 3
906 907 3
865 923 1
923 925 0
868 984 3
819 877 3
820 877 3
898 899 3
905 906 3
923 924 3
873 874 3
877 878 3
855 858 3
927 984 3
904 905 3
852 909 2
858 860 2
918 977 3
925 984 3
876 877 3
920 977 0
922 923 1
858 975 1
860 975 1
858 974 2
918 975 3
855 970 3
858 973 2
974 975 1
852 968 2
852 969 2
855 969 3
855 973 3
973 974 3
909 968 3
969 970 3
855 971 3
855 972 3
968 969 3
972 973 3
920 979 3
921 979 3
970 971 3
971 972 3
875 933 3
876 933 3
872 931 3
873 931 3
881 939 3
882 940 3
918 1034 3
925 983 3
876 935 3
877 935 3
882 939 3
977 1034 3
922 980 3
939 940 3
975 1034 3
921 980 1
923 980 0
874 931 3
876 992 3
903 961 3
904 961 3
908 966 3
983 984 3
870 928 3
871 929 3
872 930 3
930 931 3
878 936 3
879 937 3
880 938 3
883 941 3
884 942 3
885 943 3
886 944 3
887 945 3
888 946 3
889 947 3
890 948 3
891 949 3
892 950 3
893 951 3
894 952 3
895 953 3
896 954 3
897 955 3
898 956 3
899 957 3
900 958 3
901 959 3
902 960 3
904 962 3
905 963 3
906 964 3
907 965 3
909 966 3
920 978 1
927 985 3
928 929 3
929 930 3
933 992 3
935 992 3
935 936 3
936 937 3
937 938 3
938 939 3
940 941 3
941 942 3
942 943 3
943 944 3
944 945 3
945 946 3
946 947 3
947 948 3
948 949 3
949 950 3
950 951 3
951 952 3
952 953 3
953 954 3
954 955 3
955 956 3
956 957 3
957 958 3
958 959 3
959 960 3
960 961 3
962 963 3
963 964 3
964 965 3
965 966 3
977 978 3
978 979 0
984 985 3
961 962 3
924 1040 0
874 933 3
909 967 3
979 980 1
925 1040 3
967 968 3
966 967 3
983 1040 3
931 933 3
923 1040 0
933 990 3
973 1031 3
923 1039 0
979 1037 1
1039 1040 3
983 1041 3
984 1041 3
931 989 3
933 989 3
974 1031 3
974 1033 3
975 1033 0
980 1039 3
1040 1041 3
989 990 3
965 1023 3
974 1032 3
978 1037 3
984 1042 3
941 999 3
942 999 3
964 1023 3
968 1026 3
969 1027 3
1031 1032 3
1033 1034 1
930 989 3
945 1003 3
946 1004 3
947 1004 3
947 1005 3
948 1006 3
956 1014 3
957 1014 3
960 1018 3
961 1020 3
962 1020 3
964 1021 3
967 1026 3
968 1027 3
970 1027 3
972 1030 3
973 1030 3
1032 1033 3
978 1035 3
1041 1042 3
985 1042 3
985 1043 3
930 988 3
940 998 3
944 1003 3
1004 1005 3
947 1006 3
954 1013 3
955 1013 3
961 1018 3
963 1021 3
971 1029 3
971 1030 3
977 1035 3
979 1038 1
980 1038 3
1042 1043 3
928 986 3
929 987 3
988 989 3
933 991 3
935 993 3
936 994 3
937 994 3
937 995 3
938 995 3
938 996 3
939 997 3
998 999 3
942 1000 3
942 1001 3
943 1001 3
944 1002 3
949 1007 3
950 1008 3
951 1009 3
952 1010 3
953 1011 3
954 1012 3
957 1015 3
958 1016 3
959 1017 3
962 1021 3
965 1024 3
966 1024 3
970 1028 3
970 1029 3
1029 1030 3
986 987 3
987 988 3
990 991 3
991 992 3
992 993 3
993 994 3
994 995 3
996 997 3
997 998 3
1001 1002 3
1003 1004 3
948 1007 3
1007 1008 3
1008 1009 3
1009 1010 3
1010 1011 3
1011 1012 3
1012 1013 3
956 1013 3
1015 1016 3
1016 1017 3
1017 1018 3
967 1024 3
1026 1027 3
1027 1028 3
1028 1029 3
1030 1031 3
1038 1039 3
999 1000 3
1002 1003 3
1005 1006 3
1013 1014 3
1014 1015 3
995 996 3
1000 1001 3
1006 1007 3
1020 1021 3
1021 1023 3
1037 1038 3
1023 1024 3
1034 1035 3
