0 1 3
1 2 3
2 3 3
3 4 3
4 5 3
5 6 3
6 7 3
7 8 3
8 9 3
9 10 2
10 11 2
11 12 3
12 13 0
13 14 3
14 15 3
15 16 3
16 17 3
17 20 0
20 21 3
21 22 3
22 23 3
23 24 3
24 25 3
25 26 3
26 27 3
27 28 3
28 29 3
29 30 3
30 31 3
31 32 3
32 33 3
33 34 3
34 35 3
35 36 3
36 37 3
37 38 3
38 39 3
39 40 3
40 41 3
41 42 3
42 43 3
43 44 3
44 45 1
45 46 3
46 47 3
47 48 3
48 49 3
49 50 3
50 51 3
51 52 3
52 53 3
53 54 3
54 55 3
55 56 3
56 57 3
17 19 0
19 20 3
17 75 3
19 76 3
19 75 3
31 88 3
12 71 0
75 76 3
11 71 0
43 102 3
5 63 3
13 71 3
24 83 3
25 83 3
30 88 3
44 102 3
22 80 3
21 80 3
45 103 3
7 65 3
9 67 3
10 67 2
20 77 3
40 98 3
41 98 3
46 103 3
46 105 3
47 105 0
4 62 3
5 62 3
6 65 3
7 66 3
8 66 3
10 68 0
13 72 3
14 72 3
19 77 3
35 93 3
36 93 3
38 97 3
39 97 3
40 97 3
43 100 3
67 68 0
24 82 3
25 84 3
26 84 3
27 85 3
29 87 3
30 87 3
34 93 3
36 94 3
38 95 3
41 99 3
42 99 3
42 100 3
47 106 0
48 106 0
56 114 1
57 114 1
0 58 3
1 59 3
2 60 3
3 61 3
6 63 3
10 69 0
11 69 0
16 74 3
20 78 3
21 79 3
22 81 3
23 81 3
82 83 3
26 85 3
28 85 3
28 86 3
87 88 3
32 90 3
33 91 3
33 92 3
34 92 3
93 94 3
37 95 3
44 103 1
49 107 0
50 108 0
51 108 0
52 110 1
54 112 1
55 113 1
58 59 3
59 60 3
60 61 3
61 62 3
9 66 3
15 72 3
17 74 3
78 79 3
81 82 3
83 84 3
85 86 3
86 87 3
88 89 3
31 89 3
32 89 3
90 91 3
91 92 3
94 95 3
95 97 3
46 104 3
105 106 3
106 107 3
107 108 3
51 110 1
53 110 1
53 112 1
112 113 3
113 114 3
69 71 3
15 73 3
16 73 3
74 75 3
77 78 3
79 80 3
80 81 3
92 93 3
97 98 3
100 102 3
103 104 3
104 105 3
51 109 1
53 111 1
57 115 1
71 72 3
98 99 3
108 109 1
109 110 3
110 111 3
111 112 3
114 115 3
62 63 3
76 77 3
89 90 3
63 65 3
66 67 3
73 74 3
99 100 3
65 66 3
68 69 0
72 73 3
84 85 3
102 103 1
65 122 3
63 122 3
69 127 3
68 127 0
74 133 3
97 153 3
75 133 3
95 153 3
97 156 3
98 156 3
69 128 3
71 128 3
102 159 2
100 159 3
61 120 3
62 120 3
102 160 3
71 129 3
80 138 3
99 158 3
100 158 3
67 125 3
68 125 1
72 129 3
73 131 3
79 138 3
91 149 3
92 149 3
110 168 3
60 118 3
60 119 3
61 119 3
74 131 3
89 147 3
90 147 3
93 151 3
97 154 3
105 163 3
106 163 3
59 118 3
66 125 3
127 128 3
74 132 3
83 141 3
86 144 3
92 151 3
94 152 3
95 152 3
99 156 3
108 166 1
114 172 3
115 172 3
58 116 3
59 117 3
118 119 3
63 120 3
66 124 3
79 137 3
81 139 3
82 140 3
83 140 3
84 141 3
84 142 3
85 143 3
85 144 3
88 146 3
89 146 3
90 148 3
93 152 3
153 154 3
99 157 3
158 159 3
159 160 3
103 160 0
103 161 3
104 162 3
106 164 3
107 165 1
107 166 1
109 166 3
111 168 3
112 170 3
113 172 3
116 117 3
117 118 3
65 124 3
132 133 3
78 137 3
137 138 3
138 139 3
139 140 3
142 143 3
87 144 3
87 145 3
88 145 3
148 149 3
151 152 3
156 157 3
160 161 1
161 162 3
162 163 3
163 164 3
164 165 1
165 166 3
111 170 3
73 130 3
131 132 3
140 141 3
143 144 3
113 171 3
119 120 3
72 130 3
141 142 3
144 145 3
145 146 3
147 148 3
152 153 3
170 171 3
171 172 3
124 125 3
130 131 3
77 193 3
146 147 3
157 158 3
158 216 3
159 216 3
120 179 3
63 179 3
128 129 3
77 192 3
129 130 3
76 192 3
192 193 3
78 136 3
110 166 3
76 133 3
136 137 3
149 151 3
154 156 3
122 124 3
133 192 3
168 170 3
149 208 3
151 208 3
166 168 3
170 228 3
78 193 3
122 181 3
68 242 3
136 193 3
124 181 3
125 242 0
154 213 3
156 213 3
165 223 3
166 223 3
168 227 3
170 227 3
118 176 3
122 179 3
128 186 3
129 186 3
168 226 3
116 175 3
117 175 3
117 176 3
122 180 3
132 190 3
133 191 3
147 205 3
156 214 3
179 180 3
127 242 1
131 190 3
133 190 3
191 192 3
148 205 3
153 212 3
154 212 3
157 214 3
166 225 3
168 225 3
125 183 3
129 187 3
213 214 3
124 183 3
127 185 3
186 187 3
131 189 3
157 215 3
157 216 3
160 216 3
160 217 3
160 218 3
172 231 3
128 185 3
143 201 3
144 201 3
144 202 3
146 205 3
149 207 3
153 211 3
214 215 3
216 217 3
116 174 3
174 175 3
189 190 3
190 191 3
137 195 3
138 196 3
139 197 3
140 197 3
140 198 3
141 199 3
142 200 3
148 207 3
151 209 3
152 210 3
152 211 3
212 213 3
215 216 3
217 218 3
161 219 3
162 220 1
163 221 1
164 222 1
166 224 3
119 176 3
120 177 3
185 186 3
130 187 3
130 189 3
136 195 3
195 196 3
196 197 3
198 199 3
199 200 3
200 201 3
208 209 3
209 210 3
218 219 1
219 220 1
220 221 1
221 222 0
165 222 3
223 224 3
171 228 3
119 177 3
130 188 3
148 206 3
210 211 3
224 225 3
226 227 3
227 228 3
172 230 3
175 176 3
177 179 3
180 181 3
188 189 3
197 198 3
205 206 3
206 207 3
207 208 3
225 226 3
172 228 3
176 177 3
183 242 0
211 212 3
230 231 3
127 243 3
185 243 3
201 202 3
187 188 3
222 223 3
144 261 3
193 252 3
136 252 3
202 261 3
145 261 3
145 205 3
230 287 2
181 183 3
186 243 3
242 243 0
205 261 3
228 230 3
179 237 3
192 250 3
193 250 3
179 236 3
180 237 3
177 236 3
236 237 3
181 239 3
250 251 3
193 251 3
180 239 3
186 244 1
228 287 2
243 244 1
187 244 1
205 262 3
224 282 3
225 282 3
251 252 3
261 262 3
213 270 3
181 298 3
191 249 3
192 249 3
136 253 3
195 253 3
202 260 3
208 266 3
209 266 3
212 270 3
230 288 2
176 234 3
239 298 3
199 257 3
201 259 3
202 259 3
260 261 3
211 269 3
211 270 3
222 280 3
231 288 2
175 234 3
177 234 3
183 298 3
183 241 0
190 248 3
190 249 3
200 257 3
207 265 3
210 269 3
226 284 3
228 286 1
177 235 3
188 247 3
189 247 3
189 248 3
206 265 3
210 268 3
213 271 3
221 279 1
227 284 3
227 286 1
286 287 1
174 232 3
175 232 3
175 233 3
235 236 3
180 238 3
241 242 3
248 249 3
252 253 3
196 254 3
197 255 3
198 256 3
200 258 3
259 260 3
206 264 3
209 267 3
209 268 3
270 271 3
214 271 3
216 274 3
217 275 3
218 276 3
219 277 1
219 278 1
220 278 3
220 279 3
222 279 3
223 280 3
227 285 3
231 289 1
234 235 3
237 238 3
241 298 1
247 248 3
253 254 3
254 255 3
255 256 3
256 257 3
205 264 3
265 266 3
266 267 3
269 270 3
215 274 3
274 275 3
275 276 3
276 277 1
284 285 3
285 286 1
288 289 1
232 233 3
233 234 3
187 245 1
188 245 1
201 258 3
205 263 3
268 269 3
278 279 3
279 280 3
223 282 3
282 341 3
225 341 3
287 288 3
188 246 1
249 250 3
262 263 3
263 264 3
215 273 3
238 239 3
245 246 3
257 258 3
264 265 3
214 273 3
273 274 3
277 278 3
244 245 3
246 247 0
223 340 3
214 272 3
282 340 3
258 259 3
267 268 3
271 272 3
280 340 3
284 341 3
226 341 3
243 301 1
244 301 3
234 291 3
272 273 3
233 291 3
298 299 3
241 299 1
247 305 3
248 307 3
249 307 3
272 330 3
278 337 3
279 337 3
236 294 3
242 301 3
257 316 3
258 316 3
262 320 3
263 320 3
271 330 3
237 294 3
237 295 3
252 310 3
253 310 3
279 338 3
280 338 3
232 291 3
235 293 3
241 300 3
244 302 3
251 309 3
263 322 3
337 338 3
236 293 3
238 295 3
242 300 3
301 302 3
245 302 3
245 304 3
246 304 3
250 309 3
256 315 3
257 315 3
260 318 3
261 319 3
264 322 3
266 324 3
270 328 3
270 329 3
271 329 3
278 336 3
285 343 3
286 344 0
288 346 3
232 290 0
245 303 3
248 305 3
250 307 3
253 311 3
254 312 3
255 313 3
256 314 3
315 316 3
259 317 3
261 318 3
265 323 3
265 324 3
267 324 3
267 325 3
269 327 3
329 330 3
273 330 3
273 331 3
274 332 1
275 333 1
276 334 1
277 334 3
277 335 3
278 335 3
336 337 3
284 343 3
287 345 0
289 346 0
289 347 0
290 291 1
234 293 3
293 294 3
238 296 3
300 301 3
302 303 3
250 308 3
309 310 3
311 312 3
312 313 3
255 314 3
314 315 3
316 317 3
317 318 3
262 319 3
320 322 3
264 323 3
267 326 3
268 326 3
268 327 3
327 328 3
328 329 3
330 331 3
331 332 1
332 333 1
333 334 3
334 335 3
341 342 1
284 342 1
285 344 3
344 345 3
345 346 1
295 296 3
299 300 0
303 304 3
307 308 3
308 309 3
310 311 3
319 320 3
323 324 3
346 347 3
247 304 1
318 319 3
326 327 3
338 340 3
343 344 3
291 293 3
304 305 0
248 306 3
313 314 3
322 323 3
324 325 3
325 326 3
294 295 3
238 297 3
239 297 3
305 306 3
306 307 3
335 336 3
342 343 3
340 341 3
296 297 3
297 298 3
291 350 3
293 350 3
320 379 3
299 358 0
322 379 3
300 358 3
311 369 3
338 396 3
305 363 1
312 369 3
331 389 1
340 397 3
341 398 1
341 400 1
304 363 3
326 384 1
327 384 1
338 397 3
340 398 3
342 400 3
343 400 3
301 359 3
332 389 2
335 393 3
336 393 3
293 351 3
300 359 3
320 378 3
330 388 1
350 351 3
294 351 3
295 353 3
296 353 3
302 360 3
313 371 3
378 379 3
323 382 3
324 382 3
324 383 3
325 383 3
328 386 3
331 388 1
337 395 3
338 395 3
345 404 3
346 404 0
290 348 1
291 348 3
297 355 3
301 360 3
304 362 3
305 423 1
310 369 3
312 370 3
313 370 3
314 371 3
318 377 3
319 377 3
319 378 3
322 381 3
323 381 3
327 385 3
329 386 3
334 392 3
335 392 3
343 401 3
344 401 3
294 352 3
296 355 3
303 361 3
363 423 3
309 367 3
310 368 3
314 372 3
315 373 3
316 374 3
317 375 3
318 376 3
322 380 3
326 383 3
384 385 0
329 387 2
332 390 3
333 391 3
336 394 3
346 405 1
347 405 1
351 352 3
352 353 3
359 360 3
360 361 3
362 363 3
306 423 1
306 308 3
308 367 3
310 367 3
368 369 3
371 372 3
372 373 3
373 374 3
374 375 3
375 376 3
379 380 3
380 381 3
385 386 3
386 387 2
330 387 1
389 390 2
390 391 1
391 392 3
392 393 3
394 395 3
395 396 3
397 398 3
398 400 1
400 401 3
344 402 3
299 357 0
304 361 3
376 377 3
377 378 3
393 394 3
396 397 3
345 402 3
353 355 3
357 358 3
358 359 3
381 382 3
383 384 1
388 389 3
361 362 3
382 383 3
401 402 3
297 414 0
298 414 0
299 414 0
369 370 3
370 371 3
404 405 1
357 414 3
367 368 3
355 414 0
380 439 3
381 439 3
387 388 3
345 461 3
355 412 3
363 422 3
402 461 3
404 461 3
353 412 3
348 407 3
291 407 3
308 423 2
308 425 3
367 425 3
400 458 3
401 458 3
388 446 3
398 456 3
398 457 3
400 457 3
423 425 3
379 437 3
380 437 3
380 438 3
384 442 0
387 446 2
397 456 3
422 423 3
423 424 2
378 437 3
386 445 1
387 445 2
395 453 3
351 409 3
424 425 3
369 427 3
370 427 3
372 430 3
437 438 3
396 453 3
401 460 3
404 462 1
405 462 3
350 409 3
358 417 3
359 417 3
373 430 3
374 432 3
375 432 3
377 435 3
438 439 3
385 443 3
386 444 3
392 451 3
393 451 3
393 452 3
394 452 3
402 460 3
358 416 3
370 429 3
371 429 3
378 435 3
386 443 3
391 450 3
392 450 3
396 454 3
397 454 3
401 459 3
348 406 3
352 410 3
353 411 3
416 417 3
360 418 3
360 419 3
361 419 3
370 428 3
372 429 3
373 431 3
375 433 3
376 434 3
377 434 3
383 441 3
383 442 3
444 445 1
388 447 3
389 447 3
390 448 3
391 449 3
397 455 3
459 460 3
351 410 3
353 410 3
411 412 3
417 418 3
418 419 3
363 480 3
422 480 3
428 429 3
430 431 3
432 433 3
433 434 3
378 436 3
382 440 3
382 441 3
384 443 0
443 444 3
447 448 2
448 449 1
449 450 3
450 451 3
452 453 3
454 455 3
455 456 3
460 461 3
405 463 3
406 407 3
350 407 3
410 411 3
355 413 3
362 480 3
435 436 3
436 437 3
440 441 3
441 442 3
445 446 3
409 410 3
413 414 0
427 428 3
442 443 3
446 447 3
451 452 3
453 454 3
456 457 1
461 462 1
412 413 3
362 419 3
424 481 3
368 425 3
429 430 3
434 435 3
458 459 3
462 463 3
382 498 3
357 416 3
423 481 3
368 427 3
374 431 3
439 498 3
381 498 3
440 498 3
416 473 3
431 432 3
350 466 3
350 467 0
409 467 0
414 416 3
362 478 3
425 427 3
457 458 3
466 467 3
414 473 3
478 480 3
407 466 3
409 469 2
410 469 3
419 478 3
428 486 3
429 486 3
453 511 3
454 511 3
454 512 3
407 465 3
511 512 3
456 514 3
461 519 3
462 519 3
406 465 3
416 474 3
417 474 3
441 498 3
413 471 3
417 475 3
418 476 3
425 484 3
439 497 3
446 504 3
447 504 3
455 512 3
458 517 3
459 517 3
460 518 3
461 518 3
414 471 1
418 475 3
419 476 3
423 480 3
427 484 3
429 487 2
430 487 2
430 489 3
431 489 3
438 497 3
497 498 3
455 514 3
462 520 3
406 522 3
412 471 3
425 483 3
427 485 3
427 486 3
487 546 3
434 492 3
435 492 3
441 500 3
442 500 3
443 501 3
444 502 3
445 503 3
446 503 3
447 505 1
447 506 1
448 506 1
449 507 3
450 508 3
451 509 3
452 510 3
457 514 0
457 515 3
458 515 3
459 518 3
463 520 3
411 469 3
411 470 3
412 470 3
475 476 3
487 489 3
433 492 3
435 493 3
444 501 3
502 503 3
504 505 1
506 507 3
449 508 3
508 509 3
509 510 3
510 511 3
455 513 3
517 518 3
469 470 3
470 471 3
473 474 1
474 475 3
485 486 3
432 489 3
436 493 3
505 506 0
512 513 3
513 514 3
467 469 1
424 483 3
484 485 3
489 546 3
433 491 3
492 493 3
501 502 3
503 504 3
518 519 3
519 520 3
476 478 3
432 491 3
507 508 3
465 522 3
486 487 1
436 495 3
438 496 3
442 501 3
508 566 3
483 484 3
491 492 3
437 495 1
500 501 3
507 566 3
514 515 1
436 553 3
438 495 3
496 497 3
469 525 0
469 527 0
493 553 3
495 553 3
495 496 3
515 517 3
478 479 1
479 480 0
480 538 1
423 538 1
463 579 3
465 466 3
471 473 0
478 535 1
481 539 1
520 579 3
467 525 3
471 530 3
476 535 1
481 483 3
525 527 3
470 528 3
473 530 1
481 538 1
489 491 3
498 500 3
465 523 3
479 538 0
481 540 1
497 500 2
539 540 3
483 540 1
491 549 2
517 575 3
489 548 2
495 554 3
496 554 3
500 556 1
515 575 3
473 531 1
538 539 2
484 541 3
489 549 2
497 556 1
500 558 1
514 573 1
515 573 3
518 576 3
519 576 3
522 523 3
473 532 1
474 532 3
479 535 3
483 541 3
485 543 1
492 550 2
497 555 1
501 559 1
517 576 3
470 527 3
471 528 3
479 536 3
479 537 3
486 543 1
486 544 1
491 550 2
496 555 1
500 559 1
506 564 3
519 578 3
465 524 3
466 524 3
530 531 3
531 532 3
475 532 3
475 534 1
535 536 3
537 538 0
540 541 0
487 544 2
489 547 3
548 549 3
556 558 3
558 559 3
507 565 3
510 568 3
511 568 3
520 578 3
523 524 3
525 584 3
476 534 1
543 544 3
546 547 3
554 555 1
555 556 3
501 560 3
502 560 3
565 566 3
508 567 3
509 567 3
510 567 3
466 525 3
547 548 3
549 550 3
493 550 2
493 551 3
503 561 3
504 562 3
505 563 3
505 564 0
507 564 3
511 569 3
512 570 3
513 571 3
514 572 1
524 525 3
528 530 3
534 535 3
560 561 3
561 562 3
562 563 1
569 570 3
570 571 3
571 572 3
572 573 3
563 564 0
578 579 3
527 584 3
532 534 1
551 553 3
566 567 3
568 569 3
487 545 2
550 551 3
575 576 3
536 537 3
544 545 3
559 560 0
545 546 3
527 528 3
528 587 3
564 565 3
567 568 3
530 587 3
536 594 2
537 594 2
546 604 2
573 575 3
519 635 3
553 554 3
576 635 3
578 635 3
584 585 3
527 585 3
484 543 3
528 585 3
586 587 3
532 591 1
534 591 3
565 622 3
528 586 3
547 604 3
564 622 3
575 632 3
573 632 3
575 633 3
522 580 3
525 583 3
604 605 3
547 605 3
549 607 3
576 633 3
523 580 3
583 584 3
543 602 3
544 602 3
545 603 3
546 603 3
550 607 3
555 613 3
556 614 3
558 616 3
530 588 3
537 595 1
538 595 1
538 596 1
541 599 3
541 543 3
554 613 1
558 614 3
558 615 3
559 616 3
559 617 3
579 636 3
587 588 3
530 589 3
531 589 3
532 589 3
539 596 3
540 598 3
541 598 1
548 607 3
551 610 3
553 610 3
560 617 1
578 636 3
539 597 3
550 608 3
551 608 3
555 614 3
614 615 3
615 616 3
560 618 3
573 631 3
523 581 3
534 592 3
596 597 3
540 597 3
543 599 3
603 604 3
547 606 2
548 606 3
607 608 3
561 619 3
562 620 3
563 621 3
567 626 3
568 626 3
570 629 3
571 629 3
572 630 3
576 634 3
580 581 3
524 581 3
524 640 3
588 589 3
532 590 1
591 592 3
535 592 3
617 618 0
618 619 3
619 620 3
620 621 1
569 627 3
629 630 3
630 631 3
634 635 3
590 591 3
594 595 3
595 596 3
597 598 3
598 599 0
543 601 3
544 603 3
608 610 3
613 614 3
616 617 3
569 626 3
631 632 3
632 633 3
581 640 3
524 583 3
589 590 1
605 606 3
606 607 3
553 611 3
554 611 3
564 621 1
635 636 3
601 602 3
610 611 3
618 675 1
626 627 3
602 603 3
611 613 1
617 675 3
567 624 3
566 624 3
624 626 1
633 634 3
585 586 3
570 627 3
579 695 3
608 667 3
611 669 3
636 695 3
592 593 3
535 593 2
599 601 3
610 667 3
564 680 3
565 624 3
627 629 3
536 593 3
621 680 0
622 680 3
622 624 3
536 652 1
594 652 3
593 652 3
624 683 1
626 683 3
592 649 3
583 641 3
613 669 0
584 641 3
591 649 3
651 652 3
624 680 3
629 687 3
634 693 3
635 693 3
585 643 3
592 652 3
598 656 3
610 669 3
621 679 0
679 680 3
581 639 3
639 640 3
584 643 3
595 653 3
599 656 1
599 658 3
601 658 3
610 668 3
614 672 3
624 681 1
633 691 3
590 649 3
592 651 3
594 653 2
595 654 3
596 654 3
668 669 3
613 671 3
616 674 3
680 681 3
626 684 3
627 684 3
634 691 3
584 642 3
653 654 3
601 660 3
602 660 2
602 661 3
603 661 3
617 674 3
675 676 3
627 685 3
629 685 3
580 638 3
642 643 3
586 644 3
587 645 3
588 646 3
589 647 3
597 654 3
597 655 3
599 657 1
660 661 3
604 661 3
604 662 3
605 662 3
607 665 3
667 668 3
669 671 3
618 676 1
619 677 2
620 678 1
624 682 1
630 688 3
631 688 3
631 690 3
632 690 3
636 694 3
583 640 3
641 642 3
643 644 3
644 645 3
645 646 3
646 647 3
590 647 0
654 655 3
597 656 2
656 657 3
657 658 0
658 660 3
661 662 3
605 663 3
606 663 3
608 665 3
608 666 3
614 673 3
615 673 3
674 675 3
618 677 2
677 678 1
678 679 3
682 683 3
685 687 3
687 688 3
690 691 3
693 694 3
590 648 2
592 650 3
662 663 3
606 665 3
665 666 3
666 667 3
613 672 3
615 674 3
681 682 3
581 638 3
648 649 1
650 651 3
672 673 3
676 677 0
683 684 3
684 685 3
691 693 3
655 656 3
606 664 3
673 674 3
640 641 3
647 648 1
649 650 3
664 665 3
694 695 3
638 639 3
663 664 3
671 672 3
688 690 3
657 715 3
658 717 3
669 727 3
688 747 3
691 750 3
658 715 1
660 717 3
680 738 3
693 750 3
652 653 3
658 716 3
668 727 3
690 747 3
681 738 3
693 751 3
716 717 3
685 744 3
640 699 3
641 699 3
687 744 3
648 706 1
662 721 3
663 721 3
646 705 1
647 705 1
674 732 3
675 733 2
676 734 2
694 752 3
648 705 2
648 707 1
649 707 3
651 709 3
655 713 3
669 729 3
671 729 3
672 730 3
732 733 3
682 740 3
646 704 1
656 713 3
656 714 3
715 716 0
666 724 3
673 730 3
673 731 3
679 738 3
681 740 3
642 700 3
643 700 3
645 703 2
646 703 2
652 709 3
653 711 3
654 713 3
657 714 3
661 719 3
662 719 3
667 724 3
667 725 3
669 728 3
671 730 3
673 732 3
676 733 2
684 742 3
685 742 3
685 743 3
688 746 3
695 753 3
638 696 3
639 697 3
639 698 3
640 698 3
704 705 3
650 707 3
652 710 3
652 711 3
660 718 3
662 720 3
720 721 3
664 721 3
724 725 3
668 725 3
728 729 3
730 731 3
731 732 3
733 734 3
677 735 3
678 736 3
683 741 3
743 744 3
687 746 3
690 748 3
691 749 3
694 751 3
694 753 3
696 697 3
697 698 3
698 699 3
642 699 3
644 702 2
703 704 1
650 709 3
709 710 3
710 711 3
654 711 3
713 714 3
717 718 3
718 719 3
719 720 3
729 730 3
734 735 3
735 736 1
679 736 3
679 737 3
740 741 3
741 742 3
746 747 3
691 748 3
749 750 3
705 706 3
706 707 3
650 708 3
714 715 3
665 723 3
666 723 3
736 737 3
681 739 3
739 740 3
748 749 3
644 703 2
708 709 3
723 724 3
668 726 3
726 727 3
747 748 3
752 753 3
699 700 3
707 708 3
725 726 3
738 739 3
750 751 3
643 702 2
665 721 3
727 728 3
742 743 3
702 703 3
737 738 3
687 803 3
751 752 3
746 803 3
721 723 3
744 803 3
700 702 3
711 713 2
700 758 3
706 763 3
711 770 2
702 758 3
713 770 3
731 789 3
699 758 2
704 762 3
705 763 3
714 772 3
715 772 3
716 774 3
717 774 3
721 779 3
723 779 3
705 762 3
720 779 3
740 798 3
752 810 3
753 811 3
709 767 3
717 775 3
718 775 3
723 780 3
739 798 3
744 802 3
751 810 3
752 811 3
698 756 3
763 764 3
706 764 3
708 767 3
710 768 3
713 772 2
774 775 3
779 780 3
729 787 3
730 787 3
741 800 3
742 800 3
743 802 3
746 805 3
747 805 3
748 806 3
697 756 3
703 761 3
704 761 0
710 767 3
711 768 3
713 771 3
725 784 3
726 784 3
737 796 3
738 796 3
738 797 3
739 797 3
743 800 3
749 806 3
750 808 3
751 808 3
696 754 3
697 754 3
697 755 3
698 758 3
707 765 3
708 765 3
708 766 3
771 772 3
718 776 3
719 777 3
720 778 3
727 785 3
730 788 3
732 789 3
734 793 3
735 793 3
736 794 3
737 795 3
741 798 3
741 799 3
802 803 3
746 804 3
751 809 3
762 763 3
767 768 3
711 769 3
716 773 3
776 777 3
777 778 3
778 779 3
784 785 3
728 786 3
729 786 3
730 789 3
733 792 3
734 792 3
793 794 1
737 794 3
799 800 3
743 801 3
803 804 3
804 805 3
805 806 3
749 807 3
750 807 3
808 809 3
810 811 3
754 755 3
755 756 3
756 758 3
766 767 3
715 773 2
773 774 3
723 781 3
725 783 3
728 785 3
786 787 3
787 788 3
788 789 3
732 790 3
796 797 3
797 798 3
801 802 3
809 810 3
764 765 3
765 766 3
768 769 3
769 770 3
775 776 3
780 781 3
785 786 3
733 790 3
733 791 3
795 796 3
800 801 3
806 807 3
807 808 3
790 791 3
791 792 3
794 795 3
798 799 3
758 759 3
702 759 3
702 761 3
772 830 2
783 784 3
789 790 3
724 783 3
759 761 3
761 762 1
770 771 3
792 793 3
724 781 3
781 783 3
761 819 3
772 773 2
795 853 3
756 814 3
762 819 0
783 840 3
755 814 3
756 815 3
781 840 3
758 815 3
773 830 3
803 861 3
804 861 3
761 818 3
769 827 3
771 829 3
797 855 3
818 819 3
763 821 3
770 827 3
770 829 3
773 831 3
774 831 3
783 841 3
794 853 3
796 855 3
807 865 3
762 821 3
771 830 0
840 841 3
785 844 3
786 844 3
768 826 3
770 828 3
778 837 3
779 837 3
788 846 3
796 853 3
800 858 3
801 858 3
808 865 3
810 868 3
759 817 3
759 818 3
766 824 3
767 826 3
828 829 3
787 845 3
787 846 3
788 847 3
791 849 3
801 859 3
806 864 3
807 864 3
809 868 3
811 868 3
758 817 3
765 824 3
767 824 3
775 834 3
776 834 3
786 845 3
789 847 3
790 849 3
792 851 3
793 851 3
802 860 3
805 863 3
864 865 3
754 812 3
755 813 3
762 820 2
764 821 3
764 822 3
765 823 3
767 825 3
774 833 3
775 833 3
777 835 3
778 836 3
780 838 3
781 839 3
845 846 3
790 847 3
794 852 3
797 856 3
798 856 3
799 857 3
858 859 3
802 861 3
804 862 3
804 863 3
805 864 3
808 866 3
809 867 3
811 869 3
812 813 3
813 814 3
814 815 3
815 817 3
819 820 1
764 823 3
823 824 3
824 825 3
825 826 3
834 835 3
835 836 3
836 837 3
837 838 3
838 839 3
839 840 3
784 841 3
851 852 1
856 857 3
857 858 3
802 859 3
866 867 3
867 868 3
784 842 3
846 847 3
792 850 3
860 861 3
861 862 3
862 863 3
863 864 3
868 869 3
769 826 3
830 831 3
831 833 3
833 834 3
841 842 3
784 844 3
792 849 3
850 851 3
852 853 3
855 856 3
859 860 3
820 821 2
827 828 3
844 845 3
817 818 3
826 827 3
829 830 0
790 848 3
865 866 3
821 822 3
822 823 3
848 849 3
849 850 3
869 927 3
847 848 3
796 854 3
854 855 3
853 854 3
784 901 3
844 901 3
814 872 3
842 901 3
815 872 3
815 874 3
817 874 3
817 875 3
818 875 3
853 911 3
827 886 3
830 888 3
852 911 3
819 877 3
828 886 3
831 888 3
833 890 3
833 891 3
831 890 3
834 891 3
844 902 3
868 925 3
815 873 3
820 877 2
826 884 3
840 898 3
841 898 3
901 902 3
860 919 3
861 919 3
867 925 3
872 873 3
827 884 3
829 886 3
835 893 3
854 911 3
855 913 3
856 913 3
862 920 3
863 920 3
864 922 3
865 922 3
818 876 3
825 883 3
826 883 3
836 893 3
841 899 3
842 899 3
847 905 3
848 905 3
848 907 3
849 907 3
854 913 3
868 927 3
812 870 3
813 871 3
819 876 3
822 881 3
823 881 3
824 882 3
831 889 3
834 892 3
836 894 3
837 895 3
838 896 3
839 897 3
840 897 3
845 902 3
848 906 3
850 907 3
850 908 3
851 910 1
852 910 3
854 912 3
856 914 3
856 915 3
857 915 3
857 916 3
858 916 3
859 917 3
862 919 3
870 871 3
871 872 3
820 878 2
822 880 3
881 882 3
882 883 3
883 884 3
827 885 3
829 888 2
888 889 3
889 890 3
890 891 3
892 893 3
894 895 3
895 896 3
896 897 3
897 898 3
842 900 3
906 907 3
851 908 3
912 913 3
913 914 3
916 917 3
860 917 3
863 921 3
866 924 3
873 874 3
874 875 3
875 876 3
877 878 3
821 880 3
885 886 3
891 892 3
898 899 3
899 900 3
900 901 3
845 904 3
846 904 3
847 904 3
905 906 3
851 909 3
910 911 3
911 912 3
917 918 3
860 918 3
864 921 3
876 877 3
884 885 3
893 894 3
845 903 3
907 908 3
908 909 3
909 910 1
915 916 3
918 919 3
919 920 3
865 924 3
925 927 3
902 903 3
904 905 3
920 921 3
921 922 3
867 924 3
880 881 3
886 888 3
903 904 3
914 915 3
821 878 0
878 880 3
886 945 2
888 945 3
924 925 3
927 984 3
886 944 2
925 984 3
944 945 3
922 924 3
922 981 3
924 981 3
915 973 3
903 962 3
904 962 3
914 973 3
916 973 3
885 943 2
885 944 2
894 952 3
895 952 3
905 962 3
905 963 3
910 968 3
874 932 3
943 944 3
888 946 3
962 963 3
911 968 3
911 969 3
912 969 3
872 930 3
873 932 3
875 932 3
889 946 3
891 949 3
892 949 3
871 930 3
907 965 3
908 966 3
909 966 3
914 972 3
924 982 3
924 983 3
925 983 3
870 928 3
871 929 3
873 930 3
884 942 2
889 947 3
890 948 3
892 950 3
893 951 3
895 953 3
896 954 3
897 955 3
898 956 3
899 957 3
900 958 3
901 959 3
902 960 3
903 961 3
906 965 3
912 970 3
913 971 3
913 972 3
972 973 3
916 974 3
917 975 3
918 976 3
919 977 3
920 978 3
921 979 3
921 980 3
922 980 3
982 983 3
928 929 3
929 930 3
875 933 3
880 882 3
942 943 3
946 947 3
889 948 3
948 949 3
950 951 3
951 952 3
952 953 3
953 954 3
954 955 3
955 956 3
956 957 3
957 958 3
958 959 3
959 960 3
960 961 3
961 962 3
965 966 3
909 968 1
969 970 3
970 971 3
974 975 3
918 975 3
919 976 3
977 978 3
978 979 3
979 980 3
980 981 3
983 984 3
932 933 3
877 936 3
945 946 3
906 963 3
973 974 3
927 985 3
878 936 3
883 942 2
949 950 3
968 969 3
975 976 3
976 977 3
981 982 3
984 985 3
882 940 2
883 940 2
947 948 3
971 972 3
876 933 3
876 936 3
880 996 2
882 939 2
940 942 3
906 964 3
933 936 3
878 937 3
880 937 3
882 996 2
939 940 3
963 964 3
909 1025 3
936 993 3
936 937 3
964 965 3
966 1025 3
968 1025 0
933 993 3
937 996 3
933 992 3
933 991 3
992 993 3
930 932 3
991 992 3
936 994 3
937 994 3
939 996 3
932 989 3
973 1031 3
972 1030 3
974 1031 3
930 989 3
942 999 3
971 1030 3
974 1032 3
980 1038 3
929 987 3
940 999 3
942 1000 3
1031 1032 3
979 1038 3
982 1040 3
930 987 3
943 1000 3
947 1005 3
948 1005 3
971 1029 3
974 1033 3
975 1033 3
983 1040 3
983 1041 3
932 990 3
939 997 3
940 997 3
999 1000 3
943 1001 3
946 1004 3
948 1006 3
949 1006 3
959 1017 3
970 1028 3
976 1033 3
984 1042 3
933 990 3
937 995 3
940 998 3
944 1001 3
945 1003 3
945 1004 3
947 1004 3
956 1014 3
960 1017 3
969 1028 3
971 1028 3
981 1039 3
1040 1041 3
983 1042 3
928 986 3
930 988 3
993 994 3
997 998 3
1000 1001 3
944 1002 3
944 1003 3
1005 1006 3
950 1008 3
951 1009 3
951 1010 3
952 1010 3
953 1011 3
954 1012 3
955 1013 3
957 1014 3
957 1016 3
958 1016 3
958 1017 3
960 1018 3
961 1019 3
965 1023 3
965 1024 3
966 1024 3
968 1026 3
969 1027 3
1033 1034 3
976 1034 3
977 1035 3
978 1036 3
978 1037 3
979 1037 3
981 1038 3
982 1039 3
984 1043 3
985 1043 3
986 987 3
988 989 3
994 995 3
996 997 3
1002 1003 3
1003 1004 3
949 1008 3
1008 1009 3
1010 1011 3
1011 1012 3
1012 1013 3
1013 1014 3
1017 1018 3
1018 1019 3
962 1019 3
963 1020 2
963 1021 2
963 1022 3
964 1022 3
964 1023 3
1024 1025 3
1026 1027 3
1027 1028 3
1030 1031 3
1034 1035 3
1035 1036 3
1037 1038 3
1041 1042 3
989 990 3
990 991 3
995 996 3
998 999 3
1001 1002 3
1004 1005 3
1009 1010 3
962 1020 2
1022 1023 3
1025 1026 1
1028 1029 3
1029 1030 3
1032 1033 3
1036 1037 3
1038 1039 3
1039 1040 3
987 988 3
1016 1017 3
1019 1020 3
1020 1021 3
1021 1022 3
1023 1024 3
1042 1043 3
1006 1008 3
