0.1629108552 -0.1159649068 16.75811168
0.1572027879 -0.1323090066 16.80129093
-0.1280520983 -0.05447199042 28.14733381
-0.009305101398 -0.1289518516 22.4328619
-0.03245370405 -0.120308855 24.70081659
-0.03812049799 -0.06783077823 24.40727315
-0.03285356359 0.04108736529 22.41136545
-0.01312451099 0.0411172155 19.30654776
-0.01334781886 0.00214495741 20.42888092
-0.003839306743 -0.003428714395 18.16513411
-0.01996307981 -0.01320050669 22.53565411
-0.0857166744 -0.07597908927 38.68793256
-0.07336661073 -0.0282897511 33.49628358
-0.05419815977 -0.003067034058 28.03729555
-0.02281156773 -0.003687823759 19.14214924
-0.007987398278 -0.001714633776 14.48841296
-0.01948647226 -0.01757758121 11.34011582
-0.003889956536 0.002124984787 4.589126544
-0.03215537033 0.01163334114 15.49358129
-0.008682285686 0.007625284798 6.566548896
-0.0104237736 0.004622752399 7.677806004
0.009542564812 0.01098633175 -1.754580077
-0.1682291667 0.6716145833 69.30677083
-0.006265071642 -0.004092716669 5.829382158
-0.1910596113 0.01442535972 103.3541807
-0.01048700097 0.009549251361 7.076577922
0.02189091414 -0.006999285042 -9.856884474
-0.004141116236 -0.01515272753 5.536209195
0.005174438674 -0.01194030464 -0.2546568897
0.01357973931 0.006557464707 -6.346132753
0.0135268556 0.01290949389 -6.624977884
0.3303776876 0.02794704389 -216.6135334
0.04973166351 -0.00722244108 -21.7200758
0.04444163404 -0.006574550813 -18.02684519
0.01223017236 -0.01115410141 5.246484223
0.02440954036 -0.001807779991 -4.087746868
0.01713751598 -0.01425344509 1.861916405
-0.0006113280813 -0.01544987384 15.78504531
0.01507015407 -0.01432476884 3.041324359
0.006307862206 -0.01615988541 10.47762696
0.05105712394 -0.1003130803 -19.3643765
0.0550799443 -0.0497237297 -23.47920483
-0.3626519082 -0.02458404156 352.6400914
0.0524558775 -0.018958918 -32.78827173
0.1531248258 -0.1016676335 -126.7807614
0.08163692985 -0.1497429421 -56.23080566
-0.006122632566 -0.0215725928 29.42808897
-0.02613475411 -0.03313645911 49.36444516
-0.007455100501 -0.05163916183 30.4848265
0.01696750476 -0.04604150545 4.386517048
0.01238003103 -0.02962205976 8.852332846
0.007886775133 -0.06254363396 15.08208672
0.01246570894 -0.03669973336 9.808034405
0.02308055694 -0.01588800236 -2.789831742
-0.003606109831 0.03054216595 13.3434465
-0.004861963863 0.009296238556 15.08980117
0.01390614396 0.003833773487 -7.40600483
0.02666994309 0.04193026901 -23.37834815
0.1576922643 -0.1045127962 16.56684537
0.1614625935 -0.1034715633 16.81037347
0.007167908267 -0.1735836328 21.40211918
0.01061667596 -0.08911574663 19.73145576
-0.02947977068 -0.07164522354 22.49860538
0.03328360949 -0.08313927417 15.48835666
0.05715306564 -0.1088973109 13.84627217
0.001801381097 0.006625819372 18.13703013
-0.03021694669 -0.04194352421 24.76630619
-0.009053017152 -0.02799810162 20.13402557
-0.08569921783 -0.07309450149 38.68421891
-0.107945828 -0.08144346653 43.9327284
-0.04909087994 -0.02492224793 26.24323974
-0.03360555172 -0.02105536242 22.5751577
-0.01258533996 -0.006740116998 15.99980494
-0.008171764367 -0.00376061218 14.44668204
-0.03321422007 -0.01050647873 16.54166731
-0.02262398694 0.01483587122 11.9589082
-0.0243461686 0.01646893414 12.36296123
-0.007040252429 0.01209442351 5.276966103
0.005825214864 0.008231036782 0.008469945838
-0.01174606403 -0.007116743262 9.365835431
-0.06894041468 -0.1427557548 42.29785056
-0.01383711371 -0.00572690925 9.668325438
-0.04609891987 0.2042275944 17.88291412
0.005893365615 0.006491077851 -1.773859461
0.01721697664 -0.0009364219357 -7.205099867
0.002072649357 -0.01520355198 2.217685882
0.03302479783 -0.003389504458 -17.11191467
0.00154528791 -0.005522996401 2.036270812
0.1167597897 -0.07295661762 -68.92795154
0.1559831348 -0.03939907363 -95.93804366
0.07918803539 -0.04002991102 -41.28711126
0.03849419192 -0.02260994411 -13.26030617
0.004472254197 -0.0217471791 11.48248146
0.01619586506 -0.02458075687 2.557289224
0.003522238351 -0.04558126192 13.28634412
-0.02399563165 -0.03950808514 35.19193542
0.02098078056 -0.04231447867 -1.326600977
0.01344690999 -0.03444595541 4.872268484
0.01090339979 -0.02430158949 6.576790823
0.02860563405 -0.006839419387 -9.856147624
0.003431101843 -0.04623252822 14.37435627
0.004836915412 -0.02860869413 12.1136156
0.08609386062 -0.09850262364 -62.955269
0.1689988682 -0.1187705614 -143.0057481
-0.02187063228 -0.007040724243 44.81154635
-0.0161608999 -0.02067242333 38.70172668
-0.008669512941 -0.02592918965 30.98795666
0.008671897894 -0.01998234056 12.69855917
0.01275091938 -0.01498957256 8.140578287
0.02463528252 -0.04206420424 -3.923950075
0.009951990762 -0.04696864981 12.71367229
-0.008270119987 0.01560931828 19.34289254
-0.01222107118 0.02439721512 23.85545942
-0.01029730874 0.01952260876 21.40052627
0.01267555289 0.02482183987 -6.689584604
0.05678547315 0.02322368671 -60.0733924
0.1089411499 -0.100568031 17.23967416
-0.01003729108 0.003025217348 13.63511274
0.005602361721 0.007964351395 12.16570371
-0.005048988914 -0.0303510285 18.99073143
-0.0272601342 -0.06157461178 21.89731145
-0.002924870458 -0.0749779671 19.67175673
0.02291109151 -0.1147171829 18.85943046
0.02048431085 -0.1347399234 20.25700134
0.003790204713 -0.1125759499 21.77674799
-0.02268056685 -0.07847335433 25.43751842
-0.08814378144 -0.09111510225 40.50855264
-0.0582430978 -0.05177392874 29.93859498
-0.01229451163 -0.008383602745 15.96208145
-0.00866161452 -0.006749356461 15.01982524
-0.01012169447 -0.003796052784 15.29302674
-0.01437474137 -0.007479658872 16.77938469
-0.01932200363 0.02421942531 10.55882425
-0.02236888312 0.01544262104 12.08198211
-0.001075726161 0.004005795257 3.437806255
-0.005322378821 0.006893286327 4.784849057
0.005541422467 0.01077989509 -0.09460384003
-0.003573877663 -0.005006001451 5.126536389
-0.01756003874 -0.0106991942 11.93431821
-0.0132668762 0.002837803447 8.925375861
-0.01182297947 0.006672778326 8.223877544
-0.0008258797367 0.007636353069 1.936957637
0.004003410722 0.0007704110974 -0.281642176
0.006268354035 -0.002858733657 -1.687957431
0.01699309927 -0.006046521497 -8.014466562
0.04664801391 -0.01239197757 -26.35733092
0.0865913892 -0.03021367324 -51.5695674
0.1892794552 -0.0610111037 -118.4423859
0.1208060664 -0.04664395063 -70.99775549
0.06285499523 -0.03944340244 -30.14060129
0.005328156056 -0.02222612627 10.74193195
0.00673971488 -0.02377662684 9.748509742
-0.01196001404 -0.05530858958 25.77066967
-0.004356886261 -0.06066801615 20.08729855
0.04022585458 -0.04405924723 -17.69903437
0.0234398102 -0.02903039813 -3.911807294
0.0002139080556 -0.03445241369 16.21687138
0.01507256357 -0.03797152452 3.519600068
0.01022614004 -0.03152609904 7.720515486
-0.003361799137 -0.03617824504 20.66575939
0.0006585235309 -0.0484048609 16.95389897
0.07655335094 -0.0552167776 -56.97305267
-0.0553285639 0.009959922101 78.04893566
-0.04834210186 0.01086847049 70.28379518
0.007309005102 -0.02702986177 14.56127169
0 0 -1
0.01033520749 0.004368463514 10.1629613
0.006759043655 -0.02686960076 15.21662286
-0.04816226465 -0.0402968686 67.82298744
0.006828612081 -0.01262863212 3.159178541
-0.0004235981668 0.006817761195 10.7568586
-0.01154315777 0.02052622896 23.02747397
0.0276259698 -0.0043068623 16.94322929
0.1130627903 0.2714374968 -103.4107169
0.0565054139 -0.01675267704 12.53574802
0.02213810429 0.002899932581 12.44892887
0.04707694019 0.01341102509 9.679325493
0.1218240826 0.02390083246 4.916539561
-0.0490107285 -0.0513868225 23.56419575
-0.01400233572 -0.05458474728 18.78378486
-0.005566295293 -0.05212642608 17.55029386
-0.0009906012703 -0.0851577932 19.28920542
5.057870343e-05 -0.107853282 20.99561177
-0.02009642143 -0.1426386674 27.44376143
-0.02473445463 -0.102705318 25.46252974
-0.002478522998 -0.03682047226 15.49426147
0.006622337611 -0.01508270133 11.4962562
-0.004140826875 -0.009490701467 14.02313454
-0.01821303801 -0.006686564446 17.98367092
0.002144836004 -0.02824212369 7.039593345
-0.02100282275 0.00270546163 12.73333426
-0.03091645883 -0.002600153508 17.09599583
-0.01934083952 0.007955624275 10.70962618
-0.005277685932 0.004521688547 5.153334195
-0.00361439326 0.007059835635 4.2701063
-0.0189900929 0.00194832733 11.72600351
-0.01834869669 -0.007781644104 11.85031452
-0.001691336264 -0.006304997357 3.378159389
0.009092608443 0.008240238332 -3.386304352
0.07148023051 0.1669947527 -49.48697606
-0.001977251776 0.005058521906 3.256096938
-0.003697141334 0.006377864723 3.760496594
-0.004296314768 0.01062309213 3.890683845
0.02558508954 0.001965411369 -14.02015752
0.05521405251 0.02627859166 -35.10463293
0.1040540059 -0.03854435336 -60.76883365
0.3770682746 -0.03362272062 -252.1308273
0.08690799283 -0.05086659799 -46.71539862
0.009390486172 -0.008448240009 6.914012395
-0.03647106073 -0.02759092165 43.40245893
-0.02574890818 -0.05330426172 36.22424692
0.03923774522 -0.04036591004 -16.88526391
0.04929682124 -0.02459505042 -26.35043694
0.01475459495 -0.03337468572 3.828530662
-0.02300474105 -0.009248038155 33.57783111
0.0140065254 -0.05595915339 5.208205228
0.01938589954 -0.04393122084 0.1665863868
0.01520907599 -0.06241145432 5.362859442
-0.05221659435 -0.08121736278 70.15441425
0.02418213218 -0.06835502709 -4.571580699
-0.06538859437 0.01319062731 87.85220818
-0.0242622228 -0.007601372675 29.831467
-0.04480267487 -0.0004632916327 50.73231685
-0.04622933212 0.0004237618417 51.78125779
0.03185521017 0.001397587432 -32.37176583
0.0318910465 0.00594963969 -32.44483066
0.2198258546 -0.02069457696 -238.8529
-0.01612360364 -0.06638358964 33.4239593
0.02992349211 -0.03474383198 -21.75362407
0.02520474366 0.006694186475 19.19556582
0.02166170523 0.004855579286 23.32833266
0.04643056239 -0.02753037536 -4.420394113
0.0580005834 -0.02545499396 13.42051748
0.05112804731 -0.01196817687 12.10705164
0.0404172517 0.003352529953 10.94170775
-0.002076639406 -0.03526468592 18.00562615
-0.02970536405 -0.02630977415 18.50831566
-0.03290424268 -0.02843074033 19.09635222
-0.01820931273 -0.0480988683 19.11656402
-0.02065751606 -0.07621075708 22.19736605
-0.01808549983 -0.09914383807 23.79943064
-0.02405480022 -0.1234912819 26.77950362
0.03751531786 -0.06285375872 6.454707389
0.02267673622 -0.05189538578 10.42584879
0.04526625769 -0.06564519079 5.283495834
-0.006032710021 -0.01612600706 15.24657233
-0.01476048601 -0.008214281669 17.00701623
-0.001890861984 0.005559637335 5.906304712
-0.01053036034 0.001537112616 9.292646624
-0.04660937082 -0.0007451380434 22.51592703
-0.02324269813 -0.007145266422 13.67939788
-0.0023318663 0.01027236624 3.621250832
-0.0009829963651 0.01052788454 3.130675161
-0.01674721555 0.01243560096 10.04340345
-0.03115841735 0.004930316192 17.37543206
-0.009512335075 0.0001798882377 7.059039809
0.00551999215 0.008544225443 -1.528827781
0.0001619910298 0.004099903015 1.632549137
-0.006101329618 0.01572588313 4.850954926
-0.0008782233556 0.002551348985 2.60682434
0.003166821459 0.004700189319 -0.1572149355
0.04970938575 0.006634496934 -29.6519741
0.05803025408 0.007417000358 -33.5599711
0.08767697791 -0.03445264131 -49.8184269
0.04607181757 -0.08957325787 -15.74102109
0.0001831959711 0.01460753749 2.17930376
0.008209484324 0.02272951762 -4.707810383
0.01527633666 0.01886047615 -9.599386728
-0.007569699208 -0.05741117856 21.74596839
0.02228284373 0.04139000528 -18.17769528
0.07396413701 -0.0138497707 -47.79922037
0.04969842687 -0.04385406223 -24.78265359
0.05202676732 -0.3787931357 -0.4304922367
-0.1007960124 0.1108041441 91.86953063
0.02700224116 -0.05337152178 -6.912225061
-0.00992193297 -0.05027588632 27.81514061
-0.0921337478 -0.05653780571 106.2026057
-0.2527244772 -0.09915879132 264.7615808
-0.01530504489 -0.008079410757 20.67207985
-0.01310014786 -0.00322756453 18.06925066
-0.03144019536 -0.003802246496 37.10359462
-0.02886629109 0.0005451810877 33.0064822
0 0 -1
0.03801001172 -0.04636068074 -35.24396643
0.09570185638 -0.151009158 -89.56398715
0.1191209722 -0.1660179585 -114.4593234
0.04977072375 -0.1069129102 -38.53899265
0.05230218433 -0.1092461615 -41.81081242
0.0326929099 -0.006643918451 11.61590454
0.03665025649 -0.0006030311766 5.838463893
0.0581060798 -0.01772612647 12.42989905
0.05941128474 -0.0100427669 11.5544668
0.03789036193 0.0003360915091 11.03803571
0.04054649744 0.02652248299 8.227941139
-0.05478071385 -0.005652492563 19.19655792
-0.05136618255 -0.02686400526 21.27919678
-0.04890307558 -0.05545374914 24.0081663
-0.0295519219 -0.08250335436 23.48111209
-0.02004133157 -0.06826792379 19.74694343
-0.007034450719 -0.04320826042 14.55671311
0.02077343051 -0.01288433825 4.99453984
0.0154011218 -0.03063949745 8.751247577
-0.0849818908 -0.05120947391 35.87031814
0.03292780106 -0.002179271226 -4.222361387
0.009376736419 -0.003598233485 3.251146717
-0.0001395879302 0.0003364894035 5.82327716
-0.0170725272 -0.008399708017 12.80933328
-0.03475007551 -0.004457839689 18.76989492
-0.00727733277 0.006332310204 5.876137226
0.001123157342 0.002592924131 3.045544291
-0.00334553881 0.00645114128 4.536792876
-0.01755053056 0.003773593724 11.35354521
-0.03126770041 0.01211050136 16.79457974
-0.01584178334 0.01012650023 9.194115315
-0.0004532623425 0.006187336632 1.785505907
0.02298768676 0.01493543151 -11.56635497
-0.006633194474 0.004092674449 6.596123223
-0.01512000553 0.01307979772 10.2460596
-0.01017918483 0.01222766219 7.292463668
0.02800541241 -0.01922235735 -13.05932486
0.03440433874 -0.05299672 -13.45323564
0.05054512189 -0.06933855296 -21.07237382
-0.04509742166 -0.1180334741 49.96215202
-0.005853759237 -0.05075963556 13.71659317
0.05845138323 0.01357884326 -40.92800139
0.07861973835 -0.02938406951 -48.5723353
0.03917296478 -0.023354281 -18.47864933
0.009207970904 0.01396801269 -4.715315744
0.1970969742 -0.05037065041 -146.3206378
-0.002550661768 0.01422084283 4.311741482
7.800932112e-05 -0.01424226622 5.425601337
-0.009951185016 -0.03192783625 16.82800569
0.01076111539 -0.0255298727 -2.490432069
0.003508464804 -0.02777762583 4.567717937
0.0005573349847 -0.02305552196 6.684409721
-0.01378604016 -0.00140536789 18.44128239
-0.01777171647 0.01359079918 20.33463742
-0.01854905197 -0.004439918798 23.4866623
-0.03902888953 -0.005423716772 44.7078652
-0.02346404321 0.001793382417 27.01291852
0.01968611035 -0.0108090831 -18.42608949
0.003691930286 -0.003213374625 -1.614709465
0.04746759101 -0.05774909726 -44.38989978
-0.01727936939 0.005090102389 23.15596659
0.06747304341 -0.1413160884 -57.1906897
0.1227353496 -0.1317917594 -124.097558
0.1068305822 -0.08070342104 -109.8166155
0.04485688772 -0.01156500022 -2.816022197
0.06227688027 -0.007681544209 10.83923275
0.0846907234 0.004631672242 7.899751191
0.08866833448 -0.0005882412181 8.696680891
0.1369469236 0.01146628918 4.2270834
-0.07022997981 -0.05125196813 26.51705796
-0.06055204622 -0.06138439413 26.79679033
-0.08810542868 -0.07560390429 31.78893974
-0.02963496153 -0.04742291815 18.68504599
0.0005565545138 -0.02234512017 10.55317867
0.001408530316 -0.00981886918 8.595655171
0.03795809119 0.006756695614 -1.515992127
0.00242986362 -0.005628141834 8.580479734
-0.0104351038 0.05859474363 -3.20428727
-0.02708665073 0.0467263334 6.99712269
0.01538749929 0.002182733537 0.457207533
-0.02138048566 -0.01165503731 14.55152187
-0.02280516724 -0.03136811993 17.76345126
-0.01750251338 -0.02122395387 14.53342318
-0.02464021957 -0.001443235452 13.9086486
0.003079758741 0.0008013208209 2.330730036
0.006905311957 0.02695007985 -2.842873588
-0.02257220249 0.02290026665 11.01937423
-0.02539984468 0.01681970631 13.23541476
-0.01555293118 0.02060028334 7.720710368
0.005212074686 0.01167270228 -1.845219614
0.01594188574 0.01017075307 -7.00088199
-0.007005934036 0.01103679269 5.961374314
-0.02287378138 0.003814065572 16.19054585
-0.0172452581 0.002845473948 13.00642874
-0.004453146244 0.001138345701 5.051916246
0.01041864436 -0.03054909146 -0.3034026379
-0.01366403696 -0.08052974617 22.95088591
-0.0215652812 -0.04043274707 22.37888456
0.06212763587 -0.02044713429 -40.09630994
0.1263463096 0.007475729541 -90.94946216
0.1167472337 -0.04182648259 -76.17225293
0.06518569271 -0.02086877554 -39.00981372
0.02228579682 -0.001244765796 -8.700951561
0.3054430002 0.002409196337 -244.0512717
-0.02619854816 0.04879869015 19.74095078
-0.03348215071 0.02376536809 29.63584159
-0.00785403691 -0.007119961085 11.09044182
0.01106471828 -0.00643575229 -5.442618034
0.0231509714 0.02190362053 -20.92199332
0.0244204131 0.03117468991 -22.47819516
-0.03338000506 0.02016082713 34.7953768
0.02510369026 -0.002717166866 -0.8615644414
-0.03144669806 0.01894864409 33.42941275
-0.0160907175 0.01745338787 17.3305174
0.01009089473 0.03562907582 -13.44391224
0.009031475991 0.02020259615 -9.863658692
0.5357925225 0.03280056736 -592.3106737
0.01652954148 0.02626925186 -9.623453002
0.007026546485 0.03409268295 0.1122700502
0.0646209296 -0.1290327229 -54.51118902
0.07900546496 -0.08524957612 -78.61840499
0.04475161958 -0.00100686085 -4.137882343
0.03446301803 -0.01167684791 9.935786615
0.07200582659 0.03441932967 4.503458177
0.06435210289 0.04276286464 3.172699547
0.08896615246 0.01870702777 5.472853456
0.1255504575 0.01591533689 4.218410949
0.08285674581 0.02099142976 6.946000667
-0.04718467772 -0.04310432776 21.9451952
-0.02765469388 -0.01134143099 13.43029405
-0.01733678813 0.02535550143 6.511926048
0.0003990079691 0.01681959896 4.753654829
0.008439877777 0.007310270046 4.587765223
0.04059563853 0.03364706704 -6.71795257
0.03112921152 0.07534438736 -17.77293474
0.02429560819 0.0420461686 -10.3482588
-0.2005430426 0.04459195423 59.19881504
0.05666030817 -0.0365934753 -7.087253948
-0.03784138386 0.02346796822 14.76839857
-0.02822852724 0.04554086835 6.400267767
-0.009435788253 -0.01194223654 10.5321172
-0.000446919281 0.03463324059 -2.330318682
0.02734056335 0.05562569053 -16.20848148
-0.01524611025 0.04359756072 5.012936009
-0.01878499349 0.01994592456 9.514215136
-0.02148935458 0.03666676068 8.481142406
-0.02253746325 0.04163916579 8.029891769
-0.01659621266 0.04345557261 4.49495937
0.008492522687 0.04398269489 -8.710138195
-0.02889183162 -0.005427164948 21.00840483
-0.01725615448 0.03491942538 7.272616424
-0.01321857078 0.01520646853 8.331009217
0.002393167658 0.04347077609 -6.001860761
-0.01179162758 0.05079194975 2.142827601
-0.03009353868 -0.008186866609 23.45056417
-0.0004236444041 -0.01131791861 3.412214752
0.02956074979 1.874334866e-05 -19.96896686
0.1038778704 -0.005164089252 -72.88877653
0.03729814227 -0.006806068802 -21.09181925
-0.02405653194 0.009745941548 25.3628285
-0.08119267972 0.02637941623 68.28634275
0.1672029829 0.008544042941 -128.8960095
-0.04067110876 0.06098133145 30.76841285
-0.05287444862 0.06644619438 39.88292353
-0.01202149999 0.04657519239 6.84440947
0.03216194603 0.04715466557 -32.8014677
0.03654785428 0.05809727465 -38.43275633
0.02179878672 0.04065859621 -21.28060311
-0.02290056879 0.03326393612 22.68636486
0.002389756817 -0.03258899393 8.213691815
-0.02234648233 0.05656272777 18.27081412
-0.01661408757 0.08552964462 7.918056851
-0.01307923635 0.08712598522 4.272378354
0.008647529446 0.09580945932 -20.60059215
0.05187816822 0.08166204482 -65.15049857
0.04003963263 0.001413245552 -32.69560464
0.02844963244 0.002605542468 -19.81050421
0.02763614364 -0.00176685605 -18.2319389
0.1206132713 -0.08967742091 -127.0726447
0.04238209126 -0.003574847546 -0.8564996832
0.02346927742 -0.003576616079 22.31998515
0.06574262531 0.04949131991 1.931203122
0.06018017198 0.05049906199 1.759608724
0.09180831615 0.04785985635 -0.2669027366
0.1319112321 0.05513601653 -3.27259072
0.06146185074 0.08752613224 -3.007669834
-0.04206777958 -0.03128788514 19.90929873
-0.02833534398 0.01645476971 9.821000134
-0.008702902777 0.02013197005 6.144979951
-9.314806185e-05 0.0640517469 -2.79937436
0.006586408454 0.05414389123 -2.755303782
-0.05374151782 0.1215277553 -0.8650831741
-0.0207055611 0.1725778339 -19.64933931
0.009346521538 0.1226449534 -18.70745037
-0.04374931188 0.16192259 -9.795049486
-0.009282473772 0.1818300634 -23.2136768
-0.02843343639 0.08849532666 0.1695719062
-0.03837963628 0.1634247711 -9.860806369
-0.002692494945 0.1764170063 -25.16641727
-0.004383711683 0.1590218416 -21.40670402
0.004075889474 0.1688472936 -26.38320837
-0.04036133476 0.09932974628 5.817419437
-0.04437755981 0.03501002032 18.64452467
-0.01490004258 0.05584151526 1.574995099
-0.01986397022 0.1149827629 -6.528443718
0.009313846309 0.1914272006 -35.56295188
0.01504042566 0.2439719997 -48.53449074
-0.01312683704 0.1867403547 -21.37334328
-0.006166432702 0.082366489 -7.245008274
0.009205258084 0.08445783189 -17.10147381
0.008437875151 0.177184318 -33.24778943
-0.006253270238 0.1581914786 -20.47445436
-0.008156525981 0.2849024096 -42.58170423
0.06253475291 0.1434485683 -61.15501432
0.011428166 0.009570400332 1.156269888
0.09569705783 0.1020706076 -83.60141922
0.002386801621 0.01373215459 3.769098744
-0.03915065782 0.1212067113 16.29199137
0.002056326019 0.173054853 -26.01572042
0.06279132647 0.007466359709 -41.78477584
-0.0539057395 0.1791188413 21.73791565
-0.03260500328 0.129132179 12.09326135
-0.01426187535 0.1105413349 -0.9873186995
0.01420611702 0.09320145296 -23.59456565
0.02672781858 0.08289420826 -33.25173117
0.02897978759 0.09259504478 -37.25627639
0.04184720557 0.01231631203 -20.35269222
-0.0161449521 0.2203982533 -16.81639523
-0.01418736391 0.1074968506 1.719516849
-0.006132196039 0.09806772318 -4.526799148
0.00602212401 0.1490783112 -26.61776284
0.01827748897 0.1967557784 -48.47272112
0.1065661871 0.1659267966 -138.3334501
0.02836934542 0.03271472387 -25.2070135
0.01777260316 0.01920374719 -10.75683285
0.04325555941 0.0433769601 -44.9195779
0.06321816429 0.03250284525 -65.82491791
0.1042999274 -0.003309250738 -76.98432891
-0.4065332775 0.06565117724 509.3164373
0.05697938774 0.2763237558 -42.05616563
0.04726219657 0.2798077526 -42.5070806
0.07691001531 0.2875326499 -45.48686248
0.04749614142 0.1712425148 -18.29822628
0.03015363154 0.107231881 -3.599300039
0.01761346869 0.06745464945 6.677595075
-0.008332957695 0.01934084758 20.34884386
-0.04174047373 0.02611283108 23.70996211
-0.02712638732 -0.01024481521 28.05977648
-0.05786781219 0.004170634693 31.26775451
-0.05815541074 0.1861923554 -11.85066965
-0.02642284551 0.2217068877 -27.10378275
-0.02011888314 0.2161792626 -27.39010332
-0.01191206599 0.1861700006 -23.17825382
-0.01663246974 0.1879867828 -22.11110214
-0.01536220914 0.1397151977 -12.86490492
0.01490202983 0.2303895036 -42.42782063
0.01742578608 0.2330541745 -44.30794938
0.01548890956 0.2630926212 -49.77847028
0.01501412691 0.2733510036 -51.8817969
-0.002011977047 0.3481256378 -60.20398939
5.877936434e-05 0.3849542345 -68.78132162
0.003172568913 0.3769112199 -68.57788147
0.0001723628162 0.2767888839 -46.33630195
-0.004226981634 0.2818340202 -45.03544303
-0.003021281153 0.2835405776 -46.29768437
-0.01800142159 0.2916806254 -39.45145493
-0.01547906548 0.3162295774 -45.59046772
0.008252384946 0.31982502 -60.44382461
0.002100857803 0.3329787686 -59.43666072
0.007171655211 0.2912719859 -54.30804631
0.06127332903 0.2831084637 -88.93175018
0.05465555288 0.2134934773 -70.29220266
-0.02349838983 0.2220271879 -16.53557655
0.01458638192 0.2495606227 -50.86177223
0.02452636967 0.2727890859 -63.07025503
0.03079129182 0.2490618987 -63.04771356
0.03862926836 0.2394699024 -66.74497857
0.002978497851 0.2673298664 -43.6270684
-0.02617071514 0.2517870519 -15.85759179
-0.0190542374 0.2991894481 -31.67013836
-0.003478747541 0.3521796794 -56.35108075
0.009877642114 0.3517871519 -68.17323784
0.004359063593 0.331860844 -59.00052148
0.009518516505 0.3665725392 -70.9031656
0.01130609291 0.03110149624 5.965586841
-0.00264289869 0.2329522975 -33.03119001
0.0002124026697 0.3451327239 -58.89918023
0.003532742867 0.357019082 -64.57743671
0.03923479716 0.2975799541 -90.56017317
0.0459996884 0.2724424832 -93.1161476
0.0542013806 0.1256814477 -72.63819022
0.0287833641 0.06142912049 -31.34323478
0.02959327012 0.08485787901 -37.18521943
0.06144731845 0.07462910501 -71.94940381
0.07395776318 0.0543215658 -82.76873047
0.07351602114 0.001893383268 -40.12375624
0.03693514548 0.002076209525 4.766402549
0.0548800736 0.2884975844 -44.74415295
0.05954618968 0.2932386853 -45.8752405
0.03489429926 0.2109327513 -25.64287153
0.01187811458 0.1337064589 -6.628742957
0.006092811135 0.08360054028 4.692759792
-0.01648876189 0.05530804933 13.58542053
-0.01991089085 0.02859840628 20.16398433
-0.04119561515 0.04593773398 19.46436976
-0.0375495977 0.04382061663 18.62365041
-0.1240973137 0.1038450097 22.10909761
-0.04240340901 0.2261886012 -24.26421797
-0.005169826255 0.2931680865 -48.64219268
0.007924726271 0.2794565298 -49.23260978
0.001565385637 0.2536136511 -41.80146405
-0.01456537633 0.2630496824 -38.91635827
-0.001529837548 0.3660137493 -65.63260056
-0.006916025925 0.3926077037 -69.50386191
0.002543619943 0.3281955167 -58.28104033
0.0001265711596 0.3222196651 -55.4556752
0.0105221588 0.320991469 -59.35330275
-0.003183055404 0.2994379435 -48.63839673
-0.004986077521 0.314946436 -51.91368709
-0.01018895984 0.3136887078 -49.12071292
0.003297369446 0.3058316264 -53.85037675
-0.001422236692 0.3047932845 -51.17877058
-0.005459751809 0.3110616042 -50.30462671
-0.008558707562 0.3127076964 -48.85002769
0.008663593216 0.3269965271 -62.15534417
0.003478820977 0.3262496386 -58.64764917
0.002163972311 0.3216009122 -56.79780796
0.009522080099 0.3044718115 -58.15147409
0.01683808443 0.3155647866 -65.51781448
0.01224703317 0.3067986632 -60.34771966
0.002596601501 0.3132196929 -55.17872792
0.00748601928 0.3020519446 -56.37992556
0.01397766656 0.2936619778 -59.57891561
0.03329235137 0.2680628058 -69.01745264
0.0291909911 0.254169667 -62.75436314
0.02470895074 0.2399425949 -55.73271765
0.01066574787 0.2604366323 -48.28258149
-0.0008745828985 0.3030266008 -47.82413709
0.01551408897 0.298140938 -61.08083548
0.01514100343 0.3215679369 -66.12882725
0.01975624107 0.3386277806 -74.32161772
0.04218209121 0.3131562864 -90.05277358
0.06370385683 0.1364775817 -69.48960329
0.0215977607 0.03645941812 -5.310356177
-0.01293817145 0.3977152811 -56.20663932
-0.008397552707 0.374999397 -55.90420435
-0.01118585559 0.3665999296 -51.04278526
-0.01787320567 0.3388403317 -37.58630667
-0.03604310699 0.3632490899 -22.8269874
0.000903973774 0.3901688521 -69.73510809
0.01813742296 0.3863361769 -88.8291191
0.0309264033 0.4788066839 -124.089372
0.02212649197 0.305024733 -74.54166144
0.01710366073 0.002420495862 29.18001787
0.01797464322 0.006040394953 27.3057746
0.04242618384 -0.02859438043 30.78252819
0.03079555014 -0.01578921166 27.96417978
0.01486391843 -0.04580334326 36.06487548
-0.02491708086 0.02893051884 20.29878489
0.001049429357 0.06154359424 9.915692573
-0.0332582952 0.1117387901 1.356799402
-0.02003857512 0.06317912849 11.75136882
-0.02916821316 0.1031573165 3.471559085
-0.02333746737 0.1008831609 2.857684996
-0.05315370732 0.1837103284 -11.48982636
-0.005282772194 0.2630875229 -41.42874673
0.02419757382 0.3886820907 -78.65600796
0.02848653332 0.4426756742 -93.16560377
0.01035081267 0.3741377075 -71.47674821
-0.01983210591 0.3279522121 -49.75490203
-0.01930585205 0.3001536375 -42.31588882
-0.01476324756 0.30690196 -46.17656164
-0.01755449588 0.3019120757 -43.67481056
-0.00567897527 0.2915058534 -46.20612463
-0.005374905693 0.3090285155 -50.17356402
-0.01296218579 0.3026714833 -44.75802329
-0.008057382004 0.2918253555 -44.20922138
-0.0166194314 0.3041734146 -43.31990893
-0.003377047269 0.3242171905 -54.95411487
0.009646565087 0.3278707342 -62.54055607
-0.002682807801 0.3214902743 -54.38512533
-0.002592710595 0.3141817145 -52.72975476
-0.005148089642 0.3282254006 -54.36634003
0.004690879308 0.3184590882 -57.76724228
0.002199168429 0.3125768334 -54.89792675
0.009671888144 0.3177073761 -61.04783326
0.005650494282 0.3095278533 -56.26856888
0.006653055134 0.3127684444 -57.64046838
0.0112542507 0.3192865302 -62.68499252
-0.00624846036 0.3059469985 -47.02655156
0.008634814609 0.3038863386 -57.73012118
0.01093375598 0.3039858822 -59.60862858
0.01114230433 0.3019084898 -59.45983901
0.007099522894 0.2859872216 -52.17416583
0.01947800854 0.2649623442 -57.35910148
0.02033052878 0.2640269063 -57.65857599
0.0226451754 0.2625565422 -59.29546481
0.03254354749 0.2670795166 -69.23394453
0.02586528667 0.2772852924 -65.44487449
0.03293078481 0.2691399521 -70.08550853
0.03014963114 0.3045800201 -76.84789622
0.0400320655 0.2735840966 -78.69628915
0.06938351103 0.1956091084 -88.07325056
0.06695756089 0.1297841028 -68.5359606
0.01183611061 0.1172058064 -7.218248133
0.059475534 0.129043321 -62.99260156
0.03827100383 0.08465412235 -27.39132878
0.01915852077 0.08752941313 -7.127516858
0.00108583247 0.09121476794 12.42614013
-0.00740594638 0.08122829013 24.7870427
-0.01564462276 0.08981487026 32.08866721
-0.001156945727 -0.002840299199 52.65558161
-0.004798335064 -0.01672271791 60.61270538
0.02999454161 0.2881383172 -50.42093412
0.03347513764 0.3128000153 -57.19671676
0.02056798938 0.3281995688 -60.58043847
0.01759785225 0.3324380202 -61.57000954
0.009394764874 0.3415313597 -63.24677323
0.01204708487 0.3874804135 -76.50557707
0.007224048135 0.3925291137 -76.37468435
0.00928618146 0.4356348497 -88.51402631
0.0191911984 0.6044046116 -135.4726273
0.01039585906 0.3298124429 -57.5858393
-0.01707553529 0.2976820385 -42.59910399
-0.01053764782 0.3143591952 -49.41513072
-0.02715935343 0.2664276879 -32.12214136
0.0009781481447 0.2987676922 -48.75657736
-0.01214404752 0.2488370104 -31.91704744
-0.01450890118 0.2719426225 -37.58830711
-0.02290179951 0.2786333879 -36.40765802
-0.01080591108 0.2977209771 -45.71258231
-0.000474090424 0.3052909424 -51.57705469
0.002501671335 0.3184995617 -56.27213321
-0.0004604953115 0.3116301433 -53.0669777
-0.006175884844 0.3044284277 -48.45493307
0.005283158218 0.3225257773 -58.87098669
0.01061080661 0.3283362733 -63.18398539
0.005896717164 0.3297730592 -61.18310929
0.01180595691 0.3414905201 -67.63513037
0.00497243249 0.3281204366 -60.05574597
-0.006298709194 0.3280385631 -53.42410445
0.0002089687543 0.3313778404 -58.3092411
-0.0002166361033 0.3263221144 -56.62061002
0.001169336003 0.3271823292 -57.93032293
-0.001636819891 0.3237642847 -55.02655448
0.00692088884 0.314473721 -58.31460965
0.006132607969 0.3139086102 -57.5552175
-0.00458015614 0.3181874852 -50.97896372
-0.004239718821 0.3156481221 -50.83302153
0.01804255416 0.3155794129 -68.29179011
0.004567067294 0.3183114318 -58.07612529
0.001961053776 0.3200022162 -56.40206256
0.003411534954 0.3104947663 -55.15611685
0.01050105996 0.2890473315 -55.61942458
0.01336874426 0.2746049499 -54.23817007
0.01815843467 0.2604232524 -54.89681427
0.02961516283 0.243863938 -61.02524123
0.02918231822 0.2326603204 -57.34349327
0.02863140892 0.2280183418 -55.36434051
0.03800772356 0.2153814289 -61.45566481
0.04672431816 0.2056223955 -67.91328541
0.04610408053 0.1808192084 -60.58872612
0.02462578587 0.2052519439 -44.5644944
-0.002859391091 0.2035562549 -14.941409
0.03079898301 0.145588073 -35.79406402
0.01216658788 0.1049861143 -4.489630312
0.01738729047 0.1020448226 -9.130554634
-0.01554142455 0.08142897668 33.8934972
-0.01423286909 0.1696568193 8.867869372
-0.007993043537 -0.004142154075 61.30817333
-0.05013078974 -0.0009288792559 112.0224174
0 0 -1
0.03884448289 0.2967247543 -53.17389563
0.03153992678 0.315615022 -57.9425816
0.01030145405 0.3945470482 -78.61936408
0.0225028875 0.4158503875 -84.1664417
0.006652923903 0.4187151436 -83.17855261
0.00458215198 0.3141124668 -52.29951194
0.02092389225 0.4021300698 -80.50051377
0.002282679535 0.2873814242 -43.83429494
-0.02678169049 0.2246379864 -20.29506541
-0.03440697487 0.2286382976 -19.77525168
-0.03418069125 0.2298722139 -20.28742659
-0.01049470579 0.2587920776 -35.20444612
-0.001314013862 0.2855459998 -45.40821399
0.0007918536097 0.2965952603 -49.33802712
-0.0005296890757 0.3093127469 -52.55257596
0.0020195804 0.3095734718 -53.56854096
-0.005888310367 0.3124707233 -51.58001065
0.006661004253 0.3339771714 -62.74104848
0.009023459603 0.3329084256 -63.27614155
0.003239993838 0.3393249556 -62.60518278
0.002744776607 0.3383360898 -61.7853497
0.00530566855 0.3333981675 -61.82010526
0.01131736637 0.3341002376 -65.07259557
0.006490363152 0.3383834538 -63.79503869
0.0008710990228 0.3272547421 -57.53377467
0.00393177526 0.3264945699 -59.24986235
0.004079565421 0.3341638486 -61.40576323
0.002788338564 0.328670329 -59.07217228
0.007224962124 0.3266578831 -61.33135188
0.002621550638 0.3257700666 -58.28598382
-0.005569997591 0.325026666 -52.6800739
0.004766480807 0.3235009334 -59.40148854
-0.0008718454786 0.3303864093 -57.23135821
-0.0008808501564 0.3193433893 -53.96803301
-0.008817749551 0.3266271846 -50.10980613
0.00165179696 0.334275286 -60.43277954
0.0002293174305 0.3212215547 -55.46920376
0.007713200641 0.314114425 -59.68000299
0.0009632769329 0.3205380168 -55.62428002
-0.002957078585 0.3144039911 -50.66741593
0.0004244036891 0.3136962718 -53.51391704
0.004742277233 0.2996576013 -53.38945783
0.007334223262 0.2869202888 -52.18629161
0.00795613942 0.277359541 -49.93922789
0.01796341765 0.249957488 -51.77341467
0.02598613784 0.2645484549 -64.11466964
0.02878750894 0.217800577 -52.9221701
0.03330510615 0.2186531909 -57.60802863
0.02272887479 0.2203362341 -46.80833201
0.01138066548 0.223032783 -35.48518872
0.02088992972 0.2223827404 -45.59352235
-0.004472899874 0.2380947683 -21.92141978
0.002953389187 0.2933156458 -46.55597068
0.01644902912 0.2861649604 -60.46415459
0.0241220602 0.2686005908 -64.69307601
0.01866733344 0.0001758521257 27.4286855
0.1191722439 0.5192285547 -257.8049969
0.004728906584 0.1659928367 -2.617972787
0.04106536169 0.3075471023 -56.38043052
-0.04150882887 0.3382627591 -56.40189329
-0.001154719408 0.2814067738 -40.63378208
-0.007443115178 0.259414616 -33.34166488
0.009248357467 0.3609966375 -67.2033533
-0.02980886404 0.2612311343 -31.29488749
-0.01023433158 0.2666250914 -35.68217491
-0.01411755163 0.2629946246 -34.73145106
-0.02614157934 0.2506629225 -29.13658821
-0.02817598018 0.2850979572 -39.17539827
-0.01515973332 0.26521448 -35.80378681
0.007311917083 0.3170868374 -57.61982705
-2.951127085e-05 0.3285590583 -58.74129632
-0.004021599199 0.3139029149 -53.02342993
0.005639264609 0.3146707287 -56.33255495
-0.003756938894 0.3280854332 -56.9786277
0.001772432768 0.3252517157 -58.06321576
0.009381614903 0.3218998461 -59.73904861
0.01198734259 0.3269632243 -62.5878771
0.007207634665 0.323297045 -59.26726793
0 0 -1
0.003293459819 0.321539633 -57.09723154
0.005900281454 0.3257971238 -59.72088343
0.00290854647 0.3216655121 -56.92463417
0.004041087096 0.3201402847 -57.07220275
0.007005904333 0.3289838835 -61.65339666
0.01161451472 0.3257513913 -63.40048437
0.004684623643 0.321596154 -57.96811668
-0.003280917812 0.323674729 -53.62988884
-0.004320372619 0.3215165154 -52.43074203
-0.001945750951 0.3175124063 -52.74722877
0.008355289874 0.3346623666 -65.16163444
0.001086205104 0.3290206652 -58.16658211
0.002222228482 0.325747458 -58.07974584
-0.001183078192 0.33329607 -57.83745446
-0.006550777847 0.3337657074 -53.85240503
-0.003082000265 0.3243699424 -53.72728227
-0.004826509811 0.3286384731 -53.73226819
0.0018840232 0.3248714121 -58.05460913
0.006423550978 0.3236296044 -61.64756325
0.00152836661 0.321540748 -56.65454649
-0.001862861363 0.3257635726 -54.83639117
-0.008065294618 0.3229127946 -48.22364556
0.001854328747 0.3154697987 -55.41632148
0.007098185001 0.3135495367 -60.00475099
0.009401974327 0.2979750651 -57.55840263
0.01383209125 0.2939595445 -60.69523234
0.0256622752 0.2604571702 -62.79161011
0.01576294444 0.2460055449 -47.66867628
0.02104879217 0.2253446441 -46.65039881
0.02170035554 0.2159064215 -44.3934128
0.02189619393 0.2313978713 -49.1781162
0.01834338608 0.2674592046 -56.30326899
0.02065929439 0.2512905544 -54.13953377
0.02750663484 0.2691126088 -67.91290921
0.05800529013 0.2453902253 -96.96768809
0.02408169665 0.2439652735 -55.29330717
0.004646707374 0.1660011137 -2.616313368
0.004320464595 0.1792681118 -7.053621101
-0.0001116688797 0.2378071172 -26.36417646
-0.006596764092 0.2428388153 -27.46176578
-0.01831383332 0.2275698573 -21.92411963
-0.01841989839 0.2506236276 -30.17959289
-0.0140878083 0.2617704566 -33.77040256
-0.007362194534 0.2921262241 -44.39067589
-0.00275603303 0.2968296521 -46.74366175
-0.02310836882 0.2951850866 -43.47470273
-0.001832118732 0.3580667183 -68.51479252
0.009643987085 0.3337947465 -63.91506419
0.008526497139 0.3234873047 -59.53922677
0.006434813411 0.3224717326 -58.50653022
0.003803336385 0.3318670394 -61.10870245
0.006657478211 0.3350361422 -63.11381706
0.006027128832 0.3316517433 -61.62615974
-0.001772532528 0.317042213 -54.16597894
0.01039653655 0.3205782369 -59.91963478
0.00863162798 0.3181531151 -58.38219505
0 0 -1
0.0025755969 0.3183475558 -55.81262903
0.009226203368 0.3234281195 -60.58303267
0.0008767891867 0.3189925322 -55.13409175
0.001920983972 0.313161515 -53.66079768
0.002576401661 0.3215563306 -56.78433159
0.009560170415 0.3232393544 -61.30335933
-0.0006031869061 0.3146006934 -52.30698268
-0.001121228102 0.3165355188 -52.72274569
-0.005206125388 0.3211737614 -51.67783436
-0.00514288074 0.3274644232 -53.81159556
0.002609569937 0.3189949678 -56.16459188
0.007370180456 0.3232451367 -60.75577648
0.00099476381 0.3148830558 -53.63081161
0.003876067863 0.3144765382 -55.47410005
0.002389517913 0.3302428278 -59.53593795
-0.002090477391 0.328837513 -55.48101009
-0.01299164174 0.3362002027 -49.31152351
-0.007991456784 0.3418587235 -55.39945303
0.002249703901 0.3343817324 -61.51811932
-0.004289193826 0.3270305112 -53.35870463
-0.004377580196 0.3244745711 -52.47734761
0.005532405988 0.3175468406 -59.07364632
0.003227232079 0.31609567 -56.41524131
-0.0006786137449 0.3287873007 -57.04980398
-0.0006156986415 0.3365865633 -59.5933738
0.006561910723 0.3267957322 -63.72410656
-0.002932464127 0.3218094998 -52.37588675
0.005411483304 0.300140393 -54.04624053
0.002523069259 0.2935689866 -48.83535368
-0.003801173604 0.2767719563 -36.54739618
-0.01179236368 0.272549908 -26.00809416
0.007109996404 0.2584912394 -42.05122265
0.0328838177 0.2321205704 -62.40304554
0.02779445389 0.2261541083 -54.21662158
0.04206164608 0.2308340683 -72.71963995
0.06726977774 0.2355285407 -104.7667068
0.06107259301 0.2107709512 -89.38573375
0.006134969615 0.1616673783 -1.122991618
0.007604432279 0.1621296562 -1.274238576
0.005688831348 0.1858985865 -9.393444425
-0.01504279215 0.1916028088 -10.07595914
-0.01293897242 0.2186157156 -20.0959776
0.0003449099027 0.2061252498 -17.2107085
0.026937183 0.2354956713 -30.50421946
0.01148532341 0.2462432882 -32.11228249
0.0178475263 0.2644312591 -39.65663226
0.02249832288 0.2965124761 -52.26702866
-0.001194516599 0.3214066482 -56.48232638
0.007945534762 0.3299992909 -61.39284421
0.006199903565 0.3146684987 -55.63024627
-0.007707563014 0.3124766253 -50.82282339
0.01154466094 0.3388526661 -66.08481831
0.01600455253 0.3456393283 -69.84235982
0.01742098649 0.3504850673 -72.53094043
0.008348447225 0.3301425137 -62.19807271
0.001376068832 0.3226430137 -56.76712152
0.004098956941 0.3189472251 -56.72554555
0.0109125399 0.3128152982 -57.57660327
0.01202663044 0.3232677847 -61.75700137
-0.002234602253 0.3154033119 -52.10621243
0.0020964475 0.3174451207 -55.13467637
0.005558130554 0.3213310092 -58.27891597
-0.001189352796 0.3197420323 -54.20770612
0.001934334794 0.3348942893 -61.0093882
0.001225138688 0.3156229146 -53.78266297
0.006835758234 0.3115316678 -55.7229594
-0.001177888572 0.3135548185 -51.57026484
-0.003277171694 0.3255151686 -54.31950443
-0.002025083046 0.3212133501 -53.67139749
-0.001111519145 0.3189332164 -53.48771247
0.004938005249 0.3218423899 -58.79301947
0.0109883214 0.3104109227 -59.22975523
0.001714178683 0.3181352763 -54.97062167
0.003434950851 0.3245029566 -58.56694761
-0.002189248641 0.3336882287 -57.06260148
-0.01112482039 0.3448408444 -53.72733071
-0.009225276274 0.3386881656 -53.18482535
-0.01078342901 0.3342810607 -50.37117516
-0.009552529834 0.3185472374 -45.82801437
0.002897730041 0.3229387701 -58.48424953
0.008652847197 0.3192345087 -62.55501722
0.01302276748 0.3268026084 -69.46363159
0.003640188289 0.3246780163 -59.56697647
-0.001936558775 0.3377236244 -58.66386994
-0.002717634371 0.3396547362 -58.68225011
-0.0109903197 0.3343525617 -48.31656119
-0.01547519196 0.3157328314 -37.0890843
0.002570943592 0.3090746631 -54.17050094
0.004973215023 0.2952449976 -51.95666366
-0.008652698657 0.2891650928 -34.33553069
0.003792489404 0.2604511656 -38.51062342
0.01427518296 0.2492566764 -46.88477958
0.0506636277 0.1972121696 -71.76913278
0.04136137695 0.1916469265 -58.80226992
0.0559178805 0.1861287525 -74.52434793
0.00445209615 0.1589629552 -0.1478194137
0.005064575341 0.1551839338 1.224814823
0.01053714894 0.1406298676 6.241921009
0.01290214625 0.228642039 -25.28822127
-0.01013183882 0.3185625643 -55.75738999
-0.01224894973 0.3127796201 -53.55623279
0.01837527439 0.2521344003 -35.44036469
0.01477939405 0.2465494586 -32.88305036
0.01786510435 0.2640808176 -39.62498265
0.02726354363 0.2890588748 -50.35295916
0.00282561594 0.2958530149 -47.8708188
0.003266305084 0.2782860719 -41.8801924
0.01835083248 0.2871388338 -49.3398875
0.02844827362 0.3212477389 -64.39799684
0.01106459479 0.333260784 -63.71674881
0.003342591329 0.336366766 -62.52591325
0.0005586324376 0.322826205 -56.745789
-0.006150805084 0.3089640784 -49.1059074
0 0 -1
0.00546870614 0.2713579028 -40.4646529
0.01645708348 0.3009354214 -55.83857669
0.007579946794 0.3009721303 -51.73394632
0.002559648539 0.2857686978 -43.85595225
-0.001382657701 0.3026985313 -48.026143
0.006449272637 0.3002223969 -51.20329421
0.007209929414 0.3163707769 -57.45340546
0.006221938154 0.3197934622 -58.18655668
-0.001913477867 0.306370002 -48.55210244
-0.004591500702 0.3025146183 -45.3935787
-0.00746113697 0.2829279507 -36.62891216
0.002722180525 0.2985480571 -48.68897578
0.002367319577 0.3071869412 -51.65446609
0.007396776945 0.3235309621 -61.14421534
0.003751006749 0.324018317 -58.62601535
0.0001464952781 0.3217924394 -55.18088322
0.002147707112 0.306254505 -51.01034085
0.0098524619 0.3098617294 -58.35108644
0.002330103754 0.3260971982 -58.11991596
-0.009368265304 0.3218842569 -46.89923675
-0.01525727366 0.3317967643 -45.59024149
-0.01799818282 0.3197592414 -38.85515698
-0.01184045926 0.305894107 -39.18835504
-0.002528020375 0.2957084692 -43.87832707
0.02034494389 0.2734180982 -57.12792576
0.01446017139 0.3155370316 -66.80352526
0.005880854553 0.323198926 -61.29241406
0.00270698425 0.3165308575 -55.79649903
-0.004127611024 0.3221067765 -50.93278446
-0.007647881617 0.3343107691 -51.76889891
-0.01366274858 0.3359146259 -46.1615453
-0.01401452931 0.323563076 -41.14066812
-0.01015951876 0.2916910449 -33.80222296
-0.00976969931 0.2781302649 -29.3144811
-0.01165067161 0.2433043317 -14.3979565
0.01667252329 0.2510063985 -50.27813158
0.02144374244 0.2268144795 -47.10870145
0.024304601 0.1947740824 -38.94748636
0.04201961351 0.1866085484 -57.77049377
