0.01019314883 0.006523966251 6.785507297
0.005653660468 -0.005394932647 7.153629483
-0.02734719213 0.01639611851 8.502945298
-0.03636159568 -0.02305920699 10.11079766
-0.003989019898 0.06974153152 5.343299641
0.02597600458 0.005720274913 3.847383404
0.01144899981 0.01274530364 5.684748089
0.00635436743 0.006006236117 6.558006929
-0.01643955075 0.005873738822 10.34417804
-0.003759698066 0.0007118851447 8.114629142
-0.007065031639 0.02673076151 8.516583704
0.002421203714 0.01739900867 6.237781284
0.001930524274 0.02155326448 6.186480198
0.009455920523 0.03155189562 3.82357871
-0.00434732186 -0.0196775675 8.861683595
-0.01563619718 0.01007024356 12.10895444
-0.008470587274 0.005219091637 9.825211201
-0.006535880754 -0.0149232555 9.840046261
0.004974591782 0.04867430442 4.318202252
0.001355052706 0.01608444746 6.157051081
-0.002520477045 0.2062395209 5.454244929
0.002200473301 0.2290953373 2.798355525
-0.0211562667 0.3475287455 13.13545268
-0.00630890858 0.2164812889 7.338722809
0.02727403407 -0.004565994621 -0.016377071
0.02081548167 -0.0307481873 3.620066183
0.05479775082 -0.02614627399 -15.19590027
0.0797359938 -0.05503247489 -29.39584417
0.0472195452 -0.07017056134 -9.594002546
-0.03412115652 -0.08309443015 41.38932529
0.003692467285 -0.0990998096 14.86854992
0.1128528003 -0.1042319704 -58.18581207
0.04353282164 -0.04779947232 -8.801254714
0.002635732684 -0.08729693378 20.8841559
-0.01426405731 -0.1021012611 33.32085282
0.02267140595 0.07459477302 -5.137829871
0.02268042624 0.07458802658 -5.145025685
0.0216326768 -0.002553151212 45.53747192
0.03028935176 0.0009448204326 38.27143123
0.009339588182 -0.005082143694 10.61599
-0.017955982 0.04734298574 33.76829875
-0.01565468647 0.2694014448 28.07802539
-0.06259024253 0.2706821118 71.60795392
-0.05716709546 0.06955222001 69.35172894
-0.02466201121 0.04593906764 38.93999441
0.01350645084 0.03516641579 1.813298217
0.1030257332 -0.0211415239 -86.92385351
0.10950734 -0.08841225555 -91.390317
0.1012300608 -0.07996854237 -83.05410003
0.04479077106 -0.07408075557 -23.83740054
0.03121502344 -0.06936819589 -10.00381399
0.04278641578 -0.03377173922 -22.86301588
-0.05764489638 -0.01417164204 90.4267352
-0.07496321024 0.05795355301 108.551416
-0.02526417236 0.005995783965 51.80712534
-0.02599818325 0.006778644218 52.24088762
-0.01565160869 0.008435193645 39.66105402
-0.01579994507 0.0275384928 39.60978607
0.01144319836 -0.00115125373 7.006735019
0.001433510451 0.001861199807 7.116535181
-0.02537675088 -0.009271577711 8.878725188
-0.04272247614 -0.02593204765 10.55134681
0.009905472119 -0.02941801446 5.96344788
0.02923852179 -0.02720749105 3.979902116
0.01496595101 -0.01977446455 5.624050393
0.008373655806 -0.02019488179 6.596662504
-0.01690253402 -0.02377993186 10.93548466
-0.008277363111 -0.02759929783 9.533334147
-0.006677933182 -0.01732556202 9.078892602
-0.005268895279 -0.02288589794 8.742850059
-0.001767470591 -0.02855438703 7.976038301
0.001140624625 -0.02727723637 7.079533758
0.001026366717 -0.04242544012 7.457491444
-0.008668467197 -0.04388332769 10.70662798
-0.003078242982 -0.03529512509 8.553087267
-0.000749418807 -0.0493984025 8.201825797
0.0003705068048 -0.0258909155 7.343940205
0.001232639603 -0.02736571977 7.032973604
0.01223261438 -0.06043497036 3.178744147
0.006437821234 -0.06407724087 5.68052276
0.0137321139 -0.05411891485 1.569853715
0.01827416442 -0.09310334733 0.4221199157
0.0180588966 -0.01140142824 5.225009529
0.0104765026 -0.0140308645 9.200661542
0.03684333831 -0.04009070463 -5.594728679
0.04262905629 -0.04122012184 -8.859956678
0.04591662046 -0.04011554647 -9.809809389
0.04600193975 0.00841551903 -16.06417065
0.02176068421 -0.03421778248 0.2217248634
0.01678242087 -0.06802071603 5.046514224
-0.04995289042 -0.04432258568 55.99770122
-0.0100085652 -0.07825883308 29.00023122
0.01163265804 -0.09966203616 13.79382865
-0.172659151 0.9958574062 91.58806632
0.02275171681 -0.002925511872 44.52383252
0.02313957003 -0.0005672981571 44.16570381
0.03184130008 -0.007210080546 37.10955391
0.06907094025 -0.01710171356 5.99844151
0.02876876206 -0.02003030961 -5.385929853
0.01362311105 -0.005848227743 7.589291584
-0.07088175618 -0.001414368446 84.78668373
-0.07430683151 0.08377202178 84.84976739
-0.02549575666 0.001918650719 40.42508315
0.001305313841 -0.005376818223 15.04895762
0.01911014348 -0.0152792803 -2.920038819
0.1050281159 -0.06480737684 -88.43822652
0.1037023225 -0.08154577867 -85.56748177
0.04223914386 -0.07212817096 -20.96101057
0.05956344004 -0.07229722371 -41.25393997
0.04517078951 -0.0543614582 -25.26183909
-0.02264505279 -0.05019095589 51.18249468
-0.05019040578 -0.02196839517 81.38919723
-0.0204352413 -0.0352953138 46.65096439
-0.01164924262 -0.0008376163648 35.06602371
-4.685976783e-05 0.02425272166 20.20350808
0.003637771522 0.03370340184 15.42572337
0.0115105964 -0.005423576651 7.063118393
-0.0002708558739 -0.006958872617 7.484485766
-0.02715719751 0.0004234731902 8.296899706
-0.002147404958 0.02025308615 4.033336057
-0.004436036553 -0.008770609466 5.657149327
0.02545221958 0.02816444203 1.708152377
0.01522051035 0.01678233142 3.434541212
0.007777180818 0.01006094856 5.074105135
-0.01281021021 0.003691432473 8.758484471
-0.01323845211 -0.007449582651 9.521120631
-0.01079180748 -0.01400725103 9.564441505
-0.001288138994 -0.01117427656 7.16735825
-0.00507257663 -0.007217684885 7.95123226
-0.007318596078 -0.004855413695 8.426861808
-0.00289618612 -0.01288827178 7.568383855
-0.006807763584 -0.01735086489 9.08516995
-0.002222813033 -0.007964931763 7.036291093
-0.005201097255 -0.02063513989 8.771626613
0.006002517214 -0.01003104844 4.125884043
-0.005540871012 -0.01796511397 9.37303243
-0.0020051004 -0.02906687884 7.987061355
-0.00520846129 -0.02414235823 9.620136179
0.01732322644 -0.03994336745 -0.2666495893
0.008890846973 -0.04502905953 3.330370311
0.01858758401 -0.005418925489 4.633129339
0.01153563795 -0.006571645886 8.546649839
0.009288008902 -0.01439656299 10.35674362
0.02416089221 -0.03561853637 2.682254726
-0.01417229463 -0.01808968107 24.60533559
0.01044792528 0.03479823315 5.853289675
-0.01551884347 0.02299069066 22.3593881
-0.019175693 -0.03664561948 27.96937239
-0.05003121216 -0.06068432647 56.92905904
0.01124981713 -0.08375753093 13.58661589
0.01542220282 -0.07230794127 10.10730319
-0.172659151 0.9958574062 91.58806632
0.007773592086 -0.001601998401 56.63619504
0.01858906645 -0.0003949160164 47.90043546
0.02085320014 -0.003521064507 46.18405722
0.03041203865 -0.0115328971 38.44358101
0.03284504222 -0.06126809205 -8.27734027
0.03904159281 -0.07432240749 -12.85449875
0.01777378006 -0.05788069488 5.820734007
-0.1665655499 -0.2893947097 187.1090775
0.04146368371 -0.05547940175 -22.58566494
0.01922890262 -0.03350832169 -1.543607568
0.01983784354 -0.01903676481 -3.179342786
0.07158709694 -0.04351053646 -55.33042125
0.07583247306 -0.1002296302 -55.34491554
0.06275533667 -0.08796536731 -43.37358287
0.0590275504 -0.09603079485 -38.93194763
0.06573677625 -0.05047049356 -47.71781136
-0.006331206045 -0.0253822344 30.78383282
-0.01086847765 -0.02956949267 34.97971941
0.03322779789 0.02848214463 -19.49372867
0.01447171243 0.03701457138 2.020588504
0.01542614014 0.04769624037 0.1252762262
0.01113939588 0.04423129944 5.718783108
0.02226805597 -0.004888266534 6.856232872
0.005098103424 0.008940656706 6.217723448
-0.0031962093 0.01046458064 6.394894896
-0.01717035285 0.02889009999 6.03054614
0.006391179614 0.03599474086 3.350521908
0.01189195472 0.02522289568 3.173257031
0.03224533588 0.03153427561 -0.7623098097
0.008098354544 0.01361428056 4.501804274
-0.01882954381 0.004433427011 9.7137727
-0.0123745229 -0.01588409573 10.15224663
-0.005642618737 -0.006145817764 7.961523514
0.001796890488 -0.002249956048 5.862409518
0.002891135414 -0.003000700166 5.646396431
-0.007264664783 0.006713069452 7.860814641
-0.005025585165 0.003716956992 7.297790584
-0.005286112245 0.004223885225 7.37341438
-0.006746181561 0.0038826485 7.880275643
-0.002908846413 -0.006932194605 7.308461309
0.002439593578 -0.01472663798 5.787299184
-0.002393534069 -0.03061453219 9.101886951
-0.008181910172 -0.04248368502 11.54109171
5.080723003e-05 -0.05095061489 8.408674259
0.0005912028933 -0.05593222671 8.533248065
-0.007729121426 -0.03695848441 11.24723853
-0.004438686253 0.004209966411 16.4434856
0.001776237061 -0.01398301969 14.34874353
0.00414972207 -0.01501200536 12.89328465
0.01409174713 0.001308729399 5.66972735
0.01697902688 0.007007361827 3.803447029
0.03645588591 0.06297848196 -13.31868218
0.05112561553 0.1331300634 -28.21853999
0.02949114937 -0.07958185097 4.367935872
-0.06464093246 -0.07907636015 68.56334542
0.02629599624 -0.09725809278 3.549361038
0.03401659975 -0.08361348561 -2.762564552
0.0007089233868 -0.007987835027 62.40154525
0.003912464264 -0.03261226857 61.67052244
0.001641582947 -0.0272607903 63.41415553
0.0206726999 -0.007230227433 46.62591627
0.01014951877 0.003080294164 54.83323255
0.02238180766 -0.04879029062 0.1607884126
0.00939857714 -0.04451686401 11.40427191
-0.07608754067 0.02485897524 81.79623195
0.01175626941 0.02415309299 -1.474792254
0.05942846657 -0.01134057094 -44.09178482
0.05611126091 -0.0232199874 -38.82986958
0.03170359327 -0.02257778971 -14.80303673
0.01547933783 0.006470719529 -0.8242900102
0.0440143853 -0.05471285512 -25.45423998
0.03031317675 -0.08400979033 -9.230060687
0.07617964074 -0.09393566058 -58.19291075
0.120657222 -0.07505761513 -108.0497787
0.05961684871 0.007543705197 -45.51907332
-0.01372242761 0.03181272391 34.95017769
0.008280882082 0.03408106698 9.657251323
0.0266337957 0.07009509059 -14.99359098
0.02271202378 0.06128780949 -9.373469924
0.01294984903 0.05011705479 3.33528854
0.0125910315 0.02168352865 4.84194083
0.007287746046 0.01227300174 5.882293526
-0.001807090898 0.00915050111 6.483257147
-0.002693315673 0.01199431846 6.287833911
-0.003529592791 0.0137886713 6.218114998
-0.00129930444 0.01803005441 5.487871934
0.004423528096 0.02129985818 4.385988499
-0.002013002018 0.01845351551 5.877617192
-0.04607577709 -0.01205553923 16.27978579
-0.007475043326 -0.03239202495 10.78811008
0.009933172475 -0.02457104267 6.339338324
0.005873909037 -0.00661233547 5.274485096
0.004082862165 -0.001997565894 5.418090629
0.002237648514 -0.003884360728 6.126282658
-0.00883789109 0.007996166376 8.273790502
-0.01125421371 0.003735379998 9.477393948
-0.006521074879 0.00244335765 7.952422217
-0.008403748656 0.003645946565 8.396676659
-0.009487212661 0.002481820947 9.120968129
-0.02282912449 -0.01024635394 15.75666319
-0.02194021056 4.606744541e-05 13.94960499
-0.01601097678 -0.01540527575 12.769687
-0.01115126265 -0.02502298878 11.38111033
-0.005032885088 -0.05538337829 11.70832396
-0.1670584392 -0.03023243322 106.4498309
-0.004024673607 -0.01403470232 17.54983848
0.004067784937 -0.01779399347 13.26714328
0.04288746021 -0.03207731404 -7.856048922
0.0373809714 0.01843155919 -9.125012734
0.05983710624 -0.03174323749 -19.34731633
0.05889554447 0.009000079337 -22.15325599
-0.06761208867 -0.1285810306 75.45540251
0.001649575043 -0.08225123082 20.57083749
0.04057399023 -0.07481238969 -8.244576548
0.09725445812 -0.08855230222 -49.15230523
0.09512142526 -0.2824969983 -27.43568585
0.08929097362 -0.1010876939 -41.04490695
0.09864827037 -0.04672810658 -53.56679013
0.03860831211 -0.1309266213 -6.354426451
0.04602900398 -0.08000645051 -17.62564411
0.03716402565 -0.06254803107 -11.31376925
0.01447389585 -0.03910813765 5.558857834
-0.0638087284 -0.000942262889 72.83193016
-0.06966706964 0.01390773621 77.08114353
0.03242019627 0.05258400866 -22.59306654
0.06336389771 0.0246820046 -49.64117291
0.02342946866 0.02530881102 -10.09063171
-0.003419178081 0.01275558813 18.23069772
-0.01072936298 -0.01835132744 28.49756888
0.02562459693 -0.02745878506 -9.172360125
0.04937629035 -0.01978235818 -36.02755096
0.02260680394 -0.03138789106 -5.28428461
0.01455696705 0.03889713172 2.750686007
0.009144149388 0.0363485241 8.993916016
0.01032667729 0.06399176137 4.917813858
0.01308397143 0.04819640382 3.356980994
0.007687362669 0.02814267649 11.75150866
0.01019681838 0.03931526113 7.599659858
0.008931184033 0.01691507635 5.321703926
-0.001797928407 0.00789647469 6.686757234
-0.008863862101 0.007572678939 7.167824197
-0.008404430581 0.009692664495 6.87054258
-0.004152350212 0.007632337259 6.837453135
0.006457655925 0.03230893446 2.799702077
-0.001170795157 0.002279735903 7.498614564
-0.01787919176 0.01301095449 8.802827156
-0.06714210473 0.008961120567 17.72262962
0.00186474518 -0.02969588841 8.230580444
0.01893415177 -0.007986583327 2.459812249
0.005654858884 0.001352585379 4.538174921
-0.001818085486 -0.003544346982 6.962426373
0.00165733923 -0.003323670926 6.254238351
-0.001883530348 -0.005427455528 7.715436019
-0.01039243981 -0.01084676775 11.04482337
-0.007861111584 0.0008535147381 8.698397863
-0.01474523672 0.01421536127 9.823255542
-0.005096481172 0.02022167729 5.379639259
-0.03565525406 0.01973653483 17.94926367
-0.03635823517 0.01336758929 18.80190689
-0.02251315239 0.003514644691 13.7806363
-0.02579499687 0.005708789636 15.12497786
-0.01760479625 -0.008227529533 12.64293897
-0.005472057911 -0.009394504536 6.691216893
0.005353188451 0.005177663261 -0.9133737394
-0.005613139153 -0.0536052645 22.60376988
-0.004471757813 0.009295440842 3.531016844
0.0009620955276 0.01046611993 0.1313458857
-0.05019316645 -0.05390810091 56.69888154
0.01921423151 -0.0354344933 8.908273573
0.03123825662 -0.1584027244 9.58254885
-0.008964292377 -0.1257347687 33.35061646
0.03774208667 -0.05094164376 -9.229782824
0.06604192733 -0.05941998037 -28.61724972
0.1020607285 -0.05084861272 -57.15045342
0.1136609886 -0.07157091802 -63.11416393
0.003658088298 -0.1461688698 24.13761091
0.01729743696 -0.1571912576 13.71119295
0.07165021688 -0.1178307129 -35.12609907
0.0632067157 -0.08628318676 -31.27817969
0.01284476958 -0.09262224247 14.57778293
-0.001227188523 -0.0522060815 21.74147679
-0.02171481178 0.004901528068 34.05246199
0.04536119646 0.02013087113 -31.45568775
0.07863052043 0.01621905159 -63.69264594
0.03476102585 0.02715620686 -21.70330868
0.0001356448583 0.03003346831 12.75943495
0.002635715016 0.01711183887 10.94403139
0.02027116177 0.02224710448 -8.852172393
0.05048702354 0.04812218469 -44.36895714
0.08365884074 0.07581801986 -83.95347282
0.04191859508 0.01031086674 -25.40379333
0.02415344731 0.03412033533 -8.264831618
0.0001926254146 0.02593012691 20.97404808
0.006963693784 0.02972714116 12.53140466
0.009493927863 0.03199868441 9.181984283
0.01352860384 0.03583789441 3.820844238
0.004387458452 0.01418713362 5.72737339
-0.05541635035 0.01821138755 34.34316067
-0.05700788573 0.01606529474 34.83427204
-0.05866977155 -0.003214235701 37.90740647
-0.09192398114 0.001836284697 40.0847124
-0.06508103402 0.05082509718 29.83939164
-0.06333145566 0.03914287168 31.30154374
-0.01909800934 0.01369187496 8.807218515
-0.0428771571 0.01740795125 12.39386522
-0.02444986496 0.0351883791 6.217677647
0.006598189397 0.02367599074 1.241054959
0.001806084392 0.00256299776 5.492454898
0.002818370047 0.004363551948 4.899527337
-0.008703209625 -0.003750708128 9.382717546
-0.00979333063 -0.009059017166 10.44181062
-0.005570718267 -0.02487424465 11.11842761
0.005602828427 -0.01521653897 6.01176162
0.002342163251 0.004210771156 4.628640927
0.01590885656 -0.004982321129 0.7423769086
-0.02584970769 0.0127370995 15.46016806
-0.03876541546 0.002482140187 21.16509765
-0.02448345294 0.005099792816 14.55137858
-0.02859037606 0.002506238052 16.88152827
-0.005215807041 1.988465803e-05 5.331952336
0.005398125888 -0.00469443842 0.4898754806
0.02375671413 -0.007974577375 -9.021502985
-0.01784261813 0.003292803999 12.16022583
-0.003931938445 0.007586928013 3.345478921
0.001935786957 0.008604147883 -0.2976235708
-0.01357671992 0.01204311663 9.203126255
-0.01234692074 0.02171520709 6.830586278
0.0006220148503 0.01576419183 -1.018731418
0.03248234097 -0.03306375333 -7.62643361
0.0311121257 -0.05180061964 -4.127547432
0.06290262295 -0.03292448258 -30.13953203
0.1288315423 -0.01117348636 -82.77614594
0.05010633141 -0.02235908075 -33.07193057
0.05927113639 -0.09456784727 -29.49717536
0.06303931296 -0.110886965 -29.65171822
0.08365654128 -0.1154628194 -45.59214132
0.08808397238 -0.1008650007 -51.41394714
0.03279245622 -0.08090361609 -5.707739561
0.0007877078058 -0.07263844065 21.4338699
0.02693918952 -0.05954096242 -4.354168015
0.03811058487 -0.02864354435 -19.23729385
0.07099417493 -0.02061505633 -51.26370186
0.03098877965 0.01067887954 -15.57780346
0.004521505997 0.02154939285 9.029825503
0.02343065929 0.05072820954 -15.05922838
0.05851965968 0.05142365708 -53.18925438
0.08806502551 0.09337802356 -89.96983497
0.1061095319 0.0596630003 -104.8991616
0.06006001088 0.01574092947 -46.76161405
0.03852751908 0.02334446274 -23.37798643
0.004629780338 0.01816819062 16.69742796
0.01239715998 0.02832072268 6.122286674
0.01355049909 0.03261412622 4.146742698
0.1926425039 0.03725763679 -171.853059
-0.04007561847 -0.007665196642 37.77294593
-0.05562089959 0.003203359469 36.67126745
-0.06140975176 -0.009116734723 38.90756678
-0.05646102285 -0.004558770628 37.89233179
-0.06608974687 -0.003063212835 38.66757549
-0.07421251931 0.009725733806 37.33870547
-0.08402823112 0.001856109895 39.92068414
-0.1101268424 -0.0033281224 44.56990365
-0.08122069138 0.05673203267 28.79324365
-0.04322497634 0.1201763783 10.25966253
-0.04997599798 0.1037016877 14.26594845
-0.04342257641 0.07816813473 17.38993505
-0.08674112233 0.05389564748 32.88685235
-0.01179538172 0.3869553062 -48.2697063
-0.01931763675 -0.01773453334 14.62214798
-0.01406626319 -0.05384714113 18.19980778
0.0007509067966 -0.05855195587 13.92923726
0.02162371119 0.002408202348 -2.695343801
0.03625200812 0.03165850732 -12.33924807
-0.01620061545 0.007316921853 13.07588957
-0.05922093373 0.00456976667 30.14971279
-0.03126840942 -0.002700135107 18.83177463
-0.0278016503 0.003505293801 16.33060384
-0.0211892671 0.01574300333 10.86207215
-0.007171640438 -0.006090086173 7.304027237
0.003124156391 -0.005945046993 1.933633353
-0.0006298205535 -0.001400882977 2.838821726
0.01226824434 0.02266111476 -8.645210907
-6.361668407e-05 0.03189170805 -2.677781437
-0.003167350023 0.0702593206 -6.851801892
-0.005473597812 0.03427117839 0.5285988268
-0.01681777368 0.01106455597 11.50462535
0.01401299708 -0.002607725109 -7.68036982
0.05396594609 0.006398271493 -37.21292549
0.08109808217 -0.0314100168 -43.43491805
0.1329445027 -0.007275896551 -85.99711352
0.0503028788 -0.05447177718 -28.04394736
0.03588800818 -0.09491771315 -10.26659537
0.0739330721 -0.02198934364 -52.50021413
0.09306109337 -0.06318856765 -62.49913075
0.1015527914 -0.05644951015 -70.28056283
0.06198452704 -0.02232498601 -40.66496007
0.0195102248 -0.003856869829 -6.13087195
0.03721165147 -0.03254226212 -18.18429401
0.04424003895 0.001885092045 -29.78351788
0.07723621876 -0.001393465011 -60.49316051
0.03249443614 -0.007626597643 -15.20514782
0.02580290573 -0.001459471765 -9.367809185
0.03245819146 -0.006298510079 -16.04676303
0.0594372437 0.03628279779 -51.20260449
0.09852284627 0.033867277 -92.12294222
0.06655497342 0.02186850647 -54.74653583
0.05631792579 0.008596993582 -41.50155129
0.03600230912 0.0174543262 -19.56621121
0.01160568854 0.02923944754 6.775052413
0.01848332644 0.03680421586 -2.481968093
0.01673716804 0.03425022019 0.02788461961
0.2028297656 0.02962867157 -183.1449546
-0.05575365272 -0.004640658034 38.00031057
-0.05711184263 0.002048584315 36.84003745
-0.05939154966 0.009126431773 35.6147095
-0.05762338349 0.0006080401981 37.00372849
-0.06832132626 -0.01743752492 41.34495952
-0.07425632592 -0.008827751825 40.4675524
-0.08618071585 -0.002004127519 40.76828609
-0.103381257 0.02248288062 38.66223807
-0.05594651521 0.04725309982 25.36951981
-0.04545228625 0.04813831587 23.44301738
-0.04364221056 0.06055617401 20.72937246
-0.069880068 0.03371056631 31.79323407
-0.09918783092 0.02410861702 41.23438168
-0.08109235656 0.03638864696 33.2392122
-0.05608991653 0.02676864479 27.65077863
-0.06472397753 0.07121304346 21.56426962
-0.05944034658 0.02088924018 29.57675185
-0.05345431324 0.02992655685 25.41367657
0.0530629622 0.04422648109 -22.024399
-0.0389786409 0.02448622114 19.79851781
-0.05920095585 0.05046164926 22.37856092
-0.0117643672 0.2112888865 -28.41587752
-0.0006264992349 0.2646128352 -43.73892268
0.1892523336 0.07891737059 -93.72859598
-0.01480964589 0.01034616744 8.924773039
-0.04418803849 0.01098590696 39.73548285
0.02521657855 0.1335780115 -30.68212022
-0.02139752842 0.1240790731 -1.085179567
-0.06842674426 0.1478928158 23.14992722
0.0007558326909 0.2542533993 -41.06065193
-0.01277924623 0.2049038568 -21.87244142
-0.00850950822 0.2836674593 -40.60357447
0.03566429356 0.2952884908 -73.61875773
0.0710487136 0.2999753232 -100.250387
0.1759499019 -0.007112057412 -118.3244068
0.2279945039 -0.02142275465 -156.2610439
0.03304595316 0.2594167024 -68.31233449
0.02382340892 0.2118617105 -51.31152384
0.03997688711 0.2724541821 -76.33686011
0.04690409438 0.1172645858 -53.36047627
0.04707558535 0.1406659259 -59.02031346
0.06697963946 0.04442190171 -57.39603631
0.02901725502 0.05774163333 -25.88121023
0.03841718899 0.03091108022 -29.6580602
0.06070482104 0.03200475562 -51.46892121
0.0703575399 0.03591717079 -60.63562369
0.022071939 0.03362527039 -12.53417737
0.02172515431 0.0327678987 -11.72296733
0.001824780594 0.0385329796 7.155667801
0.05938607141 -0.002977261027 -44.96029121
0.1056940646 0.01297125773 -96.73970859
0.05711163691 0.01822466441 -43.80466401
0.05305207359 0.008489323678 -37.01233614
0.04826578008 0.0004439342435 -30.23658372
0.02243645605 0.03633003571 -6.965923712
0.02507432125 0.04244113597 -11.24035279
0.176611102 0.04218526354 -153.4352316
0.1744053235 0.02742707443 -147.9176468
-0.04452509955 -0.009246259508 38.71791208
-0.0448565494 -0.004920355712 37.88353139
-0.06066482227 -0.004271183096 38.30479746
-0.06803892405 -0.0007439360707 38.11687679
-0.07674297946 -0.006275832312 39.93451362
-0.06381761157 -0.01127129793 39.54252381
-0.07393013828 -0.003052618623 39.05084333
-0.06926616726 0.01961410306 33.63341176
-0.07503869886 0.02552624265 33.40150807
-0.05577068332 0.02609020041 29.42160245
-0.05308593806 0.02130578123 30.0325257
-0.07430647436 0.01286890975 36.87239331
-0.08774460671 0.01177757446 40.47468047
-0.08409080776 0.02758949315 35.69129768
-0.07129489487 0.0006327617964 37.52301902
-0.05789668157 0.009183510948 31.49953417
-0.06819111652 0.0163006119 33.43232751
-0.04663982298 0.07187660207 14.44987979
-0.04638479127 0.1323418571 2.148941032
-0.005849780578 0.3548122867 -59.11787621
0.002293324774 0.3303986183 -57.9026181
-0.003312318855 0.309153361 -50.77116019
0.3368801267 0.1857746521 -187.6270381
0.02115046927 0.07808516608 -8.257106607
-0.0002777795773 0.08844207273 0.6999950191
-0.04007012014 0.05341146885 29.68231853
-0.143597569 0.04732253538 87.76707039
-0.04106998949 0.1757263636 -0.1246902445
-0.02199938332 0.2032232998 -17.13092522
0.03478669518 0.2224206145 -56.8198004
0.02992025501 0.2635471825 -61.88634665
0.01174634704 0.3065653043 -59.06699975
0.02529401947 0.3300415701 -73.3496642
0.02501663581 0.3379316469 -74.800916
0.05051341913 0.3233482886 -90.21911626
0.04714481306 0.1476832445 -51.044805
-0.05559707584 0.3599413763 -17.07302525
0.01800659239 0.3373660322 -70.534781
-0.001999520059 0.3358078713 -53.53272598
-0.00634759555 0.3850295475 -59.89487889
0.01755992835 0.3246528982 -68.48394858
0.0365336676 0.1716500431 -54.4257956
0.01389116193 0.3332097907 -67.38865829
0.02160476227 0.1325270307 -32.89592151
0.02603457669 0.2701993757 -65.95524843
0.06848850589 0.08367811696 -68.3178317
0.03730130515 0.07072177418 -34.50849532
0.03907448254 0.07562437763 -37.71668491
-0.01303890402 0.09930774492 11.76914227
0.05276825722 0.08466531743 -54.55415648
0.07661191918 0.04101632801 -70.42530387
0.05390714906 0.01242061682 -39.48342812
0.06012672075 0.02239869912 -48.83889603
0.05632014645 0.02936723835 -45.68923093
0.04422144725 0.01899168396 -29.27632488
0.047233304 0.03612610546 -36.45651103
0.155895499 0.05816112427 -131.3085861
0.1596261224 0.04456355161 -133.1418919
-0.04497464485 -0.00481964962 37.67256286
-0.04885635853 -0.001903014399 37.13889894
-0.0561451991 0.001386781238 36.79383932
-0.07179954178 0.001221657965 37.80656656
-0.0697380178 -0.009519388218 40.15649143
-0.06429998571 -0.002196961734 37.67673421
-0.05784172267 0.01027864289 33.90335604
-0.0666311496 0.01318554094 34.51554942
-0.07688859436 0.02293836293 33.91925784
-0.0484308177 0.01791582085 29.74450376
-0.06241215365 0.01456323554 33.68274979
-0.07755889932 0.00308460578 39.83158921
-0.08151565475 0.002631220375 40.88641175
-0.08233938064 0.02393755771 36.05693998
-0.03938426325 0.1836291249 -12.27497584
0.01641250654 0.3596771177 -70.72670298
0.02816727311 0.3694392219 -76.64281822
0.03003028551 0.369467375 -77.77074092
0.01175864244 0.3556669119 -67.17179865
-0.001608942433 0.3399780431 -57.52893941
-0.016138848 0.3138672149 -45.45417163
0.008202135533 0.2739132637 -47.74696076
0.07564038798 0.1700611889 -56.61035151
0.04925028278 0.09136249454 -26.03575028
-0.001229523244 0.0905337751 0.3558353897
-0.06623213847 0.06039506803 41.99521916
-0.02850841661 0.2559786144 -24.20164219
-0.01450550775 0.2546937384 -32.53921435
-0.02175377121 0.2919399936 -37.07042673
0.01193441208 0.2840125843 -55.78786933
0.05854858406 0.3021106477 -89.31859139
0.03273529963 0.3130537083 -74.36736665
0.01482682556 0.3457128583 -69.491648
0.03206430524 0.3638782841 -85.41822783
0.008899581556 0.37035057 -69.6479516
-0.003598740115 0.3871825302 -63.72346762
-0.03413667051 0.370456692 -36.19917087
0.001850514008 0.3837005706 -67.39476435
0.02804494676 0.002611152518 39.24932957
0.01429445539 0.3700727326 -73.71506749
-0.006493503649 0.3984063582 -63.06682625
0.001996630722 0.4057974252 -72.10109257
-0.008032612578 0.4163605112 -65.47675217
-0.001772190005 0.4495130343 -78.83314143
-0.001551284436 0.3882369957 -65.20411994
-0.02930395955 0.4060076011 -42.14675455
-0.01367098636 0.4395878765 -64.9330939
0.00393884754 0.4251704993 -79.45016856
0.02816866713 0.1505440363 -42.05956095
0.01083592805 0.3435163859 -67.83401651
0.04392704074 0.09823383151 -46.83475896
0.04440376583 0.03983427876 -34.12163451
0.03520306314 0.0465835296 -25.8055506
0.07811074339 0.03063008469 -71.03288282
0.05230387767 0.02229855335 -39.47963204
0.05246638647 0.04236340218 -44.09479729
0.1142569808 0.06941240822 -82.32989594
0.1302932287 0.05701104434 -99.43774492
-0.04179857936 0.01467814495 32.87935405
-0.04199501561 0.01017996027 34.0433166
-0.0532788366 0.004663666026 35.92347848
-0.07321655307 0.007983252466 36.3472771
-0.07447394769 -0.0006094681274 38.41891643
-0.06646992509 -0.001240347103 37.76462956
-0.06652418142 0.004218593287 36.59214588
-0.060278708 0.01022522649 34.16809696
-0.06828353365 0.009969199692 35.59455337
0 0 -1
0 0 -1
0.015906189 0.4177629036 -84.53444663
0.009430020872 0.374308959 -72.38896158
0.01830205016 0.3449648075 -67.3319879
0.02532800238 0.3949545421 -82.03127059
0.02548275238 0.3848956203 -78.83919081
0.02192008648 0.3558641445 -70.27361023
0.0127167187 0.3412912787 -63.4606038
-0.001009208977 0.3192637809 -52.90247556
-0.02755685477 0.2609301099 -28.09478547
-0.02723593498 0.261863563 -28.59941829
-0.02432598112 0.2731295838 -32.85818809
-0.002375403415 0.2892651884 -47.10817237
-0.0002448273686 0.2925060755 -48.61652384
-0.007755521076 0.2263348385 -28.65006347
0.007178510677 0.3270999831 -61.47401839
0.009516272579 0.3175068558 -60.79018177
-0.0186424674 0.3146117255 -43.5962916
0.01402410479 0.3472785884 -71.60478994
0.03355091682 0.3007503057 -72.74893276
0.05014116253 0.3127384922 -86.34919285
0.04679786348 0.3194727494 -85.22364558
0.0416047116 0.3247793386 -82.42016151
0.04754907294 0.3414452451 -90.56654514
0.03567612028 0.3373819376 -80.99404788
-0.004167846807 0.3516219076 -54.58030647
-0.04144883649 0.3614160607 -28.41446523
-0.00583731617 0.3636429002 -57.17861711
0.05584011115 -0.003785431884 17.86610385
0.02074127558 0.3615797949 -77.09877428
-0.0014592763 0.3837700611 -63.70507056
-0.01980297099 0.3923405045 -48.99835292
0.00184044595 0.3931058583 -68.79169948
0.02007464511 0.4008241208 -87.25316691
-0.0003082529617 0.4354550089 -76.84974719
0.001767433738 0.4324760478 -77.91231336
0.007876966491 0.4347615334 -85.34783964
-0.006778569531 0.4409897173 -71.8209791
0.002876748324 0.4426767432 -82.15385397
1.744892305e-05 0.4654255413 -85.66931873
-0.007552828865 0.5001929877 -86.17682677
-0.0132265946 0.5485232165 -92.0113128
0.0203524491 0.501930494 -117.9342952
0.02429938039 0.5254361076 -128.3097382
0.05404561904 0.4851331494 -151.9776393
0.1403045273 -0.006386086646 -95.88440945
0.1271877807 0.01757445775 -85.85960808
0.1030282206 0.0109309853 -55.11132937
-0.04967893927 0.05824839896 21.49455939
-0.05274991817 0.04812333503 24.27582838
-0.06382241235 0.03293034801 28.97571441
-0.07932143465 0.05248346198 24.88889507
-0.06563212299 0.02591068305 30.67166348
0 0 -1
-0.02342149689 0.1157121959 2.04594359
0.01320894505 0.3422303225 -64.38204494
0.0156222925 0.3642120139 -71.07249499
0.03041344542 0.386104822 -79.66778636
0.01265640749 0.4046339827 -80.69647093
0.00166377092 0.4023657146 -76.27554129
0.01005247198 0.380775557 -72.47551137
0 0 -1
0.006703812601 0.3725002191 -69.4486852
0.008210331383 0.3362313713 -60.39201875
-0.01236209311 0.2745924084 -36.85905014
-0.03114844507 0.2448263012 -22.4512767
-0.02383985849 0.2522046619 -27.52123429
-0.02307937502 0.2628331287 -31.29945719
-0.004815809839 0.3017986346 -49.11467528
0.003792792475 0.3108067177 -55.31399599
0.009186067574 0.3150693039 -59.05576059
0.007078344684 0.3125916037 -57.37381962
8.222575832e-05 0.3183797573 -55.28289178
0.002343951851 0.3233139404 -57.62337408
0.006736596891 0.3232233146 -60.22452892
-0.001868025092 0.3316068944 -57.50687409
0.02008616736 0.3417035971 -73.57761587
0.01959907495 0.3400833447 -73.5179874
0.02449537475 0.3193687132 -71.38584005
0.07238560696 0.2925068311 -95.98210484
0.04969914675 0.2954773983 -80.42351526
0.03979935052 0.2850122433 -70.47823636
0.02567811873 0.3054958109 -65.77570857
0.008824195549 0.3034264569 -52.85017
0.004271448883 0.3301894675 -56.30253268
0.02148512206 0.3550681562 -76.57938345
0.135897675 0.004010727284 -50.43587258
-0.002467239461 0.3593368973 -56.68203443
0.02214734504 0.3295701608 -69.20325084
0.01030173229 0.3738448204 -71.53605582
0.01804064424 0.3717427116 -77.39708816
0.02679062057 0.3889921689 -90.41288453
0.007893640703 0.3834280502 -71.12698249
0.01943723303 0.4112181648 -90.04069922
7.045951727e-05 0.4487961704 -80.66970459
-0.001031945747 0.4748631871 -86.9805843
-0.006198444172 0.4377633465 -71.22348955
0.01250232056 0.4362253473 -89.79737341
0.006579272029 0.5260318215 -107.7110947
0.00119001621 0.5048801546 -95.51057882
-0.002368425486 0.5208480893 -96.19380797
0.02554453414 0.5017870321 -123.0490306
0.02924567199 0.4878837691 -123.0678525
0.1409880994 0.0006041053762 -98.70334133
0.1361633591 0.01873312104 -97.83338441
0.1174690927 0.04203580647 -81.19657719
-0.04184020322 0.125857003 2.278948483
-0.02984105758 0.1344748806 -0.8581944153
-5.286040229e-05 0.2381157213 -32.52633887
0.01242469265 0.3253924437 -59.16081
0.005903579517 0.3466938759 -64.88254929
0.01707233613 0.359837134 -69.96075331
0.010605549 0.3567333598 -68.49685172
0.02422996093 0.3719538748 -75.02393441
0.03422355967 0.397389808 -84.00875413
0.04279655483 0.4202409601 -92.12729222
0.02920849073 0.3940327623 -80.91347926
0.01511878881 0.3909943643 -76.94507437
0.006261485849 0.361142917 -65.89236805
-0.004265550456 0.3151742774 -50.04717637
-0.02965012847 0.2575477902 -26.02140263
-0.0417414552 0.2284930774 -13.99846704
-0.03515931999 0.2274770628 -16.37228795
-0.000899367111 0.2903429367 -47.70317974
0.01503811135 0.3174592644 -61.95358067
0.004927989841 0.305502978 -54.22849279
0.004618562829 0.3167125551 -57.30104458
0.007413652687 0.3125818182 -57.25897742
0.008874119612 0.318604756 -59.80251899
0.0097268734 0.3210395393 -60.86405008
0.005429589255 0.3110971752 -55.58511154
0.01185356321 0.3146123341 -60.23556295
0.00104761118 0.3208463195 -56.15787609
-0.005799862052 0.3210384934 -52.27061417
0.004865823485 0.3267944483 -60.37418636
0.001171402722 0.3510184358 -65.27011743
0.007985773394 0.3365108625 -65.1966764
0.0287442565 0.3192285333 -74.25912379
0.07934678847 0.2767736663 -96.38888561
0.05069373976 0.2969709328 -81.615279
0.02497385063 0.3105666199 -66.38731844
0.01986322463 0.3321560738 -68.85975505
0.02092037813 0.3366947837 -70.88065513
0.158938505 0.2870430621 -168.4494358
0.02497285241 0.3318283437 -72.59132426
0.01760019023 0.3218895272 -63.08247859
0.01593992231 0.3403220049 -67.1868657
0.02629696068 0.3490314543 -78.79569532
0.009811103958 0.3529387351 -65.22836122
0.02662127367 0.3637578355 -83.45534241
0.01217542581 0.3682939075 -70.98614957
0.03505118571 0.3713391208 -93.93788628
0.03880987753 0.3727632317 -97.76326588
0.0142091016 0.4165102632 -85.55892538
0.02533996122 0.4287664164 -101.0103037
0.0885510317 0.1920066542 -94.26372158
0.09720867844 0.1786929602 -109.9193035
0.05468140058 0.4349093876 -136.560357
0.005221456121 0.4748541234 -92.24454045
0.01206671056 0.4788310928 -101.3373903
0.12400806 0.1521602984 -123.0666175
0.1514650273 0.0503833292 -125.4377773
0.1395824431 0.07659266385 -118.7162043
0.1348683113 0.05070749023 -105.1451402
0.01077699011 0.1784712504 -14.09139696
0.02446219807 0.2415088879 -34.33566125
0.02568038773 0.3405557748 -64.67996495
0.02294401546 0.3568453518 -69.48577891
0.006347157918 0.3554217165 -67.69417178
0.01265656681 0.3697033739 -72.67033994
0.03385921815 0.4021415427 -85.00504701
0.05537754438 0.4157669222 -92.13413392
0.0333486552 0.4129562031 -87.85471996
0.0197227628 0.3735088736 -72.87978795
-0.01119495838 0.3240683204 -50.10610411
-0.007670392224 0.309873253 -46.79617219
-0.05660414199 0.1903206946 3.02773918
-0.05471216379 0.2111179808 -4.425375576
-0.03735586715 0.2240814667 -14.32806341
-0.01932141104 0.2621979155 -32.59574916
0.0008683130814 0.3104603954 -54.46953916
0.006794312507 0.3263573303 -61.58777713
0.01022662802 0.3270323463 -62.84254582
0.006362142508 0.3228255416 -59.88402514
0.00735590614 0.3252739279 -61.11689066
0.01402587548 0.3308299143 -65.75440763
0.002089928908 0.3282091957 -59.56513395
0.01456819782 0.3303881448 -66.24943734
0.001296222268 0.324349316 -57.46340877
0.00724945122 0.318292602 -58.64530836
-0.001357625601 0.318449057 -53.67442839
0.006738586493 0.3366512859 -64.61900795
0.005407298166 0.3274649341 -60.73856362
0.01247950023 0.3284820864 -65.69443639
0.0194870647 0.3167650053 -66.61585873
0.002410186168 0.3168350901 -55.29991082
0.04369603978 0.3006411591 -79.37417273
0.08670979038 0.2702241809 -99.38881318
0.05204859116 0.3120717568 -86.84732035
0.02527531032 0.3430213188 -76.47688553
0.02206812161 0.3355142201 -71.64640796
0.02845354113 0.344937317 -79.57557092
0.03066089404 0.3205998483 -73.98183121
0.05485496609 0.3057560942 -89.92599776
0.02423709025 0.3263009444 -70.47145696
0.04678627268 0.3405401894 -94.61157436
0.0178619719 0.3437763375 -68.90536664
0.03623628037 0.3499313689 -87.90500567
0.03338592402 0.3596092378 -88.46989379
0.03161386869 0.3339077987 -78.51062894
0.03225769323 0.345853798 -83.17200393
0.0333949727 0.3250022044 -78.00269854
0.05958361754 0.3032744994 -98.5744873
0.07547265293 0.2437708159 -96.67125986
0.07304880788 0.2215944121 -87.29430001
0.1009191347 0.2613203588 -130.8008267
0.1239271216 0.2175650071 -142.5890023
0.1028319133 0.1799258921 -106.568011
0.1036592466 0.1803595455 -107.4988302
0.1229276047 0.1323237111 -115.4185611
0.1089176594 0.114847773 -93.16297992
0.1333499618 0.08738540391 -114.278396
0.06682867757 0.4545663836 -104.831963
0.07068640581 0.4375483852 -99.0659292
0.06258172558 0.4246576276 -94.39888735
0.03164243747 0.4104916693 -87.72199785
0.03255415954 0.4205873652 -90.91798404
0.04104563885 0.4337808138 -96.14648388
0.04796801311 0.3941126832 -83.37119791
0.02651912501 0.3644333037 -70.25254909
-0.03146548338 0.2981256854 -38.0812712
-0.007915679298 0.316784782 -48.7858894
-0.04526144725 0.2208934216 -9.210014852
-0.06409897917 0.1911736747 4.677096355
-0.04745886337 0.1899991558 -0.08177863094
-0.004270530074 0.2840820919 -43.68027754
-0.02408948426 0.2836278168 -37.31079597
0.002587246176 0.3261545862 -59.91473493
0.01157530818 0.340356647 -67.4349627
0.00781972763 0.3415412738 -66.41510439
0.002653026638 0.3374021611 -62.89089718
0.0016943153 0.3274577558 -59.31363907
0.007920575061 0.3222288208 -60.11985412
0.01089608904 0.3263999453 -62.95713117
0.00748300333 0.3331419193 -63.64945944
0.01252189764 0.3334360607 -66.29430499
0.002990367731 0.3341546075 -61.27131334
0.004623159492 0.3189367011 -57.09060917
-0.003051059563 0.3127594982 -50.67182013
-0.0004358759301 0.3321789469 -58.78290836
0.006344258264 0.3213490459 -59.24023897
0.007834160845 0.3259098267 -61.71694217
-0.001710222478 0.3221092465 -54.18680477
0.003126543515 0.3240126684 -58.17880187
0.01949029725 0.3141984412 -66.47233334
0.07524970731 0.2630866449 -89.052682
0.09285011785 0.259870876 -100.2900613
0.06371213031 0.3080473924 -94.48069992
0.04010547369 0.322929417 -81.28430103
0.03032151638 0.343597446 -80.58700065
-0.1042996693 -0.00411197287 149.6473327
0.00682964628 0.324693191 -54.96085108
0.03854548982 0.3322592287 -84.50483842
0.03382720528 0.3090795464 -72.90772983
0.02527292836 0.2995159155 -61.937416
0.03946020467 0.3099107634 -78.53906203
0.03954362153 0.3134650976 -79.83948522
0.03404206667 0.3014974348 -70.2480135
0.02789733441 0.3171057515 -69.87492415
0.04293519454 0.3355716237 -91.49442277
0.03281614566 0.3168753818 -75.15958679
0.04979115469 0.3032604162 -88.45538203
0.06141279494 0.2648546904 -88.37774073
0.06176202917 0.254057992 -85.15418582
0.09269836154 0.240634657 -114.9306627
0.08611835379 0.1960394092 -92.40244879
0.09101482875 0.1714526679 -89.33485018
0.08930839744 0.1471184552 -79.37451372
0.09712417549 0.1377981445 -85.92494694
0.08767266217 0.1216306646 -68.84466817
0.05944671981 0.458818081 -105.8481324
0.06457244906 0.4441939699 -101.1017221
0.03307949163 0.4201240095 -90.83904559
0.04617169346 0.4192501704 -91.10001013
0.02034768648 0.3689565732 -70.91237065
0.01366629917 0.3798794067 -74.05798443
0.001366162373 0.3208823534 -51.96770861
-0.02305391101 0.2640504523 -27.94388622
-0.05441208487 0.209756246 -3.311311787
-0.07094396482 0.1782684443 10.60120722
-0.0530464673 0.1935471517 0.7626427092
-0.03735096868 0.217430439 -11.53828541
-0.005568330192 0.2902883966 -45.42854327
0.01173618073 0.3078379292 -56.06542198
0.009236972404 0.3223281704 -60.43388246
0.01239468827 0.3336759711 -65.31761211
0.007556947185 0.3337218888 -63.68690568
0.009983754693 0.3239150536 -61.11038774
3.481929803e-05 0.3102498598 -52.46703301
0.003671342552 0.322663205 -58.38674558
0.003341841242 0.3054393245 -52.05147609
0.009463449377 0.3267671284 -62.38243419
0.0122312433 0.3291439938 -64.59842341
0.007498743749 0.3274864419 -61.82867977
0.01159819645 0.3149529064 -59.4805838
0.008069490252 0.3203052772 -59.41468264
0.00228690515 0.3185135942 -55.56464351
-0.001051101242 0.3141244508 -52.01066352
-0.004776606085 0.3226867273 -52.75258779
-0.01565098032 0.31837014 -44.12931564
0.001194457016 0.2934804659 -46.14854794
0.001396919398 0.3129843002 -53.13979299
0.005012876684 0.3077334668 -53.83268962
0.03759922587 0.2819551052 -68.34061526
0.1081221981 0.2300012541 -101.4880516
0.06477586321 0.2987595704 -92.21385749
0.03242961616 0.3210596221 -74.40279256
0.03257898813 0.3156333739 -72.5417546
0.0243555727 0.3564137612 -80.45347447
0.009070258668 0.3398981821 -61.92139875
0.01751442291 0.3350570125 -67.07106635
0.03346364429 0.3256467393 -77.91918232
0.02635609909 0.3187917681 -69.56472661
0.04200636939 0.3312131984 -88.42137906
0.04387326753 0.3403630458 -93.43635124
0.01746003549 0.3365319109 -66.19994662
0.0264993268 0.3391246243 -75.5929045
0.01146707548 0.3356990303 -58.96147766
0.03942867327 0.3178534296 -81.81161366
0.0223248158 0.3065869305 -59.85248491
0.0439362542 0.2853698011 -75.98444141
0.06484797148 0.2648870809 -92.07579578
0.0673350233 0.2416033332 -86.22536605
0.06984950627 0.2314842249 -86.07243498
0.07541114602 0.1886491764 -77.5144605
0.07663561922 0.1473930952 -64.26662487
0.07072590475 0.1506572305 -58.26138766
0.06398373693 0.130196447 -42.79371262
0.06276212882 0.451775128 -103.7824734
0.05270603196 0.4226792306 -92.85693767
0.03356174365 0.3827283084 -77.4366542
0.0292826623 0.3448234132 -63.49223892
0.01524801623 0.3339647634 -58.23510818
-0.005368749581 0.3249365739 -52.60084606
-0.03029157443 0.2699010522 -29.36675123
-0.06126546287 0.1908665685 4.217638049
-0.07358329125 0.1677081757 14.76010703
-0.08615223951 0.1114124126 37.48614433
-0.04245470138 0.1646811229 8.813014347
-0.008181846535 0.2435904751 -27.75344965
0.00970419291 0.2801314755 -45.60534569
0.01901488964 0.2781850734 -47.59251228
0.01606988209 0.3020437593 -55.33340605
0.01018123015 0.3122141325 -57.03787395
0.004838759934 0.3026133126 -51.64907149
0.001894129982 0.2965298386 -48.33697707
0.0002073029874 0.2725546719 -39.09058168
0.009745691229 0.280228417 -45.75864091
0.00838927945 0.2976162081 -51.36962447
0.009640502865 0.304280785 -54.44185037
0.006777135708 0.3142207979 -56.67230326
0.003776340172 0.2919006303 -47.17989795
0.007131721591 0.2935420144 -49.48907176
0.01652056862 0.2989672685 -56.49712032
0.005799164074 0.3241723928 -59.45217275
-0.001560390557 0.2977151877 -45.85689899
-0.005390969635 0.2847713747 -38.82721473
-0.01096538214 0.2930139057 -38.28662306
0.00140068014 0.2709051355 -38.39653005
0.005999142676 0.2726462896 -41.91258127
0.006931350611 0.2830220012 -46.36242969
0.01947294203 0.282199623 -55.24994845
0.07833610599 0.2305950376 -79.91623293
0.1150259625 0.2379810186 -109.3354026
0.06807122291 0.2701289957 -84.57425044
0.03585805523 0.2855826047 -64.64558052
0.03841732857 0.3215994354 -79.83200341
0.01871300955 0.337837267 -69.19675652
0.004606966758 0.3194509262 -50.02699068
0.01368798572 0.3066543518 -53.70193767
0.02775568616 0.3119967553 -68.32172451
0.03606753027 0.2892733766 -67.89126726
0.05503488712 0.3035428571 -91.00859281
0.04142151697 0.3293535219 -87.04133738
0.02723370793 0.329884271 -73.05994924
0.01816608227 0.3161027684 -58.92923148
0.01092705573 0.3088049218 -48.64889545
0.01588669487 0.2572999436 -35.28034555
0.03896877378 0.2943478944 -73.48157883
0.03889347635 0.2892033783 -71.64409177
0.06075423092 0.2781188013 -91.9848705
0.06003497219 0.2335725522 -74.88115698
0.06042622712 0.2297422087 -74.09714306
0.06952610767 0.2053269593 -76.31689786
0.06476049847 0.1720929733 -58.59980991
0.05473008415 0.1400143918 -34.76114881
