0 1 3
1 2 0
2 3 3
3 4 3
4 5 3
5 7 3
7 9 2
9 11 2
11 12 3
12 13 3
13 14 3
14 15 3
15 16 3
16 17 3
17 18 3
18 19 3
19 20 3
20 21 3
21 22 3
22 23 0
23 24 3
24 25 3
25 26 3
26 27 3
27 28 3
28 29 2
29 88 2
31 88 3
31 32 3
32 33 3
33 34 3
34 35 3
35 36 2
36 37 3
37 38 3
38 40 3
40 41 3
41 42 0
42 43 3
43 44 3
44 45 0
45 46 3
46 47 3
47 48 3
48 49 3
49 50 3
50 51 1
51 52 3
52 53 3
53 54 0
54 55 3
55 56 3
56 57 0
48 106 3
49 106 3
18 76 3
19 76 3
37 95 1
38 97 3
40 97 3
43 101 3
9 68 0
11 68 0
22 80 3
52 111 3
21 80 3
35 94 2
50 106 3
53 111 3
2 62 3
3 62 3
5 63 3
36 95 3
4 62 3
7 63 3
7 65 3
16 74 3
17 74 3
20 79 3
21 79 3
2 61 1
9 65 2
9 67 0
67 68 2
19 77 3
20 77 3
35 95 1
38 95 1
38 96 3
44 103 0
45 103 3
61 62 3
5 62 3
12 71 3
13 71 3
26 84 3
27 85 3
28 85 3
35 93 3
40 98 3
42 100 3
47 105 3
52 110 3
53 112 0
54 112 3
1 61 3
15 73 3
76 77 3
26 85 3
33 91 3
34 93 3
98 99 3
43 100 3
48 105 3
110 111 3
79 80 3
24 83 3
25 83 3
25 84 3
28 86 3
32 91 3
34 91 3
34 92 3
95 96 0
41 98 3
50 108 3
51 109 3
52 109 3
56 114 3
0 58 3
1 59 3
16 73 3
17 75 3
18 75 3
22 81 0
23 81 3
24 82 3
84 85 3
29 86 2
31 89 3
93 151 3
93 94 2
94 95 3
45 104 1
46 104 3
106 108 3
51 108 0
55 112 3
58 59 3
62 63 0
11 69 3
12 70 3
14 71 3
74 75 3
81 82 3
91 92 3
92 93 3
38 154 3
97 154 3
41 100 0
44 101 3
44 102 3
47 104 3
109 110 3
55 113 3
56 113 3
9 66 3
66 67 2
68 69 1
12 69 3
70 71 3
14 73 3
82 83 3
83 84 3
85 86 3
88 89 3
97 98 3
41 99 3
103 104 1
104 105 3
108 109 1
75 76 3
80 81 3
29 87 0
32 89 3
96 154 3
102 103 0
106 107 3
113 114 3
65 66 2
86 87 3
87 88 1
99 100 3
101 102 3
107 108 3
65 123 3
67 183 2
111 112 0
1 118 3
69 70 3
105 106 3
59 118 3
61 118 3
73 74 3
77 79 3
57 114 1
32 148 3
57 115 1
63 64 3
7 64 3
91 148 3
14 130 3
100 101 0
112 113 3
71 130 3
73 130 3
64 65 3
102 104 2
68 127 1
69 127 3
62 120 2
89 146 0
111 170 0
57 172 1
66 123 3
126 127 3
77 135 3
88 146 0
89 148 3
92 151 0
100 158 3
68 126 1
101 159 3
104 163 3
105 163 3
112 170 2
115 172 3
79 135 3
99 157 3
101 158 1
102 161 3
102 162 3
104 162 3
114 172 3
79 137 3
95 154 0
100 157 3
102 159 3
109 167 3
110 167 3
110 168 3
169 170 0
171 172 2
59 117 3
70 129 3
71 129 3
73 131 3
74 133 3
80 137 3
81 139 3
98 156 3
106 163 3
107 166 3
108 166 3
111 169 0
117 118 3
61 120 3
64 123 1
75 133 3
76 135 3
80 139 3
82 139 3
83 199 3
86 144 3
87 146 3
95 210 3
99 156 3
161 162 3
110 169 0
113 171 3
58 116 3
63 120 1
63 121 1
70 127 3
70 128 3
80 138 3
82 140 3
83 140 3
83 142 3
84 143 3
85 143 3
87 144 3
97 155 3
163 164 3
106 165 3
107 165 3
114 171 3
116 117 3
63 122 1
64 122 1
66 183 3
128 129 3
130 131 3
137 138 3
139 140 3
142 199 3
84 142 3
85 144 3
92 150 0
93 152 3
94 152 3
154 155 3
156 157 3
158 159 0
106 164 3
165 166 3
108 167 1
167 168 3
168 169 0
115 173 3
120 121 3
127 128 3
129 130 3
135 137 3
138 139 3
142 143 3
143 144 3
146 148 1
154 210 3
97 156 3
121 122 3
122 123 3
76 133 3
140 199 3
162 163 3
166 167 1
112 171 3
172 173 3
74 132 3
159 161 3
170 171 2
118 119 3
61 119 3
119 120 3
157 158 3
123 181 3
73 132 3
87 203 3
95 152 3
154 212 3
131 132 3
132 133 3
144 203 3
154 269 3
146 203 3
91 206 3
150 151 3
151 152 3
152 210 3
212 269 3
164 165 3
135 194 3
91 207 0
210 269 3
123 182 3
67 126 1
137 194 3
148 206 3
206 207 0
92 207 0
165 223 3
166 223 3
66 182 3
126 183 3
118 176 3
76 192 3
135 192 3
137 195 3
163 222 3
164 222 3
117 176 3
133 192 3
194 195 3
150 207 3
155 156 3
161 218 3
140 198 3
198 199 3
157 215 3
158 215 3
159 218 3
119 176 3
181 182 3
170 228 1
128 186 3
133 191 3
159 216 1
119 177 3
129 186 3
132 191 3
146 204 3
151 209 3
155 214 3
158 216 3
169 227 3
169 228 3
176 177 3
120 177 3
120 178 3
127 184 3
131 189 3
138 196 3
148 204 0
152 209 3
155 212 3
161 220 3
167 225 3
167 226 3
168 226 3
121 178 3
121 179 3
126 184 3
127 185 3
128 185 3
138 197 3
139 197 3
150 208 3
151 208 3
155 213 3
162 220 3
163 220 3
223 224 3
166 224 3
227 228 3
171 228 3
172 231 3
173 231 3
116 174 3
117 174 3
182 183 0
183 184 3
129 187 3
130 188 3
135 193 3
144 202 3
202 203 3
212 213 3
156 214 3
215 216 3
216 218 0
225 226 3
117 175 3
177 178 3
184 185 3
187 188 3
131 188 3
191 192 3
197 198 3
143 202 3
203 204 3
224 225 1
169 226 1
230 231 3
175 176 3
178 179 3
122 179 3
185 186 3
188 189 3
132 189 3
192 193 3
143 201 3
204 206 1
207 208 3
161 219 3
163 221 3
226 227 0
174 175 3
122 181 3
193 194 3
196 197 3
208 209 3
214 215 3
216 217 0
219 220 3
164 223 3
171 230 2
172 230 1
142 201 3
201 202 3
209 210 3
213 214 3
217 218 3
218 219 3
220 221 3
186 187 3
221 222 3
137 196 3
204 263 3
228 286 3
206 263 0
228 230 2
221 279 3
132 248 3
195 196 3
220 279 3
189 248 3
191 248 3
199 201 3
222 223 3
227 285 3
122 238 3
181 240 3
176 235 3
179 238 3
181 238 3
226 285 0
230 286 1
177 235 3
182 240 3
199 257 3
201 257 3
214 272 3
175 235 3
234 235 3
194 253 3
195 253 3
215 272 3
223 281 3
286 287 0
230 287 3
187 246 3
188 246 3
174 233 3
175 233 3
198 256 3
199 256 3
203 261 3
207 265 3
278 279 3
222 280 3
223 280 3
227 286 2
189 247 3
202 261 3
208 265 3
220 278 3
186 245 3
188 247 3
193 252 3
194 252 3
201 259 3
218 276 3
219 276 3
224 281 3
224 282 3
177 236 3
178 236 3
179 237 3
187 245 3
191 249 3
193 251 3
252 253 3
202 259 3
233 235 3
233 234 3
181 239 3
239 240 3
184 242 3
245 246 3
248 249 3
192 249 3
192 251 3
197 255 3
198 255 3
206 264 0
207 264 3
209 269 3
217 276 3
174 232 3
237 238 3
183 241 3
184 241 3
185 242 3
196 255 3
256 257 3
202 260 3
204 261 3
209 267 3
215 273 3
216 274 3
276 277 3
219 277 3
222 279 3
279 280 3
281 282 3
225 283 3
226 283 3
226 284 3
285 286 1
182 241 0
246 247 3
259 260 3
260 261 3
208 267 3
213 272 3
272 273 3
273 274 3
217 275 3
220 277 3
282 283 1
284 285 0
230 288 3
231 288 3
232 233 3
186 244 3
264 265 3
217 274 3
280 281 3
178 237 3
244 245 3
247 248 3
257 259 3
263 264 3
208 324 3
209 325 3
241 242 3
185 244 3
195 255 3
255 256 3
267 324 3
267 325 3
283 284 3
287 288 3
235 236 3
236 237 3
185 243 3
265 324 3
277 278 3
288 347 3
238 239 3
240 241 0
195 312 3
269 325 3
213 269 3
240 298 3
243 244 3
281 339 2
241 298 1
261 320 3
204 320 3
242 243 3
263 320 3
275 276 3
282 339 2
255 312 3
257 316 3
259 316 3
248 307 3
249 307 3
265 322 3
213 328 3
251 308 3
251 252 3
253 312 3
269 328 3
213 330 3
274 275 3
286 344 0
287 345 3
288 345 2
192 308 3
251 310 3
252 310 3
264 322 3
269 326 3
272 330 3
275 333 3
252 311 3
253 311 3
286 345 0
243 301 3
244 302 3
245 302 3
192 307 3
255 313 3
260 319 3
261 319 3
280 339 2
284 343 3
344 345 2
239 297 3
242 301 3
312 313 3
263 322 3
273 331 3
276 333 3
276 334 3
277 334 3
279 337 1
280 337 1
285 343 1
285 344 3
234 291 3
240 297 3
242 300 3
246 304 3
259 317 3
324 325 3
328 330 3
274 333 3
277 335 3
233 291 3
241 300 3
300 301 3
247 304 3
251 309 3
311 312 3
329 330 3
273 330 3
280 338 1
338 339 0
283 341 3
345 346 1
288 346 3
232 290 0
245 303 3
246 303 3
247 305 3
308 309 3
309 310 3
259 318 3
260 318 3
263 321 3
269 327 3
328 329 3
334 335 3
337 338 3
282 340 3
284 341 3
284 342 3
290 291 1
238 297 3
302 303 3
248 305 3
310 311 3
316 317 3
320 321 3
321 322 3
326 327 3
274 331 3
274 332 3
333 334 3
278 337 3
339 340 3
340 341 1
342 343 3
343 344 0
346 347 3
235 293 3
303 304 3
325 326 3
331 332 3
341 342 3
243 302 3
304 305 3
305 307 3
317 318 3
318 319 3
319 320 3
234 293 3
237 295 3
298 299 0
241 299 3
299 300 3
236 294 3
238 295 3
257 373 3
257 374 3
327 328 3
236 295 3
297 298 3
307 308 3
255 373 3
316 374 3
322 324 3
330 331 3
278 336 3
291 293 3
236 293 3
294 295 3
295 297 3
255 371 3
371 373 3
256 373 3
373 374 3
335 336 3
293 294 3
301 302 3
332 333 3
336 337 3
291 292 3
292 293 3
295 353 3
297 353 3
335 394 3
336 394 3
307 364 3
312 371 3
313 371 3
305 364 3
327 386 3
292 350 3
328 386 3
330 388 3
337 395 3
338 395 3
294 352 3
295 352 3
293 350 3
319 378 3
320 378 3
294 351 3
297 355 3
303 361 3
304 361 3
308 366 3
309 366 3
372 373 3
322 380 3
326 383 3
329 387 3
353 355 3
309 367 3
328 387 3
337 394 3
338 396 3
339 396 2
340 398 1
293 351 3
297 356 3
298 356 3
304 362 3
307 365 3
371 372 3
325 383 3
333 391 3
339 398 1
347 405 3
355 356 3
299 357 3
300 357 3
302 361 3
361 362 3
324 380 3
324 381 3
332 391 3
334 391 3
334 392 3
346 405 3
350 351 3
300 358 3
301 358 3
305 363 3
380 381 3
324 383 3
329 388 3
331 388 3
339 397 2
290 348 1
291 349 3
357 358 3
301 359 3
302 360 3
304 363 3
310 368 3
311 369 3
317 376 3
318 376 3
319 377 3
321 380 3
326 384 3
327 385 3
385 386 3
391 392 3
335 393 3
340 399 1
341 399 3
343 401 3
348 349 3
298 415 3
298 357 0
359 360 3
360 361 3
362 363 3
365 366 3
366 367 3
367 368 3
310 369 3
312 369 3
317 374 3
319 376 3
377 378 3
320 379 3
321 379 3
384 385 3
332 390 3
393 394 3
395 396 3
396 397 3
397 398 3
398 399 3
345 404 1
346 404 3
356 415 3
358 359 3
364 365 3
368 369 3
369 371 3
383 384 3
388 389 3
331 389 3
331 390 3
334 393 3
394 395 3
342 399 3
344 401 1
345 403 1
351 352 3
352 353 3
357 415 3
363 364 3
376 377 3
378 379 3
379 380 3
324 382 3
390 391 3
392 393 3
343 400 3
382 383 3
389 390 3
342 400 3
400 401 3
403 404 2
404 405 3
349 350 3
356 414 3
344 403 1
374 376 3
387 388 3
355 414 3
399 400 3
344 402 1
386 387 3
401 402 3
402 403 2
353 412 3
355 412 3
381 382 3
374 432 3
376 432 3
374 431 3
395 453 3
399 457 3
400 457 3
373 431 3
391 450 3
392 450 3
396 453 3
385 443 3
386 443 3
391 449 3
396 454 3
412 413 3
355 413 3
358 416 3
359 416 3
361 420 3
364 423 3
365 423 3
365 424 3
366 424 3
368 426 3
372 430 3
377 434 3
388 445 3
349 407 3
350 407 3
362 420 3
367 426 3
371 430 3
383 441 3
384 441 3
386 444 3
387 445 3
393 451 3
453 454 3
398 456 3
401 459 3
402 460 3
404 462 3
405 462 3
369 428 1
373 430 3
376 434 3
379 437 3
380 439 3
381 439 3
384 443 3
387 444 3
390 449 3
392 451 3
459 460 3
359 417 3
360 419 3
361 419 3
369 426 3
371 428 1
371 429 1
377 436 3
380 437 3
388 446 1
394 451 3
399 456 3
400 459 3
403 462 2
413 414 3
360 417 3
367 424 3
367 425 3
428 429 3
378 436 3
379 436 3
381 440 3
382 441 3
443 444 3
389 446 1
390 448 3
449 450 3
450 451 3
394 453 3
403 461 1
405 463 1
348 406 3
351 409 3
352 410 3
353 411 3
414 415 3
357 416 3
360 418 3
363 421 3
364 422 3
422 423 3
425 426 3
429 430 0
382 440 3
384 442 3
389 448 3
394 452 3
397 454 3
397 456 3
462 463 3
406 407 3
350 408 3
350 409 3
353 410 3
411 412 3
415 416 3
418 419 3
420 421 3
423 424 3
424 425 3
430 431 3
431 432 3
440 441 3
444 445 3
451 452 3
452 453 3
403 460 2
461 462 0
407 408 3
416 417 3
417 418 3
419 420 3
363 422 3
426 484 1
434 436 3
380 438 3
439 440 3
442 443 3
445 446 1
448 449 3
397 455 3
456 457 3
460 461 3
408 409 3
351 410 3
421 422 3
426 428 1
432 434 3
437 438 3
438 439 3
441 442 3
389 447 1
454 455 3
455 456 3
400 458 3
428 484 3
446 447 3
447 448 0
457 458 3
409 410 3
436 437 3
432 490 3
460 518 3
461 518 3
410 411 3
434 490 3
438 496 3
444 503 3
445 503 3
458 459 3
407 466 3
408 466 3
424 482 3
437 495 3
438 495 3
451 510 3
452 510 3
459 517 3
412 471 3
413 471 3
416 473 3
416 475 3
417 475 3
428 486 3
438 497 3
450 509 3
451 509 3
460 517 3
416 474 3
425 482 3
429 486 3
434 492 2
439 497 3
443 500 3
409 466 3
414 472 3
474 475 3
417 476 3
418 476 3
421 479 3
422 479 3
422 480 3
484 486 3
496 497 3
442 500 3
449 508 3
454 513 3
412 470 3
413 472 3
415 473 3
450 508 3
453 511 3
458 517 3
411 469 3
411 470 3
470 471 3
473 474 3
418 477 3
419 477 3
420 478 3
424 481 3
436 495 3
495 496 3
445 504 1
446 504 3
454 511 3
455 513 3
410 469 3
469 470 3
419 478 3
423 481 3
481 482 3
430 489 3
431 490 2
441 499 3
447 505 3
448 506 3
508 509 3
461 519 3
462 520 1
406 464 3
407 465 3
409 467 3
410 468 3
423 480 3
425 484 1
431 489 3
440 498 3
442 499 3
504 505 3
449 506 3
453 510 3
456 514 3
457 516 3
518 519 3
463 520 1
463 521 1
464 465 3
465 466 3
466 467 3
409 468 3
415 472 3
476 477 3
478 479 3
479 480 3
480 481 3
425 483 3
439 498 3
441 498 3
499 500 3
443 501 3
448 505 1
449 507 3
509 510 3
456 513 3
457 514 3
457 515 3
458 516 3
517 518 3
461 520 3
471 472 3
475 476 3
477 478 3
482 483 3
483 484 1
489 490 3
436 492 3
497 498 3
444 501 3
510 511 3
511 513 3
514 515 3
468 469 3
444 502 3
505 506 3
506 507 3
513 514 3
520 521 3
490 492 3
498 499 3
500 501 3
502 503 3
503 504 1
507 508 3
515 516 3
467 468 3
472 473 3
501 502 3
511 512 3
519 520 3
512 513 3
514 571 3
505 564 3
513 571 3
486 544 3
429 544 3
506 564 3
429 489 0
492 550 3
489 546 1
492 495 3
429 546 3
516 517 3
483 541 1
486 542 3
429 545 3
492 552 2
495 552 1
501 559 3
502 560 3
482 541 1
484 542 3
545 546 3
495 553 1
518 576 3
483 542 1
490 549 3
492 549 3
552 553 3
519 576 2
541 542 3
544 545 3
546 547 3
489 548 1
490 548 1
499 558 3
500 558 3
503 560 3
503 561 3
504 561 0
517 576 3
542 658 3
542 544 3
489 547 1
511 570 3
512 570 3
516 574 3
547 548 3
496 553 1
507 566 3
508 566 3
509 566 3
509 568 3
510 568 3
517 574 3
475 533 3
482 540 1
499 557 3
511 569 3
466 524 3
467 524 3
467 525 3
469 527 3
473 531 3
474 531 3
474 532 3
474 533 3
476 533 3
549 550 3
560 561 3
504 562 3
510 569 3
468 526 3
470 529 3
471 529 3
531 532 3
479 537 3
480 538 3
481 538 3
481 539 3
557 558 3
505 562 3
564 565 3
509 567 3
515 574 3
517 575 3
520 578 3
464 522 3
465 523 3
468 525 3
469 526 3
470 528 3
472 530 3
472 531 3
476 534 3
477 535 3
478 536 3
478 537 3
482 539 3
540 541 3
492 609 3
498 556 3
501 558 3
505 563 3
506 565 3
566 567 3
569 570 3
575 576 3
519 577 3
519 578 3
521 579 3
522 523 3
523 524 3
526 527 3
527 528 3
529 530 3
530 531 3
532 533 3
534 535 3
535 536 3
537 538 3
548 549 0
552 609 3
497 556 3
499 556 3
558 559 3
502 559 3
561 562 1
562 563 3
563 564 3
507 565 3
567 568 3
568 569 3
574 575 3
576 577 0
578 579 3
524 525 3
528 529 3
533 534 3
536 537 3
538 539 3
550 609 3
496 555 3
497 555 3
571 572 3
514 573 3
515 573 3
577 578 3
544 658 3
556 557 3
559 560 3
573 574 3
565 566 3
512 571 3
571 573 3
539 540 1
540 598 3
496 554 1
525 526 3
553 554 3
555 556 3
570 571 3
554 555 0
572 573 3
602 658 3
544 602 3
564 621 3
532 590 3
563 621 3
571 629 3
531 590 3
545 603 3
572 629 3
565 623 3
566 623 3
568 626 3
528 586 3
546 603 3
576 634 3
529 586 3
560 618 3
573 631 3
575 634 3
545 602 3
549 607 3
558 616 3
559 616 3
561 619 3
562 619 0
570 628 3
572 631 3
573 632 3
574 632 3
525 583 3
526 583 3
533 591 3
534 591 3
535 593 3
536 593 3
537 596 3
538 596 3
546 604 3
547 604 3
550 607 3
550 666 3
609 666 3
556 614 1
559 618 3
564 623 3
569 628 3
571 628 3
574 633 3
575 633 3
522 580 3
523 581 3
524 581 3
524 582 3
524 583 3
526 584 3
526 585 3
527 585 3
529 587 3
532 591 3
534 592 3
536 594 3
537 594 3
537 595 3
602 603 3
547 605 3
548 605 3
553 611 3
555 614 1
556 615 2
557 615 2
561 618 3
566 624 3
567 624 3
567 625 3
567 626 3
632 633 3
577 635 1
577 636 1
578 636 1
580 581 3
581 582 3
530 587 3
530 588 3
531 589 3
534 593 3
595 596 3
539 596 3
548 607 0
552 611 3
554 611 3
558 615 2
562 620 3
563 620 3
623 624 3
568 627 3
569 627 3
628 629 3
572 630 3
631 632 3
579 636 1
528 585 3
591 592 3
593 594 3
539 598 1
542 599 3
603 604 3
607 666 3
554 614 3
618 619 3
625 626 3
627 628 3
630 631 3
633 634 3
577 634 1
635 636 3
582 583 3
590 591 3
592 593 3
615 616 0
559 617 3
619 620 3
620 621 3
626 627 3
629 630 3
583 584 3
584 585 3
585 586 3
586 587 3
588 589 3
594 595 3
602 660 3
614 615 0
616 617 3
617 618 3
624 625 3
579 637 3
587 588 3
541 598 3
541 599 3
658 660 3
604 605 3
609 611 3
621 623 0
636 637 0
599 658 3
554 612 3
634 635 3
589 590 3
596 598 1
612 614 3
598 599 3
611 612 3
611 667 3
614 671 3
607 665 3
609 667 3
612 671 3
548 665 0
583 641 3
584 641 3
621 680 0
605 665 3
623 680 3
626 684 3
634 692 3
596 654 3
596 655 1
635 692 3
585 644 3
586 644 3
590 648 3
654 655 3
658 659 3
611 668 3
614 672 3
625 684 3
631 689 3
632 689 3
632 690 3
633 690 3
633 691 3
591 648 3
598 655 3
659 660 3
667 668 3
624 682 3
587 644 3
690 691 3
637 695 1
589 647 3
665 666 3
617 676 3
623 682 3
588 647 3
603 660 3
615 672 2
618 676 3
679 680 3
629 687 3
630 687 3
630 688 3
689 690 3
634 691 3
580 638 3
581 639 3
582 640 3
583 640 3
585 643 3
587 646 3
588 646 3
646 647 3
593 651 2
593 652 2
594 652 2
594 653 2
595 653 2
595 654 2
598 656 3
603 661 3
604 661 3
666 667 3
619 676 3
619 677 3
620 677 3
620 678 3
621 678 3
621 679 3
692 693 3
635 693 3
636 694 3
636 695 3
638 639 3
581 640 3
641 642 3
584 642 3
584 643 3
589 648 3
592 651 2
651 652 3
653 654 3
655 656 3
599 656 3
678 679 3
624 683 3
625 683 3
631 688 3
635 694 3
642 643 3
671 672 3
616 672 1
676 677 3
677 678 3
682 683 3
627 685 3
628 687 3
694 695 3
639 640 3
643 644 3
652 653 3
604 663 3
605 663 3
688 689 3
640 641 3
587 645 3
645 646 3
599 657 3
660 661 3
616 673 1
626 685 3
592 650 2
650 651 3
616 674 1
683 684 3
687 688 3
647 648 3
591 650 2
656 657 3
604 719 2
672 673 3
617 674 1
628 685 3
691 692 3
648 706 2
663 719 3
663 665 3
693 694 3
647 706 2
628 744 2
687 744 2
661 719 2
612 728 3
644 645 3
657 658 3
612 668 3
671 728 3
648 707 2
591 707 2
674 676 0
684 685 3
643 701 3
644 701 3
650 707 3
663 720 3
689 748 3
692 750 3
666 725 3
667 725 3
676 733 1
690 748 3
693 750 3
644 702 3
719 720 3
665 723 3
668 728 3
674 732 1
674 733 1
701 702 3
663 723 3
672 729 1
673 674 2
674 731 1
623 739 2
693 751 3
660 719 2
671 729 1
673 731 1
732 733 3
687 745 3
691 749 3
706 707 3
650 708 3
654 711 3
676 734 1
677 734 1
680 739 3
685 744 3
688 745 3
688 746 3
692 749 3
651 708 3
651 709 3
653 711 3
658 716 2
658 717 2
659 717 2
660 717 2
660 718 2
663 721 3
668 726 3
668 727 3
727 728 3
641 699 3
645 703 3
652 709 3
655 713 2
656 713 2
657 716 2
716 717 3
717 718 3
718 719 3
665 724 3
666 724 3
667 726 3
731 732 3
733 734 3
680 738 3
682 739 3
689 746 3
690 749 3
640 698 3
642 699 3
642 700 3
644 703 3
657 715 2
720 721 3
663 722 3
673 729 1
678 734 1
680 737 3
682 740 3
685 743 3
749 750 3
638 696 3
698 699 3
643 700 3
646 705 2
647 705 2
654 712 3
656 715 2
715 716 3
722 723 3
724 725 3
725 726 3
678 736 1
679 737 3
738 739 3
693 752 3
694 752 3
695 752 2
639 696 3
639 697 3
639 698 3
699 700 3
653 710 3
711 712 3
656 714 2
721 722 3
723 724 3
728 729 1
729 731 3
734 736 3
736 737 0
683 741 3
683 742 3
684 742 2
685 742 3
743 744 3
744 745 3
745 746 3
696 697 3
702 703 3
705 706 3
652 710 3
714 715 3
730 731 3
734 735 3
737 738 3
683 740 3
689 747 3
697 698 3
646 704 2
707 708 3
710 711 3
726 727 3
729 730 3
740 741 3
746 747 3
750 751 3
700 701 3
645 704 3
704 705 3
655 712 2
713 714 3
741 742 3
742 743 3
747 748 3
751 752 3
708 709 3
709 710 3
712 713 3
735 736 3
748 749 3
739 740 3
695 753 2
703 704 3
752 753 3
730 787 3
732 790 3
733 791 3
729 787 2
732 791 3
736 795 3
737 795 1
734 792 3
750 808 3
752 810 2
753 810 3
720 778 3
726 783 3
728 787 1
738 795 1
749 808 3
751 808 3
703 761 3
704 761 3
705 764 3
706 764 3
721 778 3
725 783 3
731 790 3
790 791 3
743 802 3
744 802 3
745 803 3
752 808 3
714 772 3
719 778 3
724 783 3
738 796 1
744 803 3
749 807 3
807 808 3
700 758 2
702 761 3
707 765 3
713 772 3
723 781 3
724 781 3
727 786 3
728 786 3
734 791 3
795 796 3
739 797 1
740 799 3
741 799 3
742 799 3
742 800 3
743 801 3
810 811 3
697 755 3
701 758 3
706 765 3
708 767 3
709 767 3
715 772 3
715 774 3
716 774 3
727 785 3
730 788 3
735 792 3
740 797 1
799 800 3
801 802 3
746 804 2
748 807 3
753 811 3
696 754 3
698 755 3
704 763 3
704 764 3
707 766 3
708 766 3
712 770 3
717 775 3
718 775 3
722 781 3
724 782 3
726 785 3
787 788 3
730 789 3
740 798 1
747 804 3
754 755 3
699 758 2
704 762 3
763 764 3
766 767 3
711 769 3
713 770 3
713 771 3
715 773 3
782 783 3
731 789 3
791 792 3
738 797 1
797 798 2
798 799 0
802 803 0
747 805 3
808 810 3
701 760 2
702 760 3
762 763 3
764 765 3
710 767 3
710 768 3
770 771 3
773 774 3
717 774 3
718 777 3
719 777 3
778 779 3
721 779 3
783 785 3
788 789 3
796 797 3
746 803 3
804 805 3
748 806 3
761 762 3
765 766 3
768 769 3
711 770 3
771 772 3
774 775 3
775 777 3
777 778 3
722 779 3
781 782 3
786 787 1
806 807 3
767 768 3
769 770 3
785 786 3
735 795 3
735 852 3
748 805 3
698 758 2
701 817 2
760 761 3
772 773 3
735 850 3
795 852 3
698 756 3
756 758 3
760 817 3
789 790 3
742 801 3
755 756 3
783 842 3
792 850 3
800 801 3
805 806 3
850 852 3
803 804 3
758 817 3
785 842 3
766 823 3
775 833 3
777 833 3
756 814 3
756 815 3
765 823 3
786 845 3
787 845 3
758 815 2
758 816 3
779 781 3
795 853 3
801 859 3
791 849 3
799 857 1
800 859 3
755 814 3
814 815 3
770 829 3
771 829 3
790 849 3
792 849 3
852 853 3
798 857 2
804 862 3
808 866 3
810 866 3
815 816 2
816 817 3
767 825 3
770 828 3
772 831 3
773 831 3
779 838 3
781 838 3
783 841 3
788 846 3
789 846 3
796 854 3
805 862 3
760 819 3
761 819 3
766 825 3
828 829 3
773 832 3
774 832 3
782 841 3
789 848 3
790 848 3
796 853 3
799 858 3
800 858 3
762 820 3
764 823 3
769 828 3
781 840 3
782 840 3
797 855 3
857 858 0
802 860 3
803 861 1
804 861 3
805 863 3
806 864 3
807 866 3
754 812 3
755 813 3
761 820 3
763 821 3
831 832 3
774 833 3
842 843 3
785 843 3
788 845 3
789 847 3
796 855 3
798 855 2
798 856 3
801 860 3
803 860 1
862 863 3
805 864 3
807 864 3
812 813 3
813 814 3
819 820 3
763 820 3
764 821 3
841 842 3
785 845 2
847 848 3
856 857 2
810 868 3
764 822 3
772 829 3
843 845 2
848 849 3
853 854 3
854 855 3
855 856 2
859 860 3
860 861 3
820 821 3
769 827 3
778 838 3
861 862 3
866 868 3
811 868 3
768 825 3
827 828 3
838 840 3
840 841 3
846 847 3
858 859 3
863 864 3
807 924 2
811 869 3
823 825 3
864 924 3
866 924 3
815 874 1
832 833 3
845 846 3
868 869 3
816 874 1
817 819 3
821 822 3
769 825 3
772 888 3
822 823 3
829 888 3
833 892 3
778 894 3
777 892 3
777 894 3
845 902 2
868 926 3
817 876 3
825 827 3
831 888 3
778 837 3
837 838 3
862 921 3
863 921 3
864 923 3
869 926 3
814 872 3
819 876 3
833 891 3
892 894 3
837 894 3
843 902 3
849 850 3
923 924 3
815 872 3
820 878 3
891 892 3
813 872 3
825 882 3
832 891 3
864 922 3
922 923 3
821 878 3
823 882 3
825 884 3
837 840 3
840 897 3
825 883 3
827 884 3
837 897 3
847 906 3
848 907 3
852 909 3
883 884 3
827 885 3
828 887 3
829 887 3
848 906 3
849 907 3
850 909 3
852 910 3
884 885 3
828 885 3
892 893 3
842 901 3
843 901 3
846 905 3
847 905 3
852 911 1
859 917 3
866 925 3
868 925 3
873 874 3
893 894 3
840 899 3
841 899 3
842 900 3
845 903 3
905 906 3
853 911 1
856 914 1
858 916 0
860 917 3
863 922 3
815 873 1
816 875 3
817 875 3
821 880 3
822 880 3
822 881 3
823 881 3
882 883 3
831 890 3
900 901 3
906 907 3
855 913 1
855 914 1
858 917 3
925 926 3
812 870 3
813 871 3
871 872 3
828 886 3
888 890 3
832 890 3
901 902 3
849 908 3
850 908 3
854 912 1
854 913 1
857 915 1
860 918 1
924 925 3
926 927 3
869 927 3
870 871 3
819 878 3
821 879 3
879 880 3
880 881 3
885 886 3
842 899 3
846 904 3
910 911 1
854 911 1
913 914 0
914 915 3
915 916 0
916 917 0
861 918 1
862 919 1
875 876 3
878 879 3
886 887 3
887 888 3
845 904 3
908 909 3
861 919 1
881 882 3
897 899 3
899 900 3
903 904 3
904 905 3
907 908 3
909 910 3
911 912 1
912 913 0
876 878 3
917 918 1
921 922 3
890 891 3
894 895 3
837 895 3
837 896 3
896 897 3
872 873 1
874 875 0
895 896 3
902 903 2
918 919 1
919 921 0
888 947 3
890 947 3
892 950 3
891 950 3
893 950 3
888 946 3
902 961 3
903 961 3
908 966 3
873 931 3
882 941 3
883 941 3
887 946 3
903 962 3
907 966 3
919 976 3
921 978 1
874 931 3
946 947 3
893 951 3
904 962 3
906 964 3
918 976 1
919 978 0
923 981 3
876 935 3
878 935 3
883 942 3
884 942 3
950 951 3
907 964 3
887 945 3
897 956 3
899 956 3
902 960 3
910 968 1
913 971 2
914 971 1
875 933 3
882 940 3
885 943 3
901 960 3
960 961 3
911 968 1
917 976 1
922 981 3
923 982 3
924 982 3
876 934 3
878 936 3
886 943 3
893 952 3
894 952 3
915 973 1
916 975 0
917 975 1
921 979 3
922 979 3
981 982 3
874 933 0
935 936 3
880 938 3
881 940 3
895 952 3
909 967 1
912 970 0
914 973 1
919 977 3
925 982 3
870 928 1
871 929 1
872 930 1
876 933 3
934 935 3
881 938 3
885 942 3
887 943 3
890 948 3
891 949 3
949 950 3
896 954 3
899 957 3
900 959 3
901 959 3
910 967 1
912 971 2
916 974 0
926 984 3
928 929 3
929 930 3
930 931 3
879 936 3
941 942 3
943 944 3
947 948 3
890 949 3
951 952 3
895 954 3
897 954 3
956 957 3
900 957 3
966 967 1
911 970 1
915 974 1
976 977 3
977 978 0
922 980 3
925 983 3
925 984 3
879 937 3
879 938 3
940 941 3
942 943 3
887 944 3
945 946 3
964 966 3
975 976 3
979 980 3
980 981 3
983 984 3
927 984 3
927 985 3
874 932 3
948 949 3
954 956 3
967 968 3
970 971 3
982 983 3
931 932 3
932 933 0
933 934 3
959 960 3
961 962 3
905 962 3
978 979 0
984 985 3
936 937 3
938 997 3
881 997 3
973 974 0
974 975 0
940 997 3
944 945 3
968 970 2
937 938 3
952 954 3
957 959 3
968 1027 3
970 1027 3
971 973 3
974 1032 1
952 1011 3
954 1011 3
905 964 3
964 1023 3
975 1032 1
934 992 3
905 1021 3
933 992 3
957 1016 3
962 1021 3
932 989 3
956 1013 3
959 1016 3
966 1023 3
973 1032 2
931 989 3
954 1013 3
937 995 3
938 995 3
940 998 3
947 1005 3
971 1029 3
973 1031 3
935 993 3
948 1005 3
956 1014 3
964 1022 3
1022 1023 3
970 1029 3
1031 1032 2
982 1040 1
983 1040 1
930 989 3
933 991 3
991 992 3
934 993 3
936 993 3
997 998 3
942 1001 3
943 1001 3
957 1014 3
961 1019 3
966 1024 3
973 1029 3
983 1041 3
985 1043 3
932 991 0
938 996 3
942 1000 3
945 1003 3
946 1004 3
949 1007 3
950 1007 3
952 1010 3
960 1019 3
1023 1024 3
968 1025 3
968 1026 3
1026 1027 3
981 1040 1
1040 1041 0
984 1041 3
936 994 3
936 995 3
941 998 3
1000 1001 3
943 1002 3
944 1002 3
944 1003 3
947 1004 3
950 1009 3
951 1010 3
1013 1014 3
957 1015 3
960 1018 3
962 1019 3
967 1025 3
1027 1028 3
970 1028 3
973 1030 3
981 1039 3
984 1043 3
928 986 3
929 987 3
930 988 3
994 995 3
995 996 3
941 1000 3
946 1003 3
948 1006 3
951 1009 3
954 1012 3
1015 1016 3
1018 1019 3
975 1033 0
976 1034 0
977 1035 0
978 1036 0
979 1037 3
980 1038 3
1039 1040 1
984 1042 3
986 987 3
987 988 3
988 989 3
992 993 3
993 994 3
996 997 3
1001 1002 3
1002 1003 3
1004 1005 3
1005 1006 3
1006 1007 3
1011 1012 3
1012 1013 3
1014 1015 3
1024 1025 1
1025 1026 3
1032 1033 0
1033 1034 3
1034 1035 3
1035 1036 3
1036 1037 3
1037 1038 3
1038 1039 3
998 1000 3
1003 1004 3
1007 1009 3
1030 1031 3
1041 1042 3
959 1018 3
1028 1029 3
1042 1043 3
1010 1011 3
964 1021 3
1029 1030 3
1009 1010 3
1019 1021 2
989 991 0
