0.01259198809 -0.05471196811 19.58187824
-0.006489373465 -0.06388841485 20.6665807
-0.02162211093 -0.02445527567 20.52339123
-0.0201222199 -0.02273022753 19.99545336
-0.008863268958 0.01941065681 18.54458202
-0.02415301302 -0.002899910398 20.59179959
-0.06168433037 0.002100405445 25.40972486
-0.02890012787 0.01167396293 19.44526118
-0.01476270256 -0.01201797696 17.66427991
-0.03247963911 -0.005430521836 21.17414825
-0.02870518931 -0.01613326925 20.37958838
-0.0453765359 -0.0336692548 24.98676885
-0.06263538548 -0.01876339204 29.03923749
-0.04528976496 0.04229982804 22.05241924
0.002264445621 0.03742580313 8.288760779
0.0008789142244 0.007191180476 9.472118458
-0.0275479579 0.00362092046 19.32746412
-0.03140326891 0.00650757323 20.62255346
-0.004270284396 -0.02776338606 10.27782106
0.06470705929 -0.06664929533 -17.52857271
0.116070475 -0.02507167994 -38.42308162
-0.319897382 0.07110657731 158.7896027
-0.005112045528 -0.0228524624 10.63299959
-0.001019836594 -0.03567148013 8.666390113
0.01993427315 -0.03557803783 -2.076409597
0.03715384263 -0.04599773962 -11.52741536
-0.01274100271 -0.08985539234 18.76791244
0.008134378371 -0.0928786613 7.647409734
0.02413011305 -0.03348119577 -3.598628281
0.04748287359 -0.06731106176 -17.85835
0.01107765574 -0.06395364245 6.972574908
-0.02268032477 -0.1540216852 28.97957874
-0.01801603756 -0.08232367932 24.16921581
0.3233772991 -0.02390366988 -219.7962403
0.004858261594 0.2310192427 12.51750849
0.03886483741 -0.004166826167 -19.81855511
0.06028437385 -0.004493170842 -36.39793952
0.04305127807 -0.02258289572 -22.24645326
0.0371106412 -0.02485733558 -17.52037091
0.05463681168 0.01282684924 -32.35128744
0.01834355823 -0.0171014472 -0.6222475931
-0.01081156327 -0.01206265625 24.93704197
-0.01671375652 0.04726263784 28.70038015
0.02869177677 0.0544022515 -13.81217372
0.0399220317 0.0240270396 -23.57319084
0.001171291959 -0.0001612648036 14.48381862
-0.03653212482 0.001084046214 51.83409469
-0.02894352709 -0.01541567172 44.59498192
-0.06482030772 -0.01054131676 81.30503547
-0.07715334882 0.05400483635 92.41149356
0.0008503259674 0.05888003888 7.674504022
0.07488028489 0.05472815184 -73.32052077
0.06263752136 0.01037792396 -58.10185394
0.03635809464 -0.0006303176137 -28.08810647
0.02356051062 0.001978412819 -13.70335881
0.04078816799 0.006395619784 -34.8385729
0.0176955563 0.005984037469 -6.708833907
0.04319469261 0.001782559103 -37.9102725
0.01130905444 -0.04539023357 19.17839232
0.001578963506 -0.03546976202 19.4972268
-0.004685816265 -0.03645908194 19.96370598
-0.003691251507 -0.01765217485 19.07597685
-0.03403725823 -0.01420469905 22.27537866
-0.06814590351 -0.03947656888 27.00185873
-0.06695806868 -0.05666688451 27.04536227
-0.04268768402 -0.02036384934 22.43725669
-0.007562823647 -0.003668459293 16.09272227
-0.01378162672 -0.0005393706262 17.73424718
-0.04396333154 -0.01011730333 23.74730465
-0.05179934808 -0.0179670764 26.19692412
-0.0659259844 -0.003513236494 29.03113484
-0.03227248817 0.001678374664 19.23638534
0.007656494801 0.01152143831 7.102597062
-0.005401492961 0.007698392414 11.71513258
-0.02136210346 0.008319373307 17.15047013
-0.03906980071 0.002517764008 23.65734495
-0.03175854447 -0.0004890197692 20.6319439
-0.0050289343 -0.01522786475 10.2823799
-0.004388176593 -0.02156845227 10.48983155
-0.01324739399 -0.01431511374 14.16202558
-0.0241222829 -0.02375594998 19.78127665
-0.01909799907 -0.02498041403 17.28614916
0.008739524195 -0.04203694091 3.500409106
0.01962372403 -0.06123945414 -1.564098265
0.02379927607 -0.09948472066 -1.995808027
0.03089424541 -0.08345021622 -6.757733395
0.0274149236 -0.069892176 -5.200419224
0.0886027277 -0.03064878888 -44.34761878
0.0848982941 -0.02779979714 -41.31129514
-0.02104387427 -0.1230516723 26.50800185
0.001015217148 -0.09905605703 11.1493317
0.3884912774 -0.03940003015 -266.2857469
0.03731580304 -0.08709653904 -7.03131773
0.01404556255 0.005023069956 -0.9392014004
0.0376254052 -0.02049809566 -18.10943161
0.02612971531 -0.02311094234 -9.011634062
0.0656248309 -0.03036880248 -40.75779698
0.03254435091 -0.02210912659 -12.67695377
0.006394366394 -0.04216437463 10.40846927
-0.006521436259 -0.02598697473 21.68525047
0.002820869319 -0.01460518741 12.46567613
0.01643128072 0.0006377560978 -0.7016366188
0.02218832905 -0.008667685366 -5.527474691
-0.01367609942 -0.04971115122 30.41414846
-0.02678926805 -0.04828103903 42.59164338
-0.03491541555 -0.06059417286 51.60469247
-0.05914054298 -0.0473374684 76.91374939
-0.08318290686 0.02583838568 99.8255134
-0.04406378054 0.000399820192 58.27210009
0.0566868795 0.006251675952 -51.78078589
0.04778548315 -0.01587833967 -40.62367146
0.03494121218 -0.01470742266 -25.89634311
0.0272315415 -0.01677629737 -17.04872126
0.02426908353 -0.01423482885 -13.76888745
0.01202218473 -0.03931062562 1.433386508
0.03016596235 -0.02088835097 -21.24405532
0.02804000572 -0.02749734225 18.15870377
0.01493010651 -0.0129176981 18.14319913
0.01003975434 -0.00441283202 17.55667332
-0.02232146478 -0.03239310675 21.25220632
-0.02749803879 -0.04335525099 22.68632478
-0.05770569935 -0.05073679154 25.92102876
-0.02474791887 -0.03859478461 19.58993818
0.004318976763 -0.02348036805 14.75092542
-0.003761913369 -0.02755658113 16.23640752
-0.01050323016 -0.02031788712 17.73233724
-0.04574602501 -0.006286730564 24.09467108
-0.04873690146 -0.007703412741 24.91394443
-0.07350815049 -0.01870348795 31.53309022
-0.03651621118 -0.008519287073 20.58214324
0.005461997157 -0.001640493948 8.424357995
-0.001083244371 -0.007916458737 10.99462775
-0.01710007013 0.006287751855 15.86494689
-0.03772002258 0.007444610172 23.02105786
-0.02684136053 -0.002910797188 18.83309018
-0.01316118014 -0.007682219826 13.56580351
0 0 -1
-0.02416718093 -0.02974857282 19.73130244
-0.03219758378 -0.04350509579 24.59790152
-0.01538156991 -0.03923157449 15.22143854
0.02151494581 -0.05001668833 -3.493931851
0.02205708633 -0.06516634165 -2.982944647
0.046028845 -0.08426429165 -15.21216349
0.03321776283 -0.06386959397 -8.629524406
0.01422090128 -0.08084988697 3.564847585
-0.01461796118 -0.09103586325 22.00951444
0.04543306253 0.01482755929 -17.68603698
0.02093268219 0.006006693011 -1.063846807
0.07162817196 0.2641946378 -55.32339239
0.03587245117 0.2325234161 -28.02793869
-0.009505672939 0.05172484118 14.4616433
0.01084660408 -0.01133075548 2.124027463
0.03089626962 -0.01920923643 -12.92959282
0.02432868166 -0.02356306375 -7.395359361
0.05772733173 -0.03484793922 -34.67970476
0.0416579837 -0.03207106816 -20.28097501
0.007826855021 -0.03898644383 8.820402625
0.02268867945 -0.02080047137 -5.892912577
-0.01085147647 -0.01884925846 24.17603328
0.007843828818 -0.001723991102 6.942337145
-0.007538601027 -0.05350562055 23.57047781
-0.005179023702 -0.07416061378 23.10818195
-0.01787248017 -0.06341628551 33.96549487
-0.04471420254 -0.06448933345 61.49005259
-0.03401235645 -0.07227558826 50.06129154
-0.02862361409 -0.05977128149 44.1366663
-0.0009545037793 -0.0421004256 12.97583547
0.05571628509 -0.0178668841 -49.43805509
0.0370354954 -0.04074002826 -26.72887042
-0.003521272764 -0.03829414966 19.41497204
0.04416121165 -0.04362180389 -36.62564248
0.03967093131 -0.0505512165 -30.19639525
0.03840992204 -0.04180767753 -29.92773478
0.01430387662 -0.01899611181 -1.765567272
0.03864619661 -0.02741099315 17.95726277
0.01844140066 -0.02215396724 18.72246104
0.0005120452787 -0.005875826377 18.34448378
-0.04535176665 -0.03082518748 23.09870345
-0.05609173995 -0.03421537853 23.52476764
-0.03456819847 -0.04602088936 22.24225373
-0.02584133174 -0.04407102304 21.02772442
-0.005551847545 -0.04183261296 17.77612515
-0.003293903676 -0.03585116022 17.3229611
-0.007475558347 -0.0274909371 17.69605424
-0.05211646529 -0.02775264212 26.87771131
-0.04810385653 -0.02040504679 25.12158538
-0.05904262748 -0.02013211861 27.61546218
-0.0009169887902 -0.01009432632 10.56601276
0.008056751991 -0.01767819195 8.564872016
0.00391729983 -0.009841260024 9.434470098
-0.02797827248 -0.01857392598 21.24483747
-0.04328370053 -0.02532864609 26.84516868
-0.02879519759 -0.01370119471 20.43184081
-0.02036399504 -0.01466598039 17.05213624
-0.02143794594 -0.01688464935 17.69325897
-0.03058181003 -0.02161211444 22.13546269
-0.03814293825 -0.01016069711 24.67039835
-0.01576787278 -0.009721300198 13.50817631
0.004708609152 -0.0112633132 2.981913767
0.001203934229 -0.02485666406 5.653877827
0.03363087626 -0.06412241362 -9.648532391
0.02313980397 -0.06304044819 -3.515423552
0.02442524989 -0.05618775038 -5.297315802
-0.008018116952 0.02957457686 7.82666854
0.03756236643 0.04715630756 -14.76362498
-0.02805255053 -0.03505795743 26.20995165
-0.0239158052 -0.01109245149 21.45896047
-0.01433106891 -0.04101780817 16.72917962
-0.005279886094 -0.02743405596 9.188875506
0.005854622593 -0.005471078579 -0.8697943248
0.02363362091 -0.01962823181 -13.56596006
0.04573490903 -0.04382497238 -23.30818627
0.04476084991 -0.0331250259 -23.77712967
0.04779004151 -0.03660454365 -25.91660973
0.02289982414 -0.01795931329 -5.488525511
0.03115819323 -0.001129446046 -13.78487265
0.02143642427 0.02077818267 -6.763492741
-0.04580093435 -0.02352074296 59.3812916
-0.06151979487 -0.02089804651 73.66452628
0.0007014879604 -0.04647294886 14.94388092
-0.01501479418 -0.03067782414 29.44160508
-0.03911806712 -0.01244594051 52.00909962
-0.02717154344 0.01303034028 37.55172877
-0.03442920067 0.03117999896 44.32971458
0.005945620637 -0.03469429413 5.124276484
0.05278806594 -0.05427259133 -44.59272179
0.05207136372 -0.07341425649 -42.26287667
0.01615759893 -0.04509725982 -2.242915888
0.00533973321 -0.06774345483 10.68953256
0.02189026834 -0.1130330444 -5.987861336
0.05125387162 -0.08346149309 -43.41736091
0.1049102206 -0.002688716601 -115.2305938
0.02636204824 -0.01290119967 16.70823191
0.03611975161 -0.01827322657 17.27803362
-0.01654835442 -0.01758023855 20.20357161
-0.06443958054 -0.0337678318 24.95304978
-0.05214576322 -0.00980161162 20.58284679
-0.04010786676 -0.0170853986 20.28753993
-0.05931325111 -0.02627956152 24.0795519
-0.008071321552 -0.02382034027 16.56574074
-0.01373444357 -0.03588971919 19.03080382
-0.01046722925 -0.02221420455 17.58265521
-0.03677107803 -0.005879952182 21.43983403
-0.04604306929 0.001410675333 22.56913058
-0.04527869939 0.01312322247 21.18734171
-0.03080755415 -0.0007557682997 18.35184976
0.005460758203 -0.02515799725 9.79023416
0.01145215738 -0.01244486653 6.911831417
-0.0467902652 -0.0247256482 27.99710247
-0.02483795225 -0.01924332355 19.15021396
-0.004813506427 -0.008832955642 10.62209985
-0.0378521399 -0.00764129436 23.95090133
-0.0424441938 -0.01709511362 27.06667381
-0.02978600803 -0.01095085092 20.82462542
-0.02760532996 -0.008205346402 19.26664903
-0.01471143637 -0.007531085763 12.90131988
-0.01035180166 -0.005791787558 10.65899441
-0.009376442184 -0.009996641364 10.61250569
-0.0009894885534 -0.02085371965 6.631568588
0.107222661 -0.1456008185 -44.50635869
0.01992952566 -0.05674781481 -1.328918159
0.02064842667 -0.06352446512 -1.79768159
0.05804020909 -0.02761429306 -29.25570269
-0.06511575326 0.02674593766 50.70819231
-0.04123341372 0.1160722364 24.43010897
-0.008092753602 -0.0284886808 11.05383316
0.01215154238 -0.003952149142 -5.666820747
0.00652109587 0.002123034842 -2.036323165
0.007829398138 -0.008990799163 -2.040366173
0.4499720106 -0.2721797022 -331.1860915
0.0383989636 -0.003786246679 -20.61417392
0.02395282467 -0.0001549811197 -9.148612142
0.05487434583 -0.01034316637 -34.17144158
0.03446989639 0.0003312661044 -17.17315678
0.01780397313 -0.01779519315 -0.2950217859
-0.0153014261 -0.02660986268 30.931805
-0.07776326253 -0.0238822027 89.88033622
-0.04091992955 -0.05676238088 56.45581137
0.0001026044179 -0.03986720733 15.72905055
-0.001596574889 -0.05997958678 18.81376243
0.003891814792 0.01602394835 6.005765006
-0.03836277369 0.04446767688 48.47246456
-0.04860237841 0.05818225664 57.43249562
-0.01627269957 0.02791409136 24.30543568
0.02858727933 -0.0519735226 -17.34378664
0.03992624733 -0.08830696774 -26.44260705
-0.004727317027 -0.08660169181 24.28863716
0.02162685148 -0.115684954 -4.770076107
0.04129267421 -0.0740003892 -32.55503775
0.2134119446 0.05784371093 -254.7801621
0.0401128694 -0.00164671372 15.42650163
0.03198724839 -0.004623353628 16.04149333
-0.006356534236 -0.006836032474 18.35580044
-0.06377948303 -0.01278794467 22.31719482
-0.04555356682 -0.004468576059 19.54588024
-0.02704717732 0.01149306072 15.64578141
-0.03758568574 0.02536206323 15.55653372
-0.02588235571 0.02798183149 13.50429959
0.006279308315 -0.001202803509 11.2573625
0.006718192321 -0.001808673821 11.61351779
-0.03051504201 0.0001136866978 19.66719474
-0.03496180967 0.01513477944 18.18388776
-0.02840034859 0.0239831536 15.78909499
-0.05201561658 0.02163932882 22.46998405
-0.003323129612 -0.001383865387 10.1938345
-0.008370580462 -0.006899235065 13.01781083
-0.03866877048 -0.008719246961 23.36312613
-0.02972113975 0.00288651722 18.62894764
-0.0148229782 -0.003557509534 13.91107499
-0.03887190526 -0.009689195046 24.49844857
-0.02741143398 -0.02227285591 20.55382086
-0.01570904434 -0.01386668894 14.72118
-0.03464746989 -0.008509280629 22.87932736
-0.006989550184 -0.009860651616 9.183757289
-0.006257696618 -0.006195989366 8.626346803
-0.006457798526 -0.01464845472 9.603848082
-0.01576915819 -0.0148389328 14.74185808
-0.01704532691 -0.03040512241 17.19962869
-0.003488243501 -0.04627654657 10.74475225
-0.002913320804 -0.04756114693 10.418977
0.005574570492 -0.0701251472 7.884990987
-0.006287249179 -0.03069382307 9.954659307
-0.006618616454 -0.03116784008 10.37144803
0.01355190936 -0.01681119348 -5.485835207
0.01182831504 -0.0006434811312 -5.603283824
0.003251249966 -0.001930804838 0.9412981092
0.001842804102 -0.00770053573 2.67954499
-0.009070001769 0.004534557809 9.81663191
0.03650138964 -0.01578554678 -17.59810177
0.03767149569 -0.007795919779 -19.62966111
0.04806229487 -0.0187542601 -27.15357242
0.02554992397 -0.02548320408 -6.163784057
-0.03103204714 -0.04781841518 47.85171693
-0.05651792259 -0.05274709629 72.84523199
-0.08126279612 -0.07764176738 97.91374301
-0.07431493493 -0.02013063221 84.28009025
-0.01660016966 -0.02951210132 27.31662031
0.03174637677 -0.01337132653 -21.1362982
0.05393388748 0.03047670946 -48.25965
0.003532442722 0.04283061563 3.73585734
-0.04219764388 0.07533484214 49.31128694
-0.01247690401 0.06061500398 16.12017632
0.03527155889 0.1577593442 -46.5529992
0.01129556164 -0.07859515034 5.081274682
-0.09562700819 0.2534812131 94.99549621
-0.051907246 0.3791126841 29.35739452
0.04055100358 0.04307479992 -37.65056971
0.04488383194 0.0839604422 -48.09453039
0.04847972684 0.006383987852 14.31238371
0.03266008983 0.004170667651 15.10507322
-0.00883838179 0.00950355477 16.57603967
-0.06893481319 -0.0009138113746 21.03537061
-0.02469580267 0.0110394218 15.32479138
-0.00137232647 0.01692492752 12.37620354
-0.02690219508 0.04933923086 11.34336003
-0.02767394717 0.05156423176 11.7982801
-0.02277677209 0.04349936829 11.20607788
0.01007636001 0.009099173287 9.539025619
-0.02980873944 0.00164811429 19.38919782
-0.03365995695 0.02104951974 17.25476427
-0.02824814693 0.01675560873 16.89836244
-0.06602886406 0.01744483473 27.28889846
-0.0320408255 0.01706899127 16.67992332
-0.005376907457 -0.001974066565 11.1592025
-0.02517018908 0.0114613846 16.10064642
-0.01859409064 0.008098458791 13.81755592
-0.01233145872 0.0265722373 8.613664978
-0.03494012321 0.02450349213 18.40152315
-0.04187216209 0.04248523075 18.37573614
-0.02097146598 0.0114922233 13.55140573
-0.03443798066 0.01230897456 19.63146484
-0.02864370357 0.0003642370185 18.61196694
-0.01116270987 -0.01121010574 11.49584317
-0.007701417123 -0.01433325888 9.940842943
-0.01943929596 -0.02031724643 17.41200769
-0.02866756316 -0.02508588021 23.52558611
-0.02259301451 -0.02626210418 19.84902345
-0.006655079812 -0.03873074628 11.68890293
-0.0164308832 -0.02953744439 16.91844605
-0.0105423574 -0.03544429663 13.51134988
0.02166256588 -0.0250678115 -10.05903428
0.03112505378 0.01415856686 -21.88578835
-0.000651231386 0.001906784502 3.24946962
0.003581699702 0.0003374402084 0.3708120719
-0.001441419088 0.003455163227 3.733852802
0.1461504817 0.0436302136 -119.5360344
0.05480682683 -0.01930762032 -32.55218913
0.01912658222 -0.04365334729 0.3791114375
0.05960835611 -0.03438190727 -35.95357109
-0.008304066719 -0.01585172768 23.03499128
-0.07218028877 -0.04879885965 85.57909636
-0.05027852239 -0.05572448981 65.33561505
-0.03871129104 -0.02805699496 51.02567639
-0.02039803715 0.0253076808 25.86958101
0.051514649 0.07368183489 -51.72640277
0.04090038539 0.03946110928 -35.91452396
0.04250601704 0.01816386749 -34.15655105
0.001348265969 0.03207366898 7.646813869
0.01390588671 0.03523081618 -6.093010359
0.02237557336 0.02643549236 -14.28127931
0.02628596801 0.01432888579 -16.81513699
0.03043787186 0.03640952777 -24.50235824
0.02424920366 0.02864179657 -16.39821115
0.03381883905 0.007026157726 -24.47562256
0.03380519722 0.01824168642 -25.93465413
0.0296522858 0.01294839482 -20.26223043
0.0381884491 0.03052166744 10.57111238
0.03282496365 0.00767887222 14.33773051
-0.03428180583 0.02844493514 14.59892687
-0.04741756101 0.03041792799 14.04936629
-0.03295950799 0.03443928494 12.31922207
-0.01203264744 0.03801677932 9.537221479
-0.00988641008 0.003322608924 15.30750937
-0.007748977647 0.04471610426 9.471863651
-0.03695201555 0.0451735893 14.51872544
-0.01768395127 0.01486218669 14.61423573
-0.04419949022 0.03826498926 16.92240817
-0.04220087613 0.03155204471 17.89501615
-0.03720195351 0.008540748285 20.28950628
-0.05386372854 0.009887238808 24.91837382
-0.04383649483 0.01148401477 21.35440148
-0.01390995975 0.01090068673 11.90153194
-0.01263297152 0.01482586137 11.2093972
-0.02529206899 0.01801400301 15.02014324
-7.747527255e-05 0.09026925121 -6.845455675
-0.03019215086 0.06047777336 10.89625702
-0.04653597495 0.05890539902 18.1294944
-0.04276823219 0.0785316139 12.99492982
-0.033172036 0.04550811983 13.92245585
-0.02461203157 0.04345725078 9.574726866
-0.03053833487 0.05404991087 11.31600834
-0.04031005831 0.04123887075 18.93579264
-0.03853236783 0.01926128965 21.96270201
-0.0506446077 -0.008922929389 33.80855184
-0.03152574357 -0.009400359384 22.84505074
-0.02345796385 -0.01605623824 18.71599295
0.001271176961 -0.02975927045 5.076073187
0.3457864466 -0.04931799012 -223.2036427
0.04907804222 0.05775040254 -41.11222796
0.02636807823 0.06339605031 -25.67978868
-0.0209960634 0.06246906107 8.97518497
0.007546821821 0.04341559122 -9.621224224
0.04712443152 0.06165130966 -43.78344269
0.1470520269 0.06243153687 -123.597031
0.07515114372 0.02353847574 -57.68368816
0.00987487392 0.00393894166 -0.5642228512
0.06856484519 -0.0001086137315 -49.09209961
-0.02220970878 -0.0005017915692 31.72469168
-0.09158511434 -0.02306597228 98.92468871
-0.01905221445 -0.0004292530028 27.5689968
0.00531633224 0.005455191871 3.92599975
0.01984301755 0.009393039316 -10.48461458
0.04455172523 0.01688159574 -36.15722886
0.03977068887 0.009323975233 -30.21738743
0.04152676091 0.001800707271 -30.87474868
0.02483015812 0.007062243152 -14.08446446
0.0225995578 0.01076621678 -12.48560018
0.03415785557 0.007550601551 -24.58210183
0.03249829529 0.01337673962 -23.75706144
0.01558414996 0.01327962253 -4.008574305
0.01858166404 0.01052050812 -7.181340334
0.02426111137 0.003863845443 -12.60414189
0.03247283689 -0.002453397173 -21.47340058
0.01688962074 -0.004283416926 -2.049677834
0.03313277715 0.07165250278 3.553248384
0.02670684847 0.06163105276 5.367860877
-0.03597317512 0.05131763458 10.58509898
-0.04608912669 0.09506556572 2.300493348
-0.01437585013 0.0991519598 -0.9805884203
-0.009492015728 0.1380522661 -7.805635496
-0.01425344972 0.110023553 -2.075421098
-0.02962164261 0.4289145992 -56.67772016
0.003513529726 0.06818577051 11.27349304
-0.03793408741 0.04217742096 24.03100934
0.01250022707 0.6576275792 -105.1882141
-0.06028918097 0.0781805365 14.75419096
-0.04824473612 0.02896356824 19.70655194
-0.07415930212 0.0398535299 25.05139577
-0.03813751028 0.02470619037 17.04351687
-0.02557640313 0.04815126703 9.19662933
-0.01142235323 0.01826844019 9.873323422
-0.003606330853 0.1279832451 -11.37138149
-0.001394588287 0.1329229928 -13.24311877
-0.02117526216 0.09832094812 1.792634397
-0.05065584746 0.1043670649 13.20676233
-0.04402237795 0.1127685591 8.227438689
-0.03816114199 0.1091320439 6.199706138
-0.03952101445 0.128424178 2.519117079
-0.02116926243 0.1221718649 -5.377038012
-0.03363111138 0.08212298482 8.202406007
-0.02893181595 0.09669151114 3.094808256
-0.007389715474 0.2596860272 -39.82628524
-0.0006357713867 0.3187890971 -55.46986859
0.00710560937 0.305162592 -57.63030982
0.03160399483 0.2784879824 -68.72967076
0.05938594429 0.2013741965 -73.49375051
0.05859636115 0.1837436108 -69.92596706
0.01388888649 0.1361654415 -29.59086826
-0.0003248212769 0.1737040951 -25.78550376
0.06797429826 0.1393644838 -72.31804225
0.03601717796 0.2261977983 -64.11671956
0.09953664369 0.1103167437 -93.58077145
0.05560080009 0.105154376 -56.23613302
0.02641439419 0.02754001083 -18.01495499
0.001818782101 0.06467654616 -3.427671562
-0.004893257089 0.1055102913 -3.417175736
-0.09104320018 -0.006900795829 95.54095763
-0.01334630335 0.06229342699 11.01207547
0.009721854022 0.02742249678 -4.057938115
0.02091258063 0.02577676555 -14.42944142
0.02447935466 0.01128888485 -15.13928457
0.02784858147 0.006673012412 -17.64564294
0.03106977692 -0.002570179775 -19.30504129
0.02911729653 0.04252777644 -25.29699596
0.02243628645 0.02063237199 -14.24285336
0.02684613607 0.01384443173 -17.72782852
0.03210454403 0.0190093066 -24.5543291
0.02463048979 0.001240462147 -12.65757075
0.02538158537 0.01443734771 -16.0603905
0.03205035447 0.0158552962 -24.31661391
0.02308126092 0.01510739479 -13.35531353
0.019966793 0.007537430984 -8.030631022
0.03881591621 0.07513575972 2.895544725
0.02547449834 0.07110927276 4.210437975
-0.007046564413 0.09946281853 -0.5447703505
0.03090619184 0.1286440196 -9.741258165
0.1058089822 0.2403724364 -38.52085399
0.05235758193 0.1098460701 -4.564180726
0.02263365508 0.1384672048 -7.312352189
0.03940779205 0.1304270416 -8.361062554
-0.002415282582 0.065806826 12.81326666
-0.04895731939 0.02033373778 31.03789855
-0.06210867215 0.02789162988 32.26232026
-0.1035670884 0.05641423152 36.3216203
-0.06740102739 0.09316960472 13.00377007
0.02918142545 0.1236379467 -21.22639804
0.05453752103 0.1595966299 -36.87705885
0.02896443988 0.109586185 -16.7354899
-0.008046062181 0.06476349662 5.497603168
-0.04730698949 0.1106225288 9.546917402
-0.02635653146 0.099286756 2.906789706
-0.0195034863 0.04584751453 10.88904866
-0.03953970264 0.08405698948 11.91541527
-0.04286824805 0.1322108837 3.618109509
-0.02376425202 0.1576614561 -11.06722916
0.01409712914 0.2466199164 -48.25162703
-0.07205798362 0.2183506448 2.168006757
-0.02974863733 0.3218470522 -40.06227686
-0.0003283906707 0.3651032198 -65.45533135
0.01075766354 0.3346982141 -65.55188329
-0.0005613546736 0.3235961739 -56.43785527
0.007141403817 0.323593499 -61.35842478
0.01775645974 0.3144819821 -66.50941765
0.02698244554 0.2982635942 -69.28711719
0.01630670448 0.2845705245 -59.22799524
0.01414526137 0.2553254679 -52.09002237
0.00163897101 0.2781034407 -47.47520993
0.01633356249 0.2698939309 -56.98373862
0.02419303567 0.2814616977 -65.49859145
0.02846481747 0.2416491092 -60.98579585
0.02400293937 0.2398340995 -56.90948626
0.03161980584 0.1992638801 -55.12296168
0.0318005075 0.1657050945 -48.197929
0.01749623061 0.1909207546 -40.92728698
0.01021018074 0.2199492198 -40.40995372
0.003476980273 0.2867189185 -48.28285613
0.01241790856 0.307510705 -61.08876013
0.01677353468 0.3177232526 -67.42241192
0.02087001642 0.3031398755 -68.4378265
0.01413386656 0.3000167303 -60.80009674
0.005133772323 0.3006491808 -51.70933368
0.03489818433 0.1890256733 -60.07285986
0.001331132583 0.2660984364 -40.27306545
0.01236433329 0.300922802 -59.52914427
0.006308710969 0.06628321994 -4.670705416
0.0172050816 0.05559938181 -14.6715302
0.02005410089 0.04139312874 -15.00622571
0.01256670666 0.0685026204 -11.5106839
0.005924202311 0.05494333731 -0.3361094963
0.004234778173 0.0672890982 -0.4347716254
0.03994341035 0.08653362444 0.2731377936
0.04128511155 0.1101014658 -5.368565916
0.06288655609 0.1779483553 -21.85562109
0.101359144 0.2126480634 -32.01624564
0.03613879221 0.1208328173 -4.067392125
-0.008490372085 0.1129368052 2.311090344
0.01699591476 0.1097516605 -0.5714015441
0.002466312833 0.07344143193 10.12250674
-0.05461439427 0.0214151541 31.73089296
-0.0603124589 -0.006592383645 39.00364035
-0.04887896272 0.01241023557 32.13359418
-0.05442199205 0.02443421334 30.94637105
-0.006321748649 0.1546447747 -17.58724572
0.006161219612 0.1165220541 -12.31037707
0.0178577909 0.09249095493 -10.14046897
0.01754258744 0.03949538545 1.722412752
-0.01002139719 0.07112153368 4.301778091
-0.02262133162 0.1544243807 -10.11584448
0.005191731926 0.2879300983 -51.63567501
0.01295382676 0.3265006686 -63.58509991
0.02349937697 0.3032102398 -63.3817076
0.01427711788 0.3414155814 -68.21066878
0.01273513057 0.3421052896 -67.71324571
0.00239175183 0.3380696743 -61.26178605
0.004854821725 0.3457511467 -64.36504389
-0.001596322043 0.3441586658 -60.62705367
0.005167473172 0.3478493155 -65.02283867
0.0007852426414 0.334167517 -59.4797402
0.00344947444 0.3287383073 -59.58412794
-0.001407188316 0.3327005553 -57.5703866
0.008520409891 0.3278257712 -63.10987929
0.02250194556 0.3257155279 -71.87101914
0.008826609747 0.3277967681 -62.90135215
0.001615791598 0.3265075845 -57.7079948
-0.0007214766939 0.3216798874 -55.02725182
0.01441664607 0.3036152639 -62.44427292
0.01559116086 0.3025571261 -63.07244124
0.02374270789 0.2892261387 -66.68566554
0.01746496249 0.304454426 -65.00714066
0.01576737832 0.2938084935 -61.43689623
0.01952361139 0.2653878764 -58.5646857
0.009221351559 0.2871936191 -54.14157604
0.01475658492 0.2758660542 -56.54464834
0.01627716979 0.2812839558 -59.10861082
0.0193780433 0.2805918954 -61.82456302
0.01983343196 0.2803820705 -62.0962545
0.02461491294 0.2896749688 -69.09365043
0.02459421486 0.2983551467 -71.08446755
0.02194265525 0.2879503658 -66.16450409
0.009539859239 0.2933613689 -54.45786529
0.01868532599 0.3025862615 -66.4811674
0.02289418804 0.3010795623 -70.82985544
0.02685770656 0.3380423675 -84.20221567
0.00324533595 0.3520141353 -60.83916769
0.009397864761 0.348376439 -67.18663076
0.0329600414 0.3689248783 -99.55623874
0.003057188671 0.3691916673 -63.60092337
0.03003669287 0.362631239 -95.23809753
0.06308872158 0.1402248305 -12.75437584
0.07971799606 0.1493946074 -15.2209952
0.07993931067 0.1697493698 -20.41207031
0.0498681008 0.1281772375 -7.336425942
0.02082183862 0.08699470366 4.944307956
0.009967224468 0.07395863799 9.480981987
-0.0096703362 0.04672142316 18.64015901
-0.03295201437 0.04380839951 22.69937646
-0.07063748715 0.03783550122 30.35011365
-0.07219166442 0.02728488216 32.80403845
-0.03622426624 0.004504478473 31.09232489
-0.0359918549 0.04347243094 21.51261358
-0.01436749682 0.2599429681 -38.92080495
0.0002723834443 0.3417187117 -64.16182011
-0.003825534174 0.3654240512 -68.58644277
0.0132102289 0.3653694254 -73.99175381
0.03252715937 0.3341737052 -73.09597383
0.02468950738 0.3778042897 -81.15960343
0.02365524545 0.3547257037 -74.98041523
0.01744457008 0.3391160908 -68.53749523
0.01073013018 0.335130627 -64.60711575
0.007188793741 0.3417871511 -64.60624016
0.00710759946 0.3334744316 -62.45613978
0.002420029656 0.3276110563 -58.67573979
0.0002976330476 0.3325046402 -58.84732867
0.003853485363 0.3387933987 -62.20589769
-0.0004915524471 0.3391528478 -59.73806565
5.128117164e-05 0.3273428192 -57.15745879
0.007121981741 0.3345248163 -63.36962441
0.006750975469 0.335642407 -63.41336927
0.002565027395 0.3451549769 -63.05155591
0.006653454838 0.3338644002 -63.03993345
0.01691049693 0.3265285473 -68.07973429
0.0005033839408 0.3401146024 -59.89924767
0.00614124877 0.314084232 -57.37822657
-0.0131683258 0.3493573202 -51.9846467
-0.0007209575652 0.3290321526 -56.74791976
0.01654904958 0.3065656858 -64.92158574
0.02083099758 0.3079629796 -68.34879779
0.0163874716 0.3127421221 -66.15998817
0.01608842483 0.2922507814 -60.76266625
0.013760203 0.3054927673 -61.9936653
0.009619736809 0.3078354646 -58.39472698
0.01169432844 0.3175676302 -63.36413422
0.01426686015 0.2848829905 -58.11700853
0.007438379329 0.2840704692 -51.1507778
0.008223810243 0.2818837625 -51.1763391
0.02100798116 0.2658617316 -60.10219893
0.02154692412 0.2545355571 -58.03901978
0.0157981456 0.2865609672 -59.58383047
0.02875095783 0.2539384316 -65.71335664
0.01918106505 0.2860020535 -63.34132956
0.0115588681 0.3042202192 -59.11229841
0.03198476201 0.3154875469 -85.30495516
0.02353294021 0.299367787 -71.78578423
0.01396749793 0.2798837576 -55.2584332
-0.002549725991 0.3210532713 -45.68693307
0.004177461078 0.2994453294 -48.47892843
0.06081755478 0.1899741536 -25.59288021
0.06166587538 0.1427263358 -12.73611542
0.05310936974 0.1185192766 -5.927551225
0.03119080263 0.09800009364 1.089336397
0.001363402598 0.0676316101 11.41105933
0.005281990058 0.04088225187 17.87976773
-0.01640548581 0.09140724819 7.203720344
-0.04240962672 0.05380398979 21.4340569
-0.03710771581 0.1031900802 7.071988639
-0.01310204194 0.294111592 -49.56404079
0.007619900112 0.3159963188 -59.40701893
0.03539578437 0.3356399483 -72.22181739
0.02247125669 0.3509806891 -72.80688115
0.01558170843 0.3604887366 -73.53924211
0.01134443344 0.3599775615 -72.00693367
0.01662607187 0.3591804756 -73.53047828
0.01777150965 0.3557802131 -73.00603707
0.01598676318 0.3513077899 -71.05006261
0.01704121601 0.3520840261 -71.71350637
0.009098847436 0.3479208006 -67.20692562
0.004664159708 0.3311310017 -60.82611642
0.01379813738 0.330583089 -64.88332049
0.008238572459 0.3315101699 -62.50652772
0.0008315336399 0.3311585524 -58.79833468
0.007824499627 0.3318392977 -62.66342951
0.01048964681 0.3323575249 -64.3039403
0.002248365611 0.3287720515 -58.79323079
0.0002116883361 0.3288114377 -57.57005686
0.005302386491 0.3442256307 -64.77192357
0.0005805005454 0.3362961141 -59.56242612
-0.00527978124 0.3310687811 -54.35959748
0.004409133878 0.319780535 -57.61180656
0.004851132093 0.3205614163 -58.16752975
0.007668440693 0.3277129599 -61.71659763
-0.004139349268 0.3349055945 -55.16790376
-0.000826260684 0.3272434193 -55.53845604
0.006474863136 0.3268468844 -60.35645979
-0.01989282771 0.3722754203 -52.53692865
-0.01498287976 0.3373261165 -47.00107454
0.01123745278 0.292934398 -56.92622781
0.0254422394 0.2911580986 -68.02180573
0.01474332481 0.2941499248 -59.96048608
0.01530147788 0.3107409457 -64.72110404
0.01017874821 0.3027947891 -57.8650811
0.003740881639 0.3110797881 -54.05962536
-0.008516213189 0.3019690726 -39.17433756
0.002881332883 0.3172099679 -54.06212568
0.0007423772502 0.3456917373 -59.6606958
0.02342572123 0.182569012 -40.67529429
0.02563662069 0.2223903895 -53.77998912
0.02414712873 0.2442384273 -57.79876979
0.02743123349 0.260824257 -65.34731294
0.01383733513 0.2787221554 -55.50704584
0.01628653572 0.2614479701 -53.85484698
0.02191128849 0.2536194913 -58.3155822
0.009093281915 0.2491219564 -41.8077153
0.0001621260793 0.2591335484 -33.48949492
0.01765908297 0.2583702643 -54.60978682
0.01555223065 0.2558306437 -43.72179487
0.02393030279 0.2419234091 -40.21513997
0.0482880348 0.1199560407 -6.557076388
0.01281022076 0.2032778153 -27.91327083
0.004372616369 0.2666935257 -45.15011062
-0.009612632509 0.3345698209 -63.34557267
-0.01780271032 0.2806606144 -46.33634676
0.0007049177985 0.369764243 -74.44260173
0.02600644033 0.3737370085 -79.90593656
0.01636642668 0.3476171624 -70.3226163
0.0195870427 0.3536883567 -72.87985778
0.01302343236 0.3581817049 -72.49375489
0.02383965629 0.369529634 -78.4461638
0.02169529404 0.3686483961 -77.68226228
0.01873219987 0.3591491897 -73.94242207
0.01453057912 0.3536871983 -71.15746229
0.01462254128 0.3512448421 -70.41706622
0.004557461181 0.3383341004 -62.96979175
0.010411742 0.3462430248 -67.55717292
0.008528077139 0.3368785828 -64.06905239
0.004156661745 0.3269161397 -59.28110523
0.0005850967481 0.331281496 -59.03428754
0.003762739606 0.3278320856 -59.41362835
0.009720219015 0.3236318209 -61.14535038
0.002872874776 0.3284919852 -59.06443273
0.0009216273301 0.318985974 -55.24631795
0.005597963032 0.3293031791 -61.00683837
0.008955907068 0.3288374438 -62.79219177
0.006630371384 0.3313055406 -61.98185876
-0.003579890215 0.3295841056 -55.16514604
-0.008760815006 0.328054624 -51.50078606
0.007177811839 0.3224507174 -60.40735972
0.01328050592 0.3245711555 -65.28158907
0.02728696837 0.3092395348 -70.80600505
0.0004281444666 0.3396238944 -59.63796376
-0.01337666869 0.3501725885 -52.41265127
-0.006722832542 0.3334887349 -52.82491307
-0.004508468434 0.3282603584 -52.48815938
-0.02161178934 0.3299890582 -37.92296657
-0.03517349248 0.3420490943 -31.2994379
-0.01636111844 0.3001124422 -34.74439106
0.0154301388 0.2811044551 -57.15438946
0.02425089026 0.2603150954 -58.19907724
0.02134720578 0.2693133529 -57.85950034
0.0162089541 0.30814916 -64.74474538
0.01249303226 0.2837511141 -54.45295234
0.0216993057 0.2744278206 -61.15317656
0.02010455831 0.2511507416 -52.91335608
0.04132237598 0.1809665053 -54.13817386
0.05414858395 0.1821512172 -68.18624734
0.0535517023 0.1435074473 -55.61067736
0.02870129884 0.2128500195 -54.64690132
0.03485873873 0.1952124616 -56.54125942
0.04088824171 0.158079105 -52.59568743
0.01945760163 0.2172949614 -44.26137628
0.02852907727 0.1936212345 -47.49539543
0.01491629835 0.2354872911 -44.84926496
-0.002073370036 0.2519764501 -28.92002793
0.04406294958 0.3122611047 -61.0406176
0.04500426568 0.3295292775 -66.58834693
0.02286478867 0.3079540404 -58.4578678
0.02862698571 0.3271667509 -64.7547649
0.003350686836 0.320554208 -59.55255387
0.004263154834 0.3326046569 -63.67744423
0.009690909342 0.3288871658 -63.30656173
0.01734276042 0.3695801385 -77.06648678
0.01449487324 0.3707064168 -76.77840253
0.01896942576 0.3715914537 -77.89140135
0.01575822586 0.3807377582 -79.93701196
0.01676188551 0.354260751 -71.91270938
0.01607846481 0.3549676009 -71.90908023
0.0135507211 0.3542303155 -70.96560026
0.01326680979 0.3462214827 -68.40193421
0.007870103064 0.3341066127 -62.95691208
0.008264342607 0.3356822891 -63.68545101
0.006064740492 0.3333602757 -62.11915135
0.006870713704 0.3343139537 -62.61879532
0.009408220416 0.3324430071 -63.1093176
0.006168644844 0.3406751355 -64.4386526
-0.0007791002241 0.3308009944 -58.12939269
0.00461907921 0.3303018123 -60.54697562
0.0007776432842 0.3269377883 -57.63686893
-0.003421204544 0.3271851474 -55.37816987
-0.004309026062 0.3245255271 -54.10983589
0.009138712819 0.3282146024 -62.72488933
0.007759452685 0.3351194273 -64.00734196
0.004269985423 0.3260609005 -59.00530841
-0.001857912833 0.3272692127 -55.4584273
-0.0002238557952 0.3320662748 -58.19950237
0.006631738143 0.3390225967 -65.04908438
0.006361672087 0.3287582866 -61.63073133
0.01051102066 0.324560127 -63.27317658
0.0335316498 0.3078783694 -74.95957217
0.007591789809 0.3237813672 -60.20466014
-0.01501409703 0.3585010166 -53.79778452
-0.01911673286 0.3457683652 -46.60205296
0.0147098383 0.2972452612 -58.90164501
-0.006689820441 0.3326755272 -51.46888833
-0.02555801931 0.356824549 -42.20466143
-0.01764167588 0.3165515717 -38.09649369
0.01218390907 0.2756715916 -52.35784518
0.01577045589 0.2824775377 -57.69277305
0.0281739543 0.2514740107 -59.60138832
0.03606478292 0.2360068594 -62.11826455
0.02454475445 0.2602833819 -58.30468423
0.008136106165 0.2748644993 -47.58179439
0.02662011833 0.2425089558 -56.72405628
0.0276426037 0.2412920162 -57.66325501
0.02003728981 0.228185943 -45.53346966
0.01844535559 0.2400491258 -46.7141578
0.04046034853 0.1929404865 -56.7258096
0.09205087174 0.06371414648 -74.47280242
0.1005421802 0.01926615598 -70.99918763
0.03519460119 0.1583333682 -46.2548775
0.03552436857 0.1306252939 -38.20962297
0.02441235849 0.1878393597 -41.42368802
0.04892196172 0.3510911565 -73.56117766
0.01160298428 0.3554474448 -72.88007569
0.04459491096 0.3511651661 -73.38779706
0.03768159576 0.3577641379 -75.27429943
0.02338201909 0.3521960909 -72.346088
0.02517187096 0.3650448677 -76.8242529
0.02830904688 0.3699430742 -78.72426389
0.02017985459 0.3592194968 -73.84685026
0.01549846852 0.3571543055 -72.43545176
0.02043804 0.351424908 -71.36875185
0.007582801958 0.3502727283 -68.25045854
0.01579794657 0.3487189272 -69.73557551
0.01150239854 0.3385691869 -65.3376439
0.01111192331 0.3332243322 -63.50319675
0.00588934053 0.3357958201 -62.85841184
0.006286028751 0.3397324092 -64.33448969
0.002151681698 0.3304772359 -59.71582783
0.004051857432 0.3301267074 -60.33624746
0.007254284706 0.3246486555 -59.72557875
0.01174884106 0.328608683 -62.90301138
0.004125394665 0.3300152895 -60.12386018
0.0008769211736 0.3286017336 -58.15168662
-0.00317844832 0.3272288505 -55.7292337
0.003401412824 0.3264540158 -58.66525549
0.002327788009 0.3315408304 -59.92061813
0.006803576811 0.326661629 -60.83188325
0.010318107 0.3390521992 -66.8564846
0.01088142046 0.3371701613 -66.57558417
-0.0007232244322 0.3289832952 -56.82079095
-0.001511260812 0.3197537768 -53.10695752
-0.0004465554834 0.3354943995 -59.10081743
0.004251245233 0.3335416096 -61.61400045
0.005557250887 0.3329936081 -62.44414872
0.006610503543 0.324511212 -60.47788625
0.01522206039 0.317277041 -64.42430577
0.03044571335 0.3033133476 -71.25329191
-0.005192861956 0.3430080682 -56.11690207
-0.01594227951 0.3688436246 -56.27574022
-0.005927545023 0.3502638972 -58.56418876
0.03412631289 0.2885112739 -71.97890384
0.06134018632 0.258174732 -85.38674868
0.1009602391 0.182105867 -94.64724198
0.004799043136 0.3035532364 -54.06275399
0.007667322378 0.313660934 -60.141517
0.007523068561 0.3012361027 -55.88743087
0.02425132354 0.2797119343 -64.96826259
0.03718305759 0.2349884455 -62.96190889
0.09169351113 0.1114210369 -76.74023427
0.1010181224 0.1001462679 -82.78241743
0.08251362043 0.1068903699 -65.12969785
0.03094494706 0.2477713149 -62.84599463
0.01796447635 0.2594881848 -52.16207507
0.01349944396 0.253578444 -45.20284238
0.01051825681 0.2601586428 -44.0865203
0.03491779303 0.1967595744 -50.82588253
0.04788462428 0.1919679356 -65.64689419
0.07662490892 0.06338063373 -56.17357938
0.08771337872 -0.0226180002 -40.83236144
0.0482021751 0.3658324088 -78.55616585
0.04768648874 0.362565837 -77.39717931
0.04587971972 0.3603303779 -76.47260825
0.0266243897 0.3686220337 -77.98088535
0.02322037067 0.3649926343 -76.4218704
0.02336694992 0.3703232036 -78.33575857
0.02004570277 0.3539460912 -72.10572337
0.01683805301 0.3492989088 -69.91502046
0.01397777264 0.3566354951 -72.00359014
0.007520532646 0.3440528366 -66.26254597
0.01416237181 0.3305816843 -63.08598877
0.003764580072 0.3334927452 -61.56659111
0.004754823643 0.3284314576 -60.22897855
0.01628652637 0.3242979361 -61.75817622
0.005883044166 0.3315632988 -61.30100698
0.003159567709 0.3334504854 -61.10871079
0.002996573829 0.3161817932 -54.94062932
0.004703516256 0.3279756143 -59.70368082
0.002111078026 0.320943152 -56.2586177
0.01323637552 0.3201925478 -60.5510565
0.006130248032 0.3327399087 -61.91334384
-0.000607384215 0.3248431924 -56.11098872
-0.001276700854 0.3299016163 -57.62932495
-0.002167261138 0.3189185012 -53.18068516
0.005370268621 0.3125193701 -54.81708501
0.004510829463 0.3239046235 -58.44918636
0.005010061894 0.326284254 -59.52044698
0.006159143407 0.3184273681 -57.31001902
0.00468508161 0.3296569695 -60.39722905
0.00361135454 0.3181482536 -55.72619725
0.004506853489 0.3269373042 -59.38758015
-0.002825211576 0.327908713 -54.9195502
0.004891571131 0.3202145334 -57.56605415
0.012994114 0.3184694234 -62.70752173
0.006843879444 0.3210656062 -59.15726439
-0.002013991303 0.3276089539 -54.9269622
0.03862407658 0.2971573342 -75.54537099
0.005738966907 0.3538842544 -68.56164482
-0.01789826955 0.3650739436 -53.366068
-0.01455457608 0.3481142486 -50.3591716
0.0005126114872 0.3242198713 -55.03751156
0.04109738432 0.2370093991 -60.01082585
0.09891956295 0.1675053281 -87.85000323
0.1564999023 0.0897554287 -113.0381245
0.001997483273 0.3162431428 -55.54457867
0.004555953557 0.3066263744 -54.55088988
0.005721776614 0.2970998432 -52.41777473
0.01092003217 0.2915108038 -55.77764091
0.05302828792 0.1783207216 -59.51113083
0.06129669534 0.1102841441 -43.97962054
0.08054531033 0.09216314694 -58.11763655
0.1201352008 0.02501111455 -77.43891448
0.1437305934 -0.01155699512 -90.55607237
0.01631786781 0.2439314989 -44.9734031
0.01978027956 0.2408873854 -47.95721211
0.02802444672 0.2397348442 -57.52185134
0.03364143974 0.2797005389 -78.41271344
0.04481997711 0.3013209365 -99.82252741
0.04538500463 0.3743872975 -81.54669768
0.04115464999 0.3690336278 -79.43650594
0.02735169281 0.3459605232 -70.20536755
0.01836702939 0.3147024289 -58.15284356
0.02088673512 0.3109215485 -56.90940718
0.02489304378 0.353197215 -72.5865305
0.02670031106 0.3163211513 -59.60413866
0.01676746694 0.3213508055 -59.97997467
0.01446105187 0.3371094431 -65.21627655
0.005420052065 0.3227489512 -58.37444348
0.01207996725 0.317551434 -57.90851869
0.008180095664 0.3069767658 -53.15456969
0.006806135524 0.3226115542 -58.4545446
0.007291894925 0.2961272786 -49.00816813
0.008552233282 0.3088151592 -53.98954533
-0.0006354844548 0.3159532494 -53.63729941
3.056741821e-05 0.2949473108 -46.23695152
0.006257427318 0.3031445387 -51.44951231
0.003078876137 0.295391574 -47.47090288
0.01552453011 0.300525387 -54.46769311
0.005390356079 0.3081079164 -52.7856357
-0.004897810486 0.3011720283 -45.63215747
-0.002658490732 0.3008885465 -46.63369221
0.0006436412818 0.2971014409 -46.87075366
0.003475087741 0.3148492617 -54.79130899
0.01324894418 0.3082927598 -57.63487679
0.004687362631 0.3137533195 -54.87902405
0.003996982983 0.3086571533 -52.61239257
-0.0007104864629 0.2962189157 -45.17071488
0.00964498267 0.3010002009 -53.40511958
0.005682632745 0.3086452374 -53.64534206
-0.004467039816 0.3127113882 -48.33905287
-0.005378196196 0.3053293771 -45.02302258
0.008538377447 0.295230089 -51.2352273
0.01010946843 0.2923996899 -51.43344305
0.006152669348 0.3081796813 -54.28109571
0.01415475302 0.2949329966 -55.75252991
0.04466277757 0.2917812747 -78.24930555
-0.003960950772 0.3290180262 -52.05185981
-0.01542833414 0.3390736068 -46.25095691
-0.004624772704 0.3301656872 -52.40990348
0.03000822663 0.2545014286 -56.00449702
0.03088456966 0.2153797275 -42.58113982
0.1080024357 0.1067703551 -74.03648572
0.155413843 0.09334543734 -113.41057
0.009709379613 0.276819147 -48.98818306
0.005067734396 0.2845998289 -47.10747724
0.007973447598 0.2632631201 -42.46526493
0.009379054296 0.1940462694 -18.92237732
0.0584772233 0.1363118458 -50.08898638
0.08118770647 0.05736974002 -46.3375723
0.1075430007 0.01940604657 -61.44704063
0.1330752321 -0.01021396457 -79.16336834
0.1371498078 -0.001792758649 -86.71810551
0.02701747542 0.2221320835 -49.77376791
0.03146750084 0.2352646151 -59.918633
0.05340381184 0.2556940087 -93.90436138
0.04796866241 0.2758023784 -94.54007083
