-0.007140581189 -0.01983525728 17.27930687
-0.01156136748 -0.01628007237 17.30254949
-0.01775497685 -0.01517742197 17.66840276
-0.01626778511 -0.00109258034 17.10930059
-0.00500698253 -0.01349206852 16.40790758
0.01235664008 -0.005190701453 2.846779779
0.01505443489 -0.006127912146 2.396332427
0.02553484938 -0.0146685164 0.8708786078
0.0497695434 -0.00627464738 -3.426739058
0.3966895792 0.09773046892 -70.91402823
0.001957680928 0.009543804216 14.04429629
-0.009868770789 -0.009141475011 16.93401225
0.002272202513 -0.008929317553 13.75506956
-0.002764161342 -0.007591323028 15.03572653
-0.01447681981 -0.02300280112 18.76750017
-0.05725163404 0.009994288096 32.28093655
-0.03482932999 0.01234429831 24.23023766
0.0437066419 -0.002783619416 -4.523748982
0.03008780419 -0.001407849689 1.432851366
-0.0183026184 0.003108669183 21.2910839
-0.04534363622 0.04671180899 32.32586573
-0.01533628077 0.0284977848 18.89133423
-0.007191361928 0.0360143033 15.37139706
-0.03166849071 0.02314399421 27.57273964
0.0009139280178 0.01164523052 4.367650906
0.001649656726 0.006893014548 3.972334305
0.001330102288 0.001352610301 4.202914089
0.006449153362 5.058518414e-05 1.390776837
3.765275636e-05 0.02521578285 4.979740284
0.001186719025 0.05229961574 3.542007899
0.001278012229 0.04615067717 3.931792061
-0.001339099081 0.02506809534 5.94775286
-0.002857518165 0.0006438950116 7.295241271
-0.007798996056 0.01580778951 10.73063139
-0.01804063839 0.007400428321 18.28586844
0.009975574007 -0.0962626245 4.851334515
0.005060983265 -0.04665838837 7.691926417
0.006466208526 -0.03587627994 6.740255947
-0.0130522381 -0.01541310656 22.39170449
-0.3083563926 0.005655048322 271.7683793
0.1451507769 0.04463621169 -120.5644238
0.1967833535 0.07714329253 -165.8583046
0.05992543652 0.01397829899 -39.22637204
0.05148806338 0.0202853485 -31.54985388
0.0725280582 0.003918784483 -50.9403077
0.07216839571 -0.004000949139 -50.09772555
0.05715902622 0.002414683387 -35.43726522
0.01828364537 0.01717804067 3.367304085
0.003948806816 0.02687444626 17.81172007
0.00983790692 0.02511595957 11.54147101
-0.02379063944 0.0144959475 47.50738996
-0.01772494467 -0.01029202608 42.38672992
-0.01638608601 -0.05177989421 41.63755723
-0.01817669733 -0.0290733679 42.84176778
0.03372861225 -0.01191885262 -18.38464457
0.004458877921 -0.03830017438 16.81343683
-0.02612039037 -0.01695760485 53.20185245
-0.04874253978 0.006916681242 79.43675415
-0.005827473494 -0.009874365069 16.96260261
-0.02670758945 -0.002084880953 17.29552147
-0.009475767628 0.007971573319 16.36248623
-0.01719060423 0.002025767468 16.6387517
-0.004661982883 -0.007134487656 16.20148598
-0.02668594045 0.0004695058536 18.36924493
0.002982994157 0.0006995600006 3.981471449
0.02229542554 -0.01196569665 1.365940223
0.05490334505 -0.01856921547 -4.054972958
0.04434931603 0.04478998134 3.977654478
-0.009037478902 -0.01068914555 17.05908709
-0.01469039229 -0.02222287148 18.53207836
-0.001752598838 -0.007619467933 14.81535741
-0.006463892916 -0.03529357895 16.87609437
0.003252021171 -0.03073745604 13.4002148
-0.008404498362 -0.01990713467 16.74944034
-0.02598034286 0.008569202416 21.66017137
0.02257039693 0.01677125305 2.933043064
0.03551565319 -0.00603833155 -0.7344900996
-0.001321948104 -0.02174238266 14.66022195
-0.02254716218 0.006635008049 23.01121756
-0.01026498806 0.02014550988 16.93692666
-0.006538825816 -0.002296063444 15.89804046
-0.01691653712 0.01244872632 20.60922158
-0.0308921732 0.01521149342 27.54651237
-0.002191770393 0.006458391206 6.137791557
-0.004330933582 -0.00185558895 7.432234759
0.009695447405 0.00208192381 -0.6206753003
0.01294563884 0.007546704318 -2.50798568
0.002248616115 0.02260077494 3.742938112
-0.004948470348 0.01714556618 8.615637472
-0.01428293207 0.008703782303 15.09518706
-0.007664506346 0.0006949171457 10.66498908
-0.007092720041 -0.001624026368 10.43481615
-0.004738947367 -0.0002230778374 8.554840086
0.3155270208 -0.1360597928 -229.0572403
0.02420883701 -0.06762502081 -6.548693305
0.01132599379 -0.04303299722 3.149094622
0.002868705462 0.004425611888 3.6891086
-0.04175068584 0.01539371786 45.04009411
0.06144750979 0.04646834551 -47.53139885
0.0867884484 0.043721417 -64.60984035
0.05994218479 0.01353813096 -39.31450766
0.07402624859 0.001108913267 -51.83564829
0.05914396488 -0.01085503342 -37.63756773
0.08259974951 -0.001889577944 -60.37957617
0.044675 -0.00334607186 -22.63607171
0.01169701925 -0.005856139429 10.80847505
-0.005901617271 -0.002993035367 28.90322244
-0.004988051311 0.01075206253 27.51670622
-0.03156960757 0.009803091301 55.88440561
-0.01274641453 -0.007969583643 35.38938439
-0.002269542868 -0.005277389748 23.92490304
-0.001575976402 0.01757086531 22.20422554
0.001660183663 -0.01129211662 19.25328485
0.001749721149 -0.01240060844 19.2849904
-0.01825145459 0.01238933741 42.64599963
0.06119022303 0.01445634968 -50.47975369
-0.002742908171 -8.501233264e-05 16.4833054
-0.001267969114 0.01273139377 15.75197955
-0.01048704787 0.008698946476 16.80332703
-0.02117083145 0.008795222755 17.29450637
-0.01715454687 0.007686394275 16.41122022
-0.01618628542 -0.01227895193 17.86415827
-0.02995637167 0.004805272332 18.52597252
0.04387482446 -0.0139615159 -1.868034969
-0.0004646808697 -0.01912293288 15.49817913
-0.002274530821 -0.02060751687 16.20728211
-0.03156566245 -0.03257280684 22.96609399
-0.007083837572 -0.03816863651 17.23007737
-0.01220367915 -0.02325602609 18.41738466
-0.01724943761 -0.04490499687 20.26005168
0.005441800375 -0.03904840898 12.81710832
-0.01141191317 -0.01209443063 17.11552509
-0.006321866092 0.01691958385 13.86057378
0.01655736806 0.01761057284 5.499189862
0.008899537363 -0.003637593052 9.844965909
-0.006355621177 -0.02032205785 16.78963693
0.005923396437 -0.01169507555 11.31334284
-0.01213126795 -0.01861674748 19.85320152
-0.02166197083 -0.004356737558 23.47265269
-0.01064908471 -0.007143576655 18.15587426
-0.01396166684 -0.005997273364 19.69322702
0.004522760856 0.007916870963 2.399927302
0.002911864653 0.002117602683 3.415359117
0.008847977739 0.0007719888031 -0.1637107064
0.02066798287 0.0006036845572 -7.163906899
0.00864887524 0.0005588550955 0.3870942359
-0.003918270565 -0.0005887289447 8.625321386
-0.02321195168 -0.005279702622 21.7469186
-0.007763859913 0.007770868359 10.34248052
0.001200774988 -0.001005179211 4.203409036
0.06032831393 -0.07478119441 -35.11795424
0.08972678828 -0.04959366035 -60.0579152
0.01586283065 -0.08183802403 1.380651748
-0.04198118626 -0.137825504 48.95744773
0.04726323602 0.02655805039 -34.24810319
0.081664177 0.06857492854 -64.10191641
0 0 -1
0.04336232375 0.005395418497 -23.77120286
0.05087923973 0.005750996243 -30.75335173
0.04791558957 0.00436982472 -27.97148691
0.07294812719 0.001943141734 -51.4192891
0.06873795984 6.501178052e-05 -47.01245083
0.03581298999 -0.008018702974 -13.82350891
0.007697622127 -0.008859803311 14.58005073
0.01039197018 -0.01482582532 11.98231217
0.008515257227 -0.00592231841 13.44063817
-0.01111832095 0.0137418608 33.57302024
-0.009942573832 0.02807463321 31.61918729
-0.00465322826 0.03473396369 25.43716392
-0.01268356789 0.06980299133 32.57257917
-0.02956028613 0.04819693443 53.0624748
-0.007282180631 0.04224134087 27.28584375
0.001556825896 0.04574675865 16.71969782
-0.006909141497 0.03901331881 27.74892488
0.003575928871 0.007794457977 15.89766795
0.007587974452 0.04219181096 13.22630083
-0.03383047939 0.0430976244 15.24521344
-0.04553815666 0.0253298153 17.48117477
-0.03439633548 0.008760431454 18.00417226
-0.02177742744 0.003160883473 17.33359126
-0.0164178845 -0.01088606556 17.54952661
-0.0117932904 -0.03209672624 18.28568253
-0.01286661043 -0.03953479197 19.13826427
-0.01594905738 -0.0252237402 19.44718222
-0.04432817369 -0.03117805006 25.90161619
-0.0363759582 -0.03291617229 23.94214086
-0.01701118138 -0.04314520267 19.93286846
0.0154146779 -0.02275424847 8.974078878
0.02070285486 -0.002134343553 5.948799466
0.008626325076 -0.0006906342741 9.732205839
-0.000310696567 0.01897918462 11.70310887
-0.009738082238 0.0143940273 15.51281762
-0.01281217715 -0.01593042944 19.08326358
0.004142417711 -0.02888335288 12.38199804
0.01364141465 -0.02754142222 8.686486131
-0.0003727056113 -0.03709066551 15.55194401
-0.009728703655 -0.03199157693 19.38056921
-0.01321981957 -0.01437489004 19.80387548
0.004998839374 -0.005708516888 2.739011131
0.006980854715 -0.003482870474 1.719107552
0.009283130227 0.003645068756 -0.4075768376
0.007527166218 0.01952382351 -0.4586786312
0.01093192857 0.006546681959 -1.541136544
0.0003935408931 -0.00177617091 5.741752843
-0.01045753239 -0.002895187379 12.8545435
-0.009452273591 0.009191569842 11.23253284
0.0008021135291 0.0257122052 3.016714539
-0.007446355241 0.01624239864 9.420085157
0.01111643466 -0.02928382732 -1.20748523
0.03151668174 -0.04556436952 -15.51477073
0.01463237584 -0.05892853071 -0.8926060106
0.01960502716 0.001838937667 -10.2414661
0.09279787358 -0.006410506148 -70.36747648
0.1582632381 0.009774165432 -125.9916288
0.1289529396 0.001421049572 -99.37012867
0.05070927736 -0.006104767448 -29.54884028
0.04669798322 0.003024009687 -26.89230153
0.06476847526 0.01107519367 -43.95719303
0.06614834811 0.005710791514 -45.2194406
0.08150375557 0.007397700809 -59.84637039
0.04168945781 0.01486586907 -20.78700035
0.01214554087 0.01394452309 9.136431898
-0.004252273039 0.01199857112 26.20569628
0.008627877428 0.01834139874 11.85053268
0.007971842491 0.01126010866 13.19622277
0.001242411605 0.02850108777 19.40328141
8.54916615e-05 0.04696131608 18.82131261
-0.009236785486 0.04272983515 30.04767047
-0.005788139806 0.06114536655 24.64141427
0.022164706 0.06012818499 -8.550388939
0.08790076798 0.5036182498 -110.9541397
0.04372571848 0.5085976239 -57.36885953
0 0 -1
-0.02112047546 0.06053377196 13.20905815
-0.05095792505 0.04707827262 15.93066297
-0.03511513106 0.02434773144 16.77378683
-0.0331681886 -0.0006989239205 19.1832845
-0.03548416338 0.01874662355 17.1064772
-0.01532485694 0.01097278809 15.35430577
-0.02543712641 -0.0159163379 19.68925183
-0.0713421826 -0.0275170066 28.11885501
-0.0009558089045 -0.01743065218 15.3061645
-0.03384224696 -0.009564057027 21.51434301
-0.03329547534 -0.0104572208 21.3600719
-0.004788570795 -0.0267651947 15.33712298
0.04211092032 0.1017619442 -9.649938289
0.03106516835 -0.02736493555 5.220873863
0.05499689722 -0.001841135802 -5.098889125
0.01966564266 0.0135049133 5.73332816
-0.02378203436 0.01068282002 21.82680562
-0.03387837256 0.007890843354 25.84503061
-0.008790571949 -0.0134126923 16.51332079
0.01528706679 -0.02160549648 6.964126216
0.01624657148 -0.03201638766 7.216789093
-0.01304365727 -0.03397097498 21.10817417
0.01304206277 0.002354454349 -2.250297972
0.009681679282 -0.0134833618 0.9799312722
0.01222924796 0.00354896741 -2.026373804
0.0165609657 0.01001253645 -4.906327215
0.006529631914 0.006596370347 1.345907864
0.001990261769 0.003763053188 4.302193257
-0.001524385459 0.00378244523 6.514693133
-0.002573939484 0.005742282892 7.013834415
5.659816486e-05 0.002001262675 5.560095261
0.1442087922 -0.04816419692 -85.92114616
0.02785517864 0.04429219984 -12.0102162
0.01583196561 0.02471267729 -1.473182578
0.008213245793 0.01899343684 4.708447514
0.00373510989 0.01120087487 9.156209161
0.04019471228 -0.008993046624 -26.01845672
0.1310649803 -0.006402351615 -101.3473623
0.1626464906 0.007774196591 -129.364705
0.1333774437 0.01145689738 -104.298243
0.07003532286 0.001719186568 -47.61487152
0.06017254382 0.0007119021517 -38.95343093
0.07808483992 -0.006515236632 -54.65131064
0.06245449984 -0.001387715652 -40.97787912
0.09845405888 0.003069593423 -76.09763305
0.05354390403 0.02950145725 -34.05347689
0.01132809915 0.04030389347 7.472194305
0.001314656764 0.02298559162 19.39452441
0.01568950885 0.02631429134 3.769495664
0.02195622954 0.02951043409 -3.408023874
0.04967622996 0.1265504967 -43.55098998
-0.0005487747726 0.03579541513 20.21834489
-0.008011521551 0.01996834014 31.02615506
0.006116709632 0.7492644498 -49.88129417
0.1028077662 0.02296335985 -86.24311873
0.07484566341 0.04190156053 -53.84642847
0.06180768037 0.02345636263 -36.05281817
0 0 -1
-0.05631359075 -0.009662375598 39.54285262
-0.06336183557 -0.007066173148 39.34529766
-0.03776236208 0.0220308575 17.2841522
-0.04025099855 0.01530111143 17.95017859
-0.02802433603 0.01163175266 17.71482936
-0.03673481155 -0.003855251292 20.14454258
-0.03753173798 -0.0353939027 24.08964275
-0.1290079579 -0.01034192649 36.02453241
-0.04205813831 0.0253771823 19.77200677
-0.04019978328 -0.009949448855 23.03261599
-0.04033583913 -0.0186841536 23.97312197
-0.03755195919 -0.01604437587 22.72863858
0.03325974661 0.0078468095 -0.8981194068
0.09654848624 0.03616263287 -23.16075653
0.06599411367 0.02816311898 -11.88707999
0.001933814763 0.009820004225 12.38839073
-0.03410801712 0.001904099176 26.90301152
-0.0576408324 -0.01032070746 37.12543083
-0.004666501684 -0.02142551795 15.69479245
-0.002376927179 -0.02291777385 15.00368958
0.002989986454 -0.009452138182 11.21235924
-0.1286744888 -0.114248455 83.38342573
-0.01169828524 0.008612704887 9.642092655
0.003533093277 -0.002287306878 3.133771564
0.01420593164 -0.01032525599 -1.663609295
0.02309551225 -0.006383861875 -6.858311879
0.006044661366 0.001749172635 2.083801878
0.001636036273 0.00177639389 4.655190078
-0.003335711339 -0.004510583158 8.558345872
-0.00742472096 -0.007739051029 11.53054928
-0.02295256644 -0.008976434864 22.13525513
0.4321882122 0.003242683257 -294.2424435
0.0330856399 0.02254590839 -13.84079544
0.01035207112 0.01507311869 3.718114353
0.009234291065 0.01784080369 4.176611171
-0.0003519907468 -0.005016691491 14.40259323
-0.01448276113 -0.001285255154 25.19429538
0.1346111635 -0.01773675671 -103.1143817
0.1650592544 -0.01721299719 -128.5606547
0.1317511123 -0.02711295955 -98.75817198
0.07771788274 0.00288897973 -54.89278428
0.06514983355 0.001990295984 -43.64565163
0.07840028212 -0.02501742606 -52.6468728
0.07419379883 0.000968457974 -52.56599343
0.1114015561 0.01229411034 -90.33024445
0.09348695617 0.03742914539 -74.897568
0.05625232594 0.08593225679 -43.18863366
-0.0003883815123 0.05837364999 17.49345554
0.03361772571 0.026397439 -15.3477842
0.07967035095 0.1025213674 -74.29010562
0.06006945941 0.1503378014 -56.48100553
0.06579058657 0.1546898571 -63.23471569
0.06630429989 0.1601997185 -64.44207533
0.1050603163 0.04333962552 -90.45181481
0.08075829592 0.06016059983 -63.95642698
0.07336116759 0.03754382064 -52.02157708
0.0526663838 0.03282166218 -26.10120596
-0.05726428202 -0.01181749533 39.84709266
-0.05619894987 -0.02446536259 41.57632669
-0.06669673345 -0.0009958127283 38.72953049
-0.04494083187 0.001190824245 36.64993188
-0.03550930623 0.03891392111 30.76594929
-0.06458421699 -0.0004224765161 39.05308716
-0.05898942925 0.007883290892 36.96953253
-0.0573178461 0.006573676547 36.55366519
-0.06524813611 -0.01450187845 41.38365923
-0.08194153788 0.01301919934 40.32163343
-0.03014654389 -0.01115833566 20.60541525
-0.03434256531 -0.0001729113582 20.28647292
-0.02968462531 -0.02188697768 20.92524008
0.03513422342 0.002532461482 -0.8281065867
0.07147027661 0.0384565729 -15.51389023
0.02015264482 0.1159186353 -8.31616248
-0.01701746637 0.05354206539 13.0938573
-0.04436814868 0.01424402438 28.96529454
-0.06525876681 0.0001538308668 38.84131121
-0.02753138487 -0.001419446546 21.77800938
0.02163316156 -0.01109190434 3.20336063
-0.02373744691 0.04333970232 10.3456797
-0.02055755422 0.03594759894 9.807896301
-0.006926377395 0.01060560178 6.892688124
-0.005553136399 0.003324392115 7.201985417
0.02248561554 0.002195487984 -7.979192325
0.02415294992 0.005644804115 -9.217615242
0.003257025785 0.003829771747 3.356814391
-0.008087179005 -0.004089441921 11.25678091
-0.003812820028 -0.004653387174 8.742923373
-0.005373811625 0.013083769 7.131253487
0.004798716755 0.04207705271 -3.933920434
0.3872288843 0.005764159075 -263.5673518
-0.02853494626 0.03620759056 28.97682344
0.002093747595 0.006643019877 10.69827019
0.006487043653 -0.01695809419 10.62374114
-0.003769706744 -0.01367936076 18.16506299
-0.0105207711 -0.01475828517 23.60521765
0.0994250135 -0.01972096697 -73.80483156
0.1728416029 -0.008828861348 -136.6666915
0.1454133023 0.001664392678 -114.1784945
0.08668334063 0.0100649367 -63.90747897
0.05852955144 -0.01094653894 -35.73715119
0.06791744905 -0.00372349007 -45.82656719
0.1155050684 0.02249869253 -95.30271725
0.1735702308 0.05385260332 -156.1109549
0.1177544543 0.0693789745 -102.8722959
0.08901385475 0.06015826369 -72.34481029
0.09552027794 0.0441130729 -76.90366423
0.05446009795 0.06351706814 -37.43211833
0.03686264467 0.09567067918 -22.44888147
0.02595304499 0.0724317989 -7.009990912
0.05935561401 0.0886505096 -47.60691211
0.1441305285 0.1063490066 -145.409285
0.1075275329 0.0667390754 -96.63311244
0.09607283495 0.05634352568 -81.21853545
0.06478674656 0.06064287748 -43.82956723
0.06396833049 0.04710831898 -41.63692231
-0.0620129884 -0.005387498745 38.94774214
-0.06342277019 -0.007277888335 39.27665624
-0.05949150361 -0.002946833956 38.53530107
-0.04468648258 -0.0005261112216 36.94378216
-0.04619923297 -0.000811092129 37.39795521
-0.06042048269 -0.002472203957 38.7250407
-0.06250754187 0.0004199798226 38.44880283
-0.05674187889 0.01098498485 35.86879134
-0.0678417013 -0.02862491571 44.18579244
-0.05906957542 -0.01415781403 40.05506645
-0.04962758471 0.008364862823 34.04021557
-0.05608282012 0.02940537577 31.6279557
-0.04711054318 0.00613602124 33.3781105
-0.05893590571 0.003765088324 37.14386025
-0.09717486528 0.04009676543 42.74784537
-0.05567472875 0.06060216998 25.92254919
-0.05926382559 0.04261540276 30.51849044
-0.069169804 0.01833763315 37.88640051
-0.08886986564 0.01062820848 46.79850816
-0.0206901805 -0.01994705351 21.73657584
0.01530169452 -0.02140150384 7.372198871
-0.08400049237 0.08301825637 33.66544738
-0.02703291787 0.08450404918 5.548873443
-0.02863769124 0.05769109089 10.63583109
-0.01384398347 0.04317056529 5.29034104
0.005775624583 0.02950327173 -3.066246902
0.01963288963 0.04185722997 -12.68025411
-0.005375616987 0.03444864741 3.435915247
-0.01369486232 0.01725102542 11.34192849
0.00572529643 0.02565409642 -2.072566632
0.01511896541 0.05053066833 -12.15829912
0 0 -1
-0.009064805318 0.07519118146 0.5456425538
-0.01110226098 0.0709350952 10.64766009
-0.03842027142 -0.007455094707 42.51966534
-0.003579796901 -0.02101271639 18.43899257
0.00315365822 -0.01917404403 13.26860886
-0.001776853727 -0.0344803958 13.14532955
0.1023728549 0.02049615113 -82.02166515
0.1615204573 0.02155569307 -131.1539937
0.1040589898 0.01586519016 -79.51050358
0.0510216257 0.004785853612 -31.27233351
0.06592451953 -0.007705753979 -43.18887527
0.06481929743 -0.005447403049 -42.63563716
0.1040325143 0.003621245953 -81.38140609
0.1559867953 0.08202514249 -143.2870789
0.09135633374 0.05686539286 -73.92335348
0.09014623092 0.04894720489 -71.78428661
0.07523853825 0.04419480253 -55.99248254
0.04652886451 0.1050584314 -35.8818116
0.04389405792 0.08084577783 -28.30541875
0.0572244744 0.07302354007 -42.62997086
0.1586105945 0.1433940634 -168.048068
0.1213826331 0.1255375053 -121.6988257
0.1074622731 0.08669739161 -99.38295356
0.05793340122 0.01754500475 -28.82957503
0.049799648 0.01881895554 -19.97629993
0.07489544569 0.04213775921 -55.08657191
-0.06186503105 0.000712078168 37.89328909
-0.05328570513 0.001149983623 37.22459332
-0.06352592909 0.003260880453 37.19221345
-0.05280771797 -0.004764936453 38.18113228
-0.04787469582 -0.01028032525 38.64013062
-0.06483948554 0.002245590111 38.41955869
-0.06832263286 -0.006740190096 40.5575037
-0.06606402319 -0.008595070934 40.43094705
-0.0614066238 -0.00722931412 39.1714102
-0.04261243545 -0.002297409383 34.39677633
-0.05084290893 0.00468647593 35.05679196
-0.05842729798 0.004196733672 37.23327173
-0.0661374484 0.00451478796 38.61222808
-0.06008616864 0.004427083122 37.25704305
-0.07972725252 0.006634684319 43.1835969
-0.06245647043 0.01324626053 36.20595604
-0.06661007857 0.01521372362 37.4974711
-0.07071267603 0.009598450553 40.00337854
-0.08481912989 0.01113736704 45.34168895
-0.03828638422 0.009048058528 24.74505987
0.006426372569 0.02373279723 2.53565382
-0.03694200351 0.07488379043 12.94683485
-0.0433543667 0.0524422981 19.46243667
-0.02734172503 0.0574430891 10.13725612
-0.03996900661 0.03478995968 20.18010604
-0.0005294932744 0.08070063701 -8.645053159
0.01789000294 0.07618718856 -17.85940382
-0.009195506811 0.1014802741 -6.092958838
-0.01020514715 0.05556719297 2.321002291
-0.01086266855 0.02420294285 8.73424775
0.01887796178 0.05307724771 -15.362926
0.04165989485 0.1170467805 -40.88278047
0.007247241179 0.02456690104 6.714109647
0.01539406434 0.03858176837 -1.800442618
-0.06605162685 0.05427954141 53.46719699
0.03452016397 0.002614748433 -14.98770833
0.004517998523 0.01075113133 6.958078011
0.1904751297 0.05846135807 -125.1467036
0.1880611642 0.07887868987 -126.9615432
0.1703348601 0.07682833931 -111.8337603
0.1280219059 0.1264970652 -85.23137086
0.01281287681 -0.03454066619 34.46311253
0.1939922519 0.0007838751753 -130.1647715
-0.07206699356 0.07047207552 104.3411265
0.001811068934 0.1081659672 25.86689489
0.05339842752 0.08671430126 -18.07154626
0.06328531079 0.05551668291 -21.70157289
0.08894069018 0.0366939641 -68.87290421
0.09369667368 0.0570192543 -77.68942741
0.08666396662 0.08357216959 -74.76645995
0.04624159008 0.08752175803 -31.74783525
0.07198475534 0.08862493784 -60.32685367
0.1087595274 0.09509415167 -102.7621453
0.08101969454 0.04927653733 -62.28794027
0.03654522609 0.02542874745 -4.456043618
0.02431869547 0.01188952153 11.78623559
0.05532318544 0.02429285142 -28.42773185
0.0928634135 0.03868443335 -76.75030569
-0.065987177 0.009677805393 36.23317398
-0.06641618645 0.004593577279 37.2590937
-0.06406897145 0.004258327175 37.23287654
-0.05817791714 0.00568824011 36.39564901
-0.06654519796 0.003597280752 37.70979043
-0.06717371216 0.0004627915327 38.42806947
-0.06777586723 -0.005467168131 40.09820375
-0.08061788297 0.0001702855144 40.75667427
-0.0584292329 0.009883190436 35.34862413
-0.05137153906 -0.002018723664 36.24846156
-0.05452912089 -0.0007991696769 36.94197964
-0.06675525989 0.002291213741 39.34572254
-0.07574401244 -0.006669199593 43.40796408
-0.05513374295 0.006530159512 35.06633589
-0.06340690531 0.00985285713 36.41963197
-0.04835983496 0.001925053409 33.60298648
-0.05277955328 0.007460720713 33.66912519
-0.06111202439 0.03726136496 30.4777498
-0.05866089637 0.02497590561 32.06829382
-0.0832611549 0.08592008985 29.41945117
-0.0009807547006 0.1026811735 -9.411931104
-0.01618861291 0.1112520441 -4.255878145
0.02209038065 0.1003080157 -20.42161324
0.01244652976 0.1234465409 -19.88687765
-0.0006075107602 0.064263482 0.007947559233
-0.04793623609 0.125557243 10.82226652
-0.003834481312 0.07965584979 -4.847998201
-0.001055753142 0.1770757488 -26.55713665
-0.0242952705 0.1757453405 -12.14280142
-0.01273943195 0.08555211394 -1.075411395
0.06274493946 0.1427097592 -60.79747464
0.1765843469 0.1487767718 -138.2959897
0.06657963116 0.03102490266 -36.51190561
-0.01786749144 0.02755420607 24.46033035
-0.02055200496 0.0216832049 27.17305254
-0.05508453368 0.0570201604 44.42696264
0.1733815808 0.05012764626 -109.8830113
0.1830760546 0.05151321307 -118.0149114
0.189238574 0.06180075703 -124.6386498
0.1603312469 0.09732880024 -107.6725692
0.1130982707 0.08301466611 -63.80424546
0.0773129299 0.07910475289 -31.86536385
0.04123941445 -0.0296889698 23.39685724
-0.02911634632 0.1604667301 45.74720383
-0.001425218088 0.1399749231 23.51167609
0.01827422629 0.09482073161 13.95976393
0.02268558731 0.02677025223 24.53412568
-0.04612629688 0.07719839188 83.3569466
0.09283856127 0.05448224198 -75.69560276
0.05201758896 0.05192547961 -31.01060104
0.0534410916 0.04195872444 -30.60141926
0.06355349212 0.03124474407 -39.63612124
0.07413053342 0.04506071553 -54.12443842
0.08028655615 0.01207838703 -54.53016042
0.05987793422 0.0079655648 -29.79908904
0.04904514237 0.008404294729 -16.46589165
0.04028901414 0.03027909355 -11.19013017
0.07946118104 0.02348994021 -57.43047542
-0.06694503588 0.01817080222 34.4246627
-0.0681073308 0.01038333599 36.14440458
-0.06593970913 0.01138880388 35.80588719
-0.05679529627 0.00617063608 35.90821593
-0.058014948 0.008473203718 36.00527926
-0.05667136988 0.01850656107 33.34790107
-0.07573880238 -0.003025098766 40.55103844
-0.05969755028 0.01333041277 34.46005762
-0.06369724117 0.001209023513 38.37628034
-0.06161423786 0.005110833476 37.10971323
-0.05398572382 0.003583152226 35.79954348
-0.08724386768 0.02042873133 40.09939946
-0.06316017562 0.01867471529 34.43593691
-0.06674653843 0.02191536086 34.82982485
-0.05383039195 0.06165264285 21.60749158
-0.04690588571 0.005501835308 32.21506793
-0.06082556514 0.01592696644 34.79929818
-0.04979954038 0.1218928317 7.272942568
-0.02343904143 0.2306873836 -27.75156916
-0.05793756434 0.1855494087 -3.515168945
0.001593234593 0.2127292935 -34.62834354
-0.008320395827 0.2092548746 -29.26703859
0.002612437188 0.2172064423 -36.29980621
0.003136248474 0.09433653522 -8.954732278
-0.01758373564 0.06959054069 7.184831382
0 0 -1
0.005878028071 0.3184543766 -61.14305721
-0.04069902901 0.4374322614 -59.79204987
0 0 -1
-0.006842495294 0.328135737 -55.65313339
0.02387544254 0.3128691135 -72.3684003
0.06602664619 0.2429626707 -84.17796573
0.01187426063 0.03659605726 0.5493819967
-0.00168480504 0.010634114 15.92163413
-0.03134999883 -0.08112751975 57.57252541
-0.04269313598 0.159967997 13.06936583
0.1411777992 0.03663816474 -81.3658125
0.1891295608 0.02477642817 -116.9922457
0.198080746 0.007823532944 -120.0728847
0.1489200955 0.04005183136 -84.92328299
0.1316248531 0.05473336839 -74.03107988
0.08762027861 0.08436961947 -42.10050163
-0.02413102121 0.1845797218 36.50994829
-0.0356678074 0.1665011561 51.57933253
-0.003790761887 0.1263978237 29.21051419
0.0883068555 -0.1740000481 2.860366795
0.09082925154 -0.03389763623 -31.42486604
0.002714882645 0.4968976191 -58.26845331
0.08046645406 -0.05265488116 -39.43878867
0.06913809713 0.01818554306 -42.77950198
0.06589127126 0.0141691876 -38.44605322
0.06523733768 0.01830034421 -38.70622467
0.07141879456 0.02098983176 -46.28834378
0.0725027701 0.008623113575 -44.62638705
0.06799584249 0.01133031295 -40.0020987
0.07428914883 0.008405097813 -46.71233517
0.07164053762 0.02613728824 -47.57958663
0.0453412968 0.05077995264 -21.43671948
-0.06398186625 0.01863902364 34.31995445
-0.0655566518 0.0224519455 33.42958294
-0.07549350239 0.01654073099 35.11448686
-0.06141057708 0.004080425805 37.08843816
-0.0667375547 -0.002189622314 39.00366104
-0.06569417032 0.02009301885 33.21822342
-0.05813375215 0.01775533469 33.35041105
-0.05780167459 0.03556279392 28.57546635
-0.05724651419 0.02317780747 31.27573122
-0.05541308973 0.002536775934 36.33598764
0 0 -1
-0.04601022941 0.04418242518 24.06868023
-0.03950322992 0.1250826856 2.273433669
-0.0512499711 0.0613472318 20.88748094
0.007080364899 0.1582370732 -20.62101376
-0.006624551173 0.2651457804 -42.78532404
0.01074714756 0.2871253984 -54.15087678
-0.009392565083 0.2979337747 -49.13622244
-0.0197858358 0.2756694444 -40.03784985
-0.01973412862 0.2686179099 -37.97487006
-0.01297878217 0.2867280787 -45.02193072
-0.01617767464 0.291024849 -44.98484225
-0.01274498267 0.3185800152 -53.20972988
0.03016608179 0.364018189 -85.28403231
-0.001192582146 0.06240741239 -0.05272352047
0.01302145133 0.05036245419 -4.946838542
-0.0008894624345 0.3517408646 -64.87416614
-0.005232052566 0.3565344686 -63.60484774
-0.01046551639 0.3491099926 -58.49936585
0.003394204776 0.3446042647 -66.08532501
0.01719434662 0.3508155613 -76.4403105
0.01298755276 0.3447769622 -72.16856635
0.01895917332 0.3117318435 -67.91716054
0.02101594912 0.3201871658 -71.48285294
0.007096432385 0.3134232325 -59.68357413
0.1206366928 0.03387473645 -64.2515624
0.1122670056 0.03181237056 -57.4012472
0.1668612286 0.008797408497 -95.26102535
0.1868717885 -0.009244572289 -107.1686136
0.1773333714 0.003572022177 -101.6505132
0.1589407752 0.03841656457 -94.11092529
0.1333804154 0.07249794571 -79.52201794
0.05872947944 0.1254957921 -24.10356591
0.02405802501 0.1741443054 -4.467026389
0.03327423311 0.06535181246 14.46051226
0.02402865682 0.08165161076 19.06179167
0.006065125976 0.05270377782 44.51009459
-0.002831875894 0.1042867096 40.21660279
0.05655736797 0.1244227783 -26.98991803
-0.009566647887 0.02756057748 66.89960613
-0.05721102332 0.01793128347 120.9671403
0.06139957789 0.01670399999 -34.10661064
0.06839799226 0.01423617083 -41.35904316
0.07136283912 0.01071389471 -43.86801829
0.06427914219 0.01283088367 -36.03152229
0.07125620068 0.009577022068 -43.38673589
0.0744832136 0.009524448727 -47.19433204
0.08130354833 0.02344336208 -58.79864199
-0.06112335392 0.01443771386 35.3821957
-0.05723723719 0.01551409073 35.04696929
-0.0714917787 0.0007856504336 39.84725111
-0.08090483062 -0.0004777113432 39.71481791
-0.03854195397 0.05921651427 20.20863453
-0.07488250419 0.03761115228 30.1236256
-0.05322870184 0.02382663246 30.95907128
-0.01004286307 0.1341578709 -5.69130205
-0.02139762934 0.1070127469 3.474484488
-0.01687895364 0.2319640914 -31.37080038
0.005957194199 0.2000945477 -28.66876537
0.01202476104 0.2454004005 -42.30604946
-0.003548179922 0.2674297041 -44.84246909
0.0115841855 0.3257782435 -64.25447423
0.01863608924 0.3563097197 -75.19520026
-0.007027472662 0.2829264696 -47.44490992
0.0009681865192 0.2737345688 -47.34930688
-0.00215346577 0.2770726481 -47.33885201
-0.001624834572 0.283757551 -49.29394164
-0.0008726105823 0.2874756788 -50.83519359
0.009915661597 0.3241256839 -65.25897156
0.02339607291 0.3479717961 -77.90035547
0.0293971164 0.3620785858 -84.43266669
0.03370577548 0.3654154387 -87.36489376
0.0303607029 0.3628677588 -84.8912385
0.009495679807 0.3547563993 -71.37308024
0.0007565919686 0.3535436979 -66.1495581
-0.00355250647 0.3574030756 -64.71232417
-0.00262103684 0.3553268225 -64.74399826
-0.002313840985 0.3537542198 -64.51327001
0.004980785961 0.3412815057 -65.83047557
0.00774531402 0.3226416718 -62.71032836
0.003570982281 0.3277905712 -61.12266031
0.01679038692 0.3203028693 -68.63621735
0.02265358556 0.3073886886 -69.21232928
0.1366288174 0.01441544727 -71.53375305
0.1073877792 0.02195033738 -50.65219146
0.1177328568 0.01304658235 -56.84597693
0.1579127161 -0.02784741227 -78.53456095
0.2236603652 -0.03902145216 -130.3862308
0.2142301407 -0.0102769965 -129.9493975
0.1993193473 0.008924800422 -121.8192315
0.1091789892 0.02824646297 -45.59521908
0.04216986142 0.04522139762 11.80279119
0.02803030096 0.0348811449 27.68435917
0.03265610829 0.03320984817 23.53185569
0.002464009993 0.0494666922 49.2157314
-0.006969303621 0.05950001473 55.66723144
0.01906059106 0.05661603619 29.71045848
-0.02013880243 0.01639214005 81.92405123
-0.04312514491 0.02486520794 103.8460724
-0.02728309641 -0.006585003621 94.94582959
0.06314370835 0.03235593342 -40.14842369
0.06230644246 0.04025410199 -41.16019706
0.06855055697 0.02889351001 -45.32932702
0.06578445784 0.03394054444 -43.29666223
0.070539653 0.02308969184 -46.16441042
0.08068691475 0.007772476687 -54.31839729
-0.05139050935 0.00866665472 36.81259629
-0.05691529927 0.01832519931 34.12095626
-0.07726217384 0.02332164163 33.74435884
-0.05434169573 0.03917971519 27.06651363
-0.007364802759 0.1383810084 -5.35914992
-0.01762879001 0.2449545153 -35.39108804
-0.002341507194 0.2393396724 -36.33891818
0.01268549021 0.1516896434 -14.33817322
0.005399489799 0.2274074763 -34.56290797
0.01602110716 0.2806229497 -52.12361487
-0.00776274293 0.2803076914 -47.1071592
-0.003569768601 0.2961112863 -52.70803119
-0.004777588325 0.3027097578 -53.74608308
-0.004529779453 0.3009025283 -53.13861009
0 0 -1
-0.01110430338 0.2883821618 -47.74529994
-0.001025952878 0.2947085946 -52.9297486
0.01500019773 0.298194962 -60.0128628
0.01311385934 0.3087921636 -62.49209696
0.007037356242 0.3313884043 -66.23540342
0.0248770351 0.3558015905 -80.70319292
0.03160150642 0.369214053 -87.29942777
0.04182288708 0.1388690921 -23.32118279
0.02152749854 0.3520322278 -77.3378895
0.009137271784 0.3377255742 -66.49892571
0.001882605698 0.3326019671 -60.87544227
-0.002201495942 0.327653922 -57.09948563
0.003922389573 0.3351705753 -62.77177655
-0.002475191843 0.335816212 -59.02136979
0.008488891824 -0.06186112022 50.75986375
0.000745720919 0.3351581806 -61.24895634
0.08788166035 0.5034205047 -168.9127218
0 0 -1
0.003439538342 0.3295542022 -61.59416852
0.03674893517 0.3048525622 -79.0451086
0.06968352865 0.2218824052 -79.71687793
0.08899745218 0.07440021037 -51.61555278
0.0983561878 0.01535285917 -42.04076493
0.1234165664 -0.01693916319 -53.15905329
0.2245806681 -0.06696692519 -124.1047607
0.2544934361 -0.01469834833 -164.0346338
0.18456918 -0.01145102213 -102.9208926
0.08134243416 -0.01983138427 -6.352884756
0.0351739283 0.006781318885 28.75122135
0.04011886426 -0.006539610721 27.7767833
0.02717533851 0.01120537616 34.94079159
0.005856047224 0.02416052014 52.66659904
-0.006123214988 -0.007580629881 73.76497724
-0.008155087165 0.007351237722 71.75834309
-0.03534282028 -0.03157096523 111.9493049
-0.04455017261 -0.004794921051 114.0396091
0 0 -1
-0.03307156231 0.335403704 -15.47386625
-0.01891296962 0.3017075252 -20.49380467
0.01128852659 0.09562998902 4.025364125
0.06233050306 0.07555718446 -50.88498315
0.04266484541 0.05246128544 -20.35791641
0.05528184371 0.03793376939 -31.46834606
-0.02365883436 0.01298434245 35.11164682
-0.009968600523 0.06412233641 18.6892212
-0.0002937311149 0.3403467334 -67.53577162
0.004288504309 0.314456604 -59.85703721
0.003406028157 0.2999720448 -54.62798445
-0.008909421946 0.3018034951 -54.04890038
-0.01781083209 0.3081918149 -54.98057643
-0.00468808582 0.2915547094 -52.01203005
-0.01993475115 0.2704086443 -41.40355307
0.0005833083788 0.2788913399 -48.47444564
-0.007123977515 0.2727953518 -44.29787738
-0.004981425906 0.2839220371 -48.24476168
-0.0003407165344 0.2859987326 -50.01223649
0.0005088887967 0.2910460347 -51.82321884
-0.001661307426 0.3037187237 -55.08092708
0.00360527802 0.3135788175 -60.04208111
0.03322038272 0.3438285443 -80.12312583
0 0 -1
0.03159270744 0.3563683148 -83.22094976
0.01837720489 0.3547249103 -77.1968672
0.02183251986 0.3498835047 -77.07761781
0.02293051957 0.3413200726 -74.86799221
0.0250614924 0.3447392518 -76.81596332
0.01275613827 0.3400063578 -69.51854884
-0.0002172894993 0.3352735887 -60.98594582
0.002889120382 0.320005432 -57.94748243
0.003328427853 0.324886049 -59.66387496
0.008895277579 0.3288577936 -64.15701594
-0.001827047184 0.3263409421 -56.8497192
-0.001187377887 0.333607193 -59.45291467
-0.004340462784 0.3321276085 -56.98421861
-0.0001677197975 0.3385448594 -61.87084804
-3.685482978e-05 0.3312528446 -59.59880094
-0.001172236548 0.3237234256 -56.5542557
0.007147536265 0.3304679004 -64.60550612
-0.001356370286 0.335770724 -59.96388814
0.02460259132 0.3168809068 -74.18678005
0.02256296213 0.2757424317 -59.55126643
0.04547543605 0.2874420646 -82.22740876
0.05278485564 0.2748909281 -84.25459278
0.212975342 0.02206147708 -138.759568
0.1770601711 -0.008628339924 -97.20102673
0.09120898013 -0.03392877354 -11.4877809
0.04549919658 -0.046700628 34.18842518
0.04723299971 -0.06230582283 37.55884077
0.04695621583 -0.02526572722 26.67905995
-0.001602218773 -0.01700417989 72.33685939
-0.007857252627 -0.03624567559 84.31689696
-0.006805510715 -0.02678424014 80.18588078
-0.05071290666 -0.09538310253 147.8969961
-0.05711203735 -0.07554020413 148.1032411
-0.02513139455 -0.05580758141 106.6654398
-0.001783423149 0.2814662642 -34.28655046
0.02209779455 0.3200843212 -73.35575042
-0.04875754979 0.5572477377 -64.76290212
0.01286887794 0.5766519958 -144.2981083
0.03573902249 0.5492202818 -163.23674
0.04991277646 0.04759950207 -27.71912906
0.01250545588 0.2391825444 -33.87162108
0.01034198231 0.2440627473 -35.43039755
-0.001364471656 0.2683410152 -42.83884234
-0.006217253363 0.2901149039 -49.66727525
-0.007057056851 0.2955009106 -51.73399189
-0.02957223716 0.2830385294 -44.7807011
-0.01068984037 0.2626397674 -40.51918651
-0.02271471532 0.2768316224 -43.67244652
-0.006052119696 0.2700074815 -43.68609431
-0.00531003875 0.2741044246 -45.3686894
0.003910306615 0.2713000766 -46.48712614
0.006788542927 0.2851709132 -51.75197922
0.01683132062 0.3083245607 -62.19577305
0.007111895287 0.3052453935 -58.60825692
0.01717669624 0.3445716331 -74.41594557
0.01281722494 0.3333397375 -69.40485776
0.0421035088 0.3640873513 -89.50179002
0.02840328791 0.3598484886 -83.25258997
0.0197780781 0.3472556082 -75.36506297
0.02290826571 0.3509443527 -77.92605552
0.0111607697 0.3453247663 -70.89492223
0.01915189455 0.3382158142 -72.22325173
0.01792497335 0.3407105366 -72.28465395
0.01799676728 0.3410984614 -72.53568462
-0.002116965039 0.3453275907 -63.5884074
0.01188266988 0.3225949723 -63.58456131
0.007635156208 0.3310347191 -64.18350341
-0.01065863056 0.3194737837 -49.34022149
-0.003484507907 0.3369103894 -59.30750241
0.001331194073 0.3381404162 -62.69025699
-0.003484535043 0.3322798778 -57.50206575
0.002085155088 0.3319328582 -61.05832447
-0.004422527831 0.3347085721 -57.59060521
-0.002130764655 0.3364229237 -59.71241022
-0.0008313694992 0.3327741139 -59.40982022
0.002943611266 0.3320160747 -61.8898724
0.00692879803 0.3223055504 -61.91384552
0.01002573463 0.312853429 -61.24341758
0.02468510139 0.2918051704 -66.28925226
0.05085934342 0.2720301847 -81.5401683
0.145373448 0.1368729871 -117.7890668
0.1766838923 0.02199329717 -106.8310812
-0.01265498992 -0.04187610967 85.54258732
0.006234934216 0.2110322471 -19.93597384
0.008372997046 0.2787178856 -45.42418243
0.02322616159 0.3051444853 -69.21725738
0.02529263344 0.2755286417 -61.25166326
0.01566596266 0.2966039549 -59.02276438
0.05796781308 0.2277821038 -78.74122227
0.01494368586 -0.06940980116 67.70340237
-0.06410229015 -0.0599816404 149.7701715
0.01210804399 0.2449065855 -37.16712449
0.01640653833 0.2833647855 -54.61607066
0.01706401335 0.3088106519 -63.58991304
0.03186058397 0.2484530286 -60.64043839
0.04845503668 0.2170775961 -69.30352016
0.07325042874 0.2546557641 -111.9580408
0.07094855445 0.2436277754 -105.7650721
0.01436021154 0.239250923 -33.93643289
0.01532373717 0.2441810198 -35.73609344
0.01825164287 0.243112295 -35.64935212
-0.0121285558 0.2537231271 -36.95014657
-0.02373907913 0.270732333 -41.91559982
-0.014257694 0.2386570118 -31.92712757
-0.005386089044 0.2773884299 -46.04453604
-0.01351955397 0.2805466206 -46.07568151
-0.01019617721 0.2734416254 -44.13652602
0.001416840004 0.2823405582 -49.35890949
0.01285786395 0.2851138723 -53.23290005
0.01842747537 0.3168357548 -65.66551717
0.02217278919 0.3238439016 -69.11981203
0.03573623813 0.3441133581 -79.81402565
0.02249365315 0.3662136739 -83.47022543
0.02110049312 0.348130367 -76.76698867
0.02331376553 0.3484731363 -77.4831548
0.02503061463 0.3511693179 -78.79510999
0.01994907824 0.3542002357 -78.09092451
0.02224612531 0.3481376443 -76.81544127
0.01624964949 0.3433610868 -72.56833868
0.01483116146 0.3420173164 -71.34391738
0.01532783667 0.3338791642 -68.52152266
0.006401050397 0.3552718918 -71.51442605
0.00134195367 0.3372920676 -62.65639703
0.01129118759 0.3263627049 -64.1984453
0.004358406047 0.338932439 -64.87600931
-0.006962834928 0.3360430842 -57.06234025
0.003164722271 0.3361569749 -63.2969772
0.001280411569 0.3337074821 -61.23305184
0.005012328916 0.3362109004 -64.52224537
0.002743928167 0.3229586652 -58.27844603
0.003695796143 0.3339270791 -62.91657401
-0.003761618932 0.3303852154 -56.42374817
0.00172272642 0.3250261463 -58.55123128
-0.001875624077 0.3311906082 -57.9052885
0.001357213286 0.3278117516 -59.32895733
0.003502813203 0.3221965628 -59.09896671
0.01253280479 0.3020323585 -59.56993966
0.02016985154 0.2926668722 -62.6724868
0.03469151219 0.2980770432 -76.93191625
0.03420597396 0.2310538043 -52.40257161
0.02185093576 0.2323270297 -41.82113363
0.02360319627 0.2557937999 -51.94901339
0.02168714556 0.2742887611 -56.67518437
0.02040519636 0.2800528342 -57.51658429
0.02430611343 0.2914183159 -65.40007956
0.02384515163 0.2910425308 -65.01235531
0.02135220699 0.2680516082 -54.33067012
0.001681891209 0.2849647527 -39.51229098
0.007244190954 0.2717256298 -41.0765753
0.0127216684 0.2647290936 -44.52155845
0.03219698517 0.2427725604 -59.01309371
0 0 -1
0.04081873075 0.2540401682 -73.02583194
0.03765400027 0.2258383629 -59.10352961
0.06440372884 0.2216804647 -89.83791121
0 0 -1
0.01894077625 0.2398416425 -34.19715114
0.02015392651 0.2475050981 -37.0654668
0.0214701351 0.2522600411 -38.86296446
0.01591119966 0.252806908 -38.70831749
-0.01563675884 0.2720608471 -43.28298322
0.004320988643 0.2997654403 -55.51127285
-0.02056329235 0.2815525871 -45.28140696
-0.02132601718 0.2472699768 -32.88846694
-0.006987565727 0.2524124175 -37.1224951
0.01090270981 0.2571748617 -42.28726494
0.01729607428 0.2999826297 -59.18051993
0.02971284468 0.3378136001 -75.75385422
0.03631959813 0.3430428648 -79.44698645
0.0366111218 0.3512989987 -82.48373305
0.03330341679 0.3640152417 -86.09908685
0.02300666296 0.3709987258 -85.35742648
0.01726288298 0.3495487922 -75.47425578
0.01561453466 0.3339811788 -69.21057744
0.01778129737 0.3402031191 -72.22602314
0.01346344983 0.3488226845 -73.37277842
0.01694362581 0.327285027 -67.16966792
0.01725075113 0.3155744786 -63.02009621
0.01428072402 0.2956527388 -54.37018677
0.01534694913 0.313875211 -61.42700846
0.001499188741 0.3387540297 -63.17576938
-0.0003202745853 0.3252624073 -57.36524367
0.003645198644 0.3179932271 -56.95393165
-0.001567794877 0.3169748978 -53.44693008
0.0007907480862 0.339066143 -62.73500145
0.001071055926 0.3354569272 -61.68585232
-0.003880387728 0.3280633743 -55.84220581
-0.003017424714 0.3026058454 -47.05516112
0.0004029185677 0.3039395228 -49.95626545
0.002050551374 0.3128159972 -54.36424552
-0.001310306116 0.3101837071 -50.96194643
-0.003165065184 0.3065609859 -48.15814646
0.002299926255 0.2928051714 -47.52076166
-0.003003304329 0.3120131327 -50.14883163
0.003300770407 0.2929234 -48.54727656
0.01514998793 0.2902353212 -57.35576771
0.02714657244 0.260645022 -56.91270629
0.03149654734 0.2140985536 -43.83704409
0.02483087313 0.242771247 -48.25087527
0.0208097965 0.2393571566 -43.23546963
0.02141833216 0.2445380731 -45.68596294
0.0237309375 0.2640298927 -55.01572992
0.02546356826 0.2600355738 -55.34516174
0.02392841203 0.2805141951 -61.26511355
0.01570131959 0.3011888923 -60.22250786
0.0009754285899 0.2892136471 -40.19801206
-0.0005346060332 0.2876625466 -38.03555239
0.00433995454 0.2350408213 -24.50531642
0.01680179701 0.2556786849 -45.81514205
0.02807459403 0.2492591251 -56.38637038
0.03828094213 0.2611178052 -72.49557733
0.03328569046 0.2458422783 -61.05291143
0.04923890716 0.2067883108 -66.08795742
0.05494218737 0.2229298299 -78.81925151
