0 1 3
1 2 3
2 3 3
3 4 3
4 5 3
5 6 3
6 7 3
7 8 3
8 9 3
9 10 3
10 11 3
11 12 3
12 13 3
13 14 3
14 15 3
15 16 3
16 17 3
17 18 3
18 19 3
19 20 3
20 21 3
21 22 3
22 81 0
24 81 3
24 25 3
25 26 3
26 27 3
27 28 3
28 29 3
29 30 3
30 31 3
31 32 3
32 33 3
33 34 3
34 35 3
35 36 3
36 37 3
37 38 1
38 39 0
39 40 3
40 41 3
41 42 2
42 101 2
43 101 1
45 101 3
45 46 3
46 47 3
47 48 3
48 49 3
49 50 3
50 51 3
51 52 3
52 53 3
53 54 3
54 55 3
55 56 3
56 115 3
18 75 3
17 75 3
5 63 3
6 63 3
20 79 3
21 79 3
45 102 3
80 81 0
41 99 3
101 102 3
42 99 2
9 68 3
22 80 3
2 60 3
10 68 3
16 74 3
1 60 3
11 69 3
20 78 3
45 103 3
46 103 3
3 60 3
3 62 3
4 62 3
5 62 3
6 64 3
12 69 3
19 78 3
26 84 3
27 84 3
34 92 3
35 94 3
36 94 3
38 96 0
40 98 3
41 98 3
54 112 3
1 59 3
63 64 3
15 73 3
16 73 3
18 76 3
18 77 3
19 77 3
24 82 3
25 82 3
25 84 3
33 92 3
37 95 3
37 96 3
39 96 3
39 97 3
40 97 3
53 111 3
55 112 3
55 114 3
0 58 3
0 59 3
3 61 3
62 63 3
6 65 3
7 65 3
7 66 3
8 66 3
10 69 3
12 70 3
13 70 3
14 73 3
75 76 3
77 78 3
78 79 3
27 85 3
28 86 3
29 87 3
30 88 3
31 88 3
31 90 3
32 90 3
33 91 3
35 93 3
36 95 3
95 96 3
98 99 3
42 100 3
49 108 3
50 108 3
51 109 3
52 110 3
56 114 3
59 60 3
65 66 3
9 66 3
17 74 3
22 79 3
25 83 3
84 85 3
85 86 3
86 87 3
87 88 3
32 91 3
91 92 3
92 93 3
93 94 3
100 101 2
47 105 3
48 105 3
48 107 3
49 107 3
108 109 3
109 110 3
110 111 3
111 112 3
58 59 3
61 62 3
9 67 3
67 68 3
13 71 3
14 71 3
76 77 3
81 82 3
82 83 3
83 84 3
31 89 3
96 97 3
97 98 3
99 100 2
60 61 3
64 65 3
68 69 3
88 89 3
89 90 3
90 91 3
102 103 3
46 105 3
48 164 3
73 74 3
74 75 3
79 80 3
94 95 3
107 164 3
107 108 3
66 67 3
14 130 3
114 115 3
70 71 3
71 130 3
103 105 3
105 164 3
73 130 3
112 114 3
114 171 3
69 127 3
112 171 3
69 70 3
101 159 3
102 159 3
59 118 3
60 118 3
97 155 1
60 119 3
75 133 3
79 137 2
80 137 2
98 155 1
105 163 3
61 119 3
74 133 3
76 133 3
163 164 3
74 131 3
93 151 3
105 162 3
68 127 3
70 127 3
73 131 3
77 135 3
80 138 0
89 148 3
94 151 3
114 173 3
115 173 3
70 128 3
71 128 3
90 148 3
162 163 3
65 123 3
66 124 3
130 131 3
78 135 3
137 138 0
92 151 3
103 162 3
118 119 3
64 123 3
67 124 3
67 125 3
74 132 3
78 137 2
81 138 3
89 147 3
91 148 3
98 157 3
99 157 3
100 159 2
108 166 3
58 116 3
62 120 3
63 121 3
64 122 3
123 124 3
81 139 3
82 140 3
83 141 3
84 142 3
85 143 3
86 144 3
87 145 3
88 146 3
147 148 3
91 149 3
94 152 3
95 153 3
96 154 3
100 157 2
107 166 3
109 167 3
110 168 3
111 169 3
112 170 3
114 172 3
59 116 3
59 117 3
119 120 3
120 121 3
121 122 3
68 125 3
68 126 3
127 128 3
128 129 3
71 129 3
131 132 3
78 136 3
139 140 3
140 141 3
141 142 3
142 143 3
143 144 3
144 145 3
145 146 3
146 147 3
148 149 3
92 149 3
151 152 3
152 153 3
153 154 3
154 155 1
102 161 3
103 161 3
166 167 3
167 168 3
168 169 3
169 170 3
170 171 3
117 118 3
125 126 3
126 127 3
132 133 3
136 137 3
138 139 3
159 161 3
161 162 3
171 172 3
122 123 3
124 125 3
135 136 3
100 158 3
116 117 3
77 134 3
135 194 3
158 159 2
107 223 3
76 134 3
136 194 3
164 223 3
130 188 3
149 151 3
172 173 3
134 135 3
149 208 1
151 208 1
157 158 2
166 223 3
188 189 3
131 188 3
131 189 3
155 157 0
157 215 1
135 193 3
158 216 3
129 187 3
133 134 3
134 193 3
193 194 3
159 218 3
128 187 3
161 218 3
116 175 3
117 175 3
129 130 3
133 191 3
137 195 2
155 215 3
162 220 3
134 191 3
152 210 1
155 214 3
154 212 1
214 215 3
159 217 3
172 229 3
134 192 3
155 212 3
171 229 3
118 176 3
127 184 3
127 185 3
192 193 3
151 209 1
161 220 3
163 221 3
175 176 3
119 176 3
126 184 3
128 185 3
191 192 3
138 196 3
152 209 1
164 221 3
122 180 3
125 183 3
129 188 3
132 190 3
133 190 3
137 196 2
148 207 2
153 210 1
153 211 1
161 219 3
170 228 3
171 228 3
116 174 3
120 178 3
121 180 3
124 182 3
124 183 3
184 185 3
128 186 3
132 189 2
139 196 3
139 197 3
140 198 3
141 198 3
141 199 3
142 200 3
143 201 3
144 202 3
145 203 3
146 204 3
147 205 3
148 205 3
207 265 0
149 207 2
154 211 1
155 213 3
157 216 3
218 219 3
164 222 3
223 224 3
166 224 3
167 225 3
168 227 3
169 227 3
174 175 3
119 177 3
119 178 3
121 178 3
123 180 3
123 182 3
182 183 3
185 186 3
186 187 3
189 190 2
195 196 3
197 198 3
199 200 3
200 201 3
201 202 3
202 203 3
203 204 3
204 205 3
148 206 3
208 209 3
209 210 3
210 211 3
158 217 3
219 220 3
162 221 3
221 222 3
222 223 3
166 225 3
227 228 3
228 229 3
172 231 3
173 231 3
176 177 3
177 178 3
183 184 3
198 199 3
205 206 3
211 212 3
215 216 0
216 217 1
224 225 3
168 225 3
207 208 3
212 213 3
220 221 3
182 240 0
190 191 3
196 197 3
213 214 3
123 181 3
206 207 2
229 288 3
172 288 3
180 181 3
181 182 3
206 265 3
217 218 3
121 179 2
179 180 1
187 188 3
136 195 0
231 288 3
178 179 2
168 284 3
227 284 3
179 237 0
194 195 0
225 284 3
178 236 3
181 240 3
190 306 3
208 266 3
209 266 3
177 236 3
189 306 3
218 277 3
219 277 3
223 280 3
179 236 1
189 247 3
218 276 3
220 277 3
222 280 3
223 282 3
224 282 3
247 306 3
193 252 3
194 252 3
215 272 3
215 273 0
217 275 3
218 275 3
220 279 3
221 279 3
175 291 3
177 234 3
184 242 3
192 251 3
193 251 3
211 269 3
212 269 3
214 272 3
216 273 3
175 234 3
176 234 3
180 238 3
181 238 3
183 241 3
184 241 3
185 242 3
207 266 2
216 275 1
275 276 3
174 232 3
179 238 1
182 241 3
186 244 3
187 244 3
187 245 3
188 245 3
195 253 3
276 277 3
225 283 3
228 286 3
229 286 3
229 287 3
175 232 3
177 235 3
237 238 2
185 243 3
192 250 3
196 253 3
196 254 3
197 255 3
198 256 3
199 257 3
200 258 3
201 259 3
202 260 3
203 261 3
204 262 3
205 263 3
206 264 3
209 267 3
210 268 3
212 270 3
213 271 3
272 273 0
224 283 3
227 285 3
231 289 3
235 236 3
241 242 3
243 244 3
188 246 3
190 249 3
191 249 3
191 250 3
250 251 3
195 252 1
254 255 3
255 256 3
256 257 3
257 258 3
258 259 3
259 260 3
260 261 3
261 262 3
262 263 3
205 264 3
265 266 1
267 268 3
268 269 3
269 270 3
270 271 3
271 272 3
220 278 3
279 280 3
284 285 3
285 286 3
288 289 3
234 291 3
242 243 3
244 245 3
245 246 3
189 246 3
249 306 3
253 254 3
263 264 3
264 265 3
280 282 3
287 288 3
234 235 3
251 252 3
266 267 3
277 278 3
278 279 3
283 284 3
236 237 0
246 247 3
252 253 0
273 275 1
286 287 3
249 250 3
282 283 3
232 291 3
246 305 3
247 305 3
305 306 3
272 330 3
275 333 3
280 339 3
282 339 3
238 297 3
181 297 3
240 241 1
273 332 3
275 332 0
288 346 3
276 333 3
249 307 3
273 330 1
235 292 0
234 292 0
238 296 3
251 309 0
252 310 0
252 309 0
284 342 3
285 342 3
289 346 3
241 299 3
309 310 3
279 337 3
280 337 3
240 297 3
240 299 1
242 299 3
242 300 3
243 300 3
245 303 3
246 303 3
264 322 3
276 335 3
282 340 3
283 340 3
283 342 3
235 294 3
236 294 3
265 322 3
265 323 1
266 323 2
269 327 3
270 327 3
277 335 3
337 339 3
286 344 3
287 346 3
237 294 1
243 302 3
244 302 3
244 303 3
246 304 3
304 305 3
249 308 3
250 308 3
255 314 3
256 314 3
257 315 3
257 316 3
258 316 3
261 319 3
278 336 3
279 336 3
287 344 3
232 290 3
237 295 3
240 298 3
251 308 3
253 310 3
253 312 3
254 312 3
255 313 3
314 315 3
259 317 3
260 318 3
262 319 3
262 320 3
263 321 3
266 324 3
267 324 3
267 325 3
268 326 3
270 328 3
271 329 3
271 330 3
330 331 0
273 331 3
283 341 3
285 343 3
290 291 3
294 295 0
237 296 2
298 299 1
243 301 3
302 303 3
303 304 3
312 313 3
313 314 3
316 317 3
317 318 3
318 319 3
320 321 3
264 321 3
323 324 2
325 326 3
326 327 3
327 328 3
328 329 3
332 333 1
278 335 3
336 337 3
340 341 3
343 344 3
287 403 3
289 347 3
299 300 3
307 308 3
253 311 3
322 323 2
324 325 3
329 330 3
333 335 3
339 340 3
341 342 3
342 343 3
297 298 3
300 301 3
301 302 3
310 311 3
311 312 3
321 322 3
331 332 3
346 347 3
295 296 3
296 297 0
319 320 3
335 336 3
346 403 3
292 294 1
315 316 3
323 381 0
344 403 3
291 292 0
322 381 3
331 389 3
332 389 3
337 396 3
339 396 3
306 307 2
307 366 3
308 366 3
333 391 3
335 391 3
335 393 3
291 350 1
292 350 1
292 293 1
293 294 0
325 384 3
326 384 3
391 393 3
339 397 3
340 397 3
343 401 3
294 352 1
305 363 3
318 376 3
319 376 3
293 352 3
306 363 1
295 353 1
296 353 1
304 363 3
396 397 3
293 350 3
317 375 3
318 375 3
337 395 3
344 402 3
294 353 1
395 396 3
341 400 3
342 400 3
343 402 3
352 353 3
251 366 3
314 372 3
315 372 3
320 379 3
321 379 3
329 387 3
342 401 3
290 349 3
291 349 3
296 355 1
297 355 1
299 357 1
303 361 3
311 369 3
315 373 3
316 373 3
327 386 3
328 386 3
335 394 3
336 394 3
336 395 3
290 348 3
349 350 1
293 351 3
353 355 3
298 356 1
298 357 1
300 357 1
302 361 3
304 361 3
304 362 3
306 364 3
309 367 3
310 369 3
312 370 3
313 371 3
313 372 3
316 374 3
324 382 3
325 383 3
327 384 3
327 385 3
330 388 3
340 398 3
341 398 3
341 399 3
346 404 3
347 405 3
348 349 3
350 351 3
355 356 3
362 363 3
310 367 3
369 370 3
370 371 3
372 373 3
374 375 3
375 376 3
376 377 3
319 377 3
320 377 3
320 378 3
322 379 3
322 380 3
381 382 1
382 383 3
383 384 3
329 386 3
329 388 3
330 389 0
332 391 1
397 398 3
400 401 3
404 405 3
351 352 3
361 362 3
377 378 3
378 379 3
380 381 3
384 385 3
387 388 3
332 390 3
401 402 3
356 357 3
363 364 0
251 367 0
379 380 3
385 386 3
389 390 3
390 391 3
393 394 3
394 395 3
399 400 3
307 364 3
398 399 3
402 403 3
371 372 3
300 416 3
373 374 3
386 387 3
388 389 0
301 361 3
403 404 3
357 416 3
300 417 3
301 417 3
301 360 3
416 417 3
360 361 3
366 367 0
367 369 3
353 412 3
355 412 3
353 411 3
360 417 3
307 423 3
366 423 3
352 411 3
411 412 3
361 419 3
364 423 3
352 410 3
355 413 3
356 413 3
360 419 3
397 455 3
349 408 1
350 408 3
410 411 3
398 455 3
364 422 3
388 447 3
391 451 3
393 451 3
402 460 3
385 443 3
387 446 3
388 446 3
389 447 1
391 449 3
401 460 3
351 409 3
356 415 3
360 418 3
422 423 3
373 431 3
384 443 3
390 449 3
394 452 3
396 454 3
399 458 3
400 458 3
401 458 3
403 462 3
404 462 3
352 409 3
356 414 3
357 415 3
417 418 3
362 419 3
363 421 3
367 426 3
374 431 3
383 442 1
384 442 1
387 445 3
395 452 3
395 454 3
402 461 3
403 461 3
348 406 3
349 407 1
351 408 3
413 414 3
414 415 3
418 419 3
362 420 3
364 421 1
366 424 3
369 428 3
370 428 3
372 430 3
376 434 3
382 440 1
383 441 1
386 444 3
445 446 3
390 447 1
394 451 3
397 454 3
398 456 3
405 463 3
406 407 0
407 408 2
420 421 3
423 424 3
371 428 3
371 430 3
430 431 3
374 432 3
375 433 3
375 434 3
380 439 3
381 439 3
382 439 0
440 441 3
441 442 3
442 443 0
443 444 3
444 445 3
446 447 3
395 453 3
455 456 3
399 456 3
461 462 3
462 463 3
408 409 3
409 410 3
369 427 3
371 429 3
432 433 3
377 434 3
379 438 3
380 438 3
454 455 3
415 416 3
419 420 3
367 368 3
427 428 3
431 432 3
378 436 3
379 436 3
379 437 3
438 439 3
439 440 1
447 449 3
452 453 3
412 413 3
366 541 3
367 541 1
367 425 3
369 426 3
426 427 3
429 430 3
377 435 3
436 437 3
437 438 3
451 452 3
453 454 3
460 461 3
424 541 3
368 541 3
368 425 3
425 426 3
428 429 3
433 434 3
435 436 3
399 457 3
457 458 3
434 435 3
391 508 3
425 541 3
449 508 3
421 422 0
423 481 3
451 508 3
456 457 3
424 481 3
447 506 3
458 460 3
458 517 3
419 477 3
439 497 1
460 517 3
418 477 3
440 497 3
414 473 3
415 473 3
446 504 3
447 504 3
416 474 3
438 496 1
441 500 3
442 500 3
449 506 3
452 510 3
453 510 3
410 469 3
411 469 3
412 471 3
413 471 3
415 474 3
440 499 3
441 499 3
451 509 3
458 516 3
460 518 3
412 469 3
417 474 3
437 496 2
499 500 3
443 500 1
508 509 3
457 516 3
461 518 3
462 520 3
407 465 1
408 465 3
434 492 3
439 496 1
443 502 3
444 502 3
506 507 3
449 507 3
456 514 3
461 520 3
410 468 3
473 474 3
424 482 3
425 483 3
426 483 3
435 493 3
445 504 3
447 505 3
505 506 3
510 511 3
453 511 3
454 512 3
454 513 3
455 513 3
456 513 3
457 514 3
517 518 3
463 521 3
406 464 3
406 465 3
408 466 3
409 467 3
409 468 3
412 470 3
414 472 3
417 475 3
418 476 3
420 477 3
420 478 3
421 479 3
422 479 1
422 480 3
481 482 3
483 541 3
426 484 3
427 484 3
433 492 3
434 493 3
436 493 3
436 494 3
440 556 3
451 510 3
464 465 3
466 467 3
468 469 3
470 471 3
471 472 3
472 473 3
474 475 3
475 476 3
476 477 3
478 479 3
422 481 3
483 484 3
431 490 3
432 490 3
433 490 3
437 494 3
496 497 1
445 502 3
504 505 3
509 510 3
516 517 3
461 519 3
520 521 3
467 468 3
469 470 3
477 478 3
479 480 0
482 541 3
427 429 3
500 502 0
445 503 3
507 508 3
453 512 3
519 520 3
490 492 3
492 493 3
494 496 3
497 556 2
499 556 3
502 503 3
503 504 3
513 514 3
518 519 3
465 466 3
430 488 2
493 494 3
512 513 3
427 544 1
430 546 2
431 546 2
500 501 3
511 512 3
480 481 3
484 544 1
429 544 1
429 487 1
429 488 1
490 546 3
429 486 1
487 488 2
457 574 3
486 544 3
486 487 3
488 546 2
516 574 3
501 502 0
457 573 3
573 574 3
480 538 3
479 538 3
508 566 1
511 569 1
499 557 3
500 558 3
481 538 3
497 555 3
556 557 3
499 558 3
501 558 3
503 561 3
504 561 3
508 567 1
509 567 1
510 567 1
510 568 1
512 569 1
514 573 3
465 523 3
472 530 3
481 539 3
555 556 2
557 558 3
473 530 3
537 538 3
487 545 3
488 545 2
507 565 1
510 569 1
466 525 3
467 525 3
477 536 3
478 536 3
479 537 3
538 539 3
545 546 0
496 554 3
502 560 3
504 562 3
505 563 3
508 565 1
567 568 3
568 569 3
517 574 3
519 578 3
520 578 3
464 523 3
493 552 2
497 554 3
501 559 3
501 560 0
505 562 3
506 563 3
512 571 3
513 571 3
517 576 1
518 576 1
464 522 3
468 526 3
469 527 3
469 528 3
470 528 3
471 529 3
473 531 3
474 532 3
475 533 3
476 534 3
477 535 3
482 540 3
492 551 2
494 552 3
559 560 0
561 562 3
562 563 3
506 564 3
565 566 3
566 567 3
522 523 3
525 526 3
526 527 3
527 528 3
529 530 3
530 531 3
531 532 3
532 533 3
533 534 3
534 535 3
536 537 3
481 540 3
493 551 2
496 552 2
558 559 3
560 561 3
563 564 3
506 565 1
512 570 1
466 524 3
535 536 3
540 541 3
521 578 3
524 525 3
471 528 3
537 539 3
490 549 2
552 554 2
564 565 3
569 570 3
514 571 3
574 575 1
517 575 1
521 579 2
490 548 3
492 549 3
519 576 1
519 635 1
466 523 3
528 529 3
483 542 3
484 542 3
487 544 3
551 552 3
575 576 3
578 635 1
578 579 1
523 524 3
541 542 2
570 571 0
544 545 3
549 551 3
571 573 3
576 635 3
539 540 3
548 605 3
552 611 3
554 555 3
548 549 3
549 608 3
546 548 3
551 608 3
539 597 2
554 611 2
542 544 3
546 605 3
523 581 3
537 597 0
541 599 3
546 603 3
579 635 1
522 581 3
524 581 3
540 599 3
542 599 3
545 603 3
551 611 3
571 629 1
528 586 3
530 588 3
531 588 3
531 589 3
542 600 3
529 586 3
599 600 3
605 606 3
548 606 3
548 607 3
564 622 3
566 624 3
570 629 2
571 630 1
574 632 1
575 632 3
588 589 3
532 589 3
536 593 3
603 605 3
549 607 3
551 610 3
560 618 2
563 622 3
567 624 3
568 627 3
569 627 2
570 628 2
573 630 1
529 588 3
535 593 3
540 597 2
559 618 0
561 620 2
562 620 2
565 623 3
568 626 3
569 628 2
573 631 1
574 631 1
522 580 3
524 582 3
525 583 3
526 584 3
527 585 3
528 585 3
532 590 3
533 591 3
534 592 3
535 592 3
536 594 3
537 595 3
540 598 2
551 609 3
610 611 3
555 613 3
558 616 3
559 616 3
563 620 2
564 623 3
567 625 3
567 626 3
626 627 3
575 633 3
580 581 3
582 583 3
583 584 3
584 585 3
590 591 3
534 591 3
537 594 3
597 598 3
542 601 3
544 601 3
604 605 3
606 607 3
609 610 3
556 615 3
557 615 3
557 616 3
561 618 2
623 624 3
627 628 3
628 629 3
629 630 3
630 631 3
631 632 3
581 582 3
589 590 3
591 592 3
595 597 3
597 654 3
600 601 3
603 604 3
607 608 3
608 609 3
556 613 2
559 617 3
561 619 2
625 626 3
632 633 3
575 634 3
576 634 3
592 593 3
593 594 3
594 595 3
598 599 3
544 602 3
616 617 3
617 618 3
618 619 3
619 620 3
633 634 3
585 586 3
595 654 3
545 602 3
615 616 3
624 625 3
634 635 3
622 623 3
554 613 3
556 614 3
601 602 3
602 603 3
579 636 2
613 614 2
529 646 3
614 615 3
563 679 2
635 636 3
586 646 3
588 646 3
611 613 2
620 679 3
622 679 2
579 695 2
636 695 3
615 617 3
611 670 3
613 670 2
613 671 2
592 649 3
610 669 3
611 669 3
670 671 3
622 680 2
623 680 2
623 682 2
624 682 2
586 645 3
591 649 3
595 653 3
669 670 3
645 646 3
653 654 3
598 600 3
634 693 3
635 693 3
581 639 3
589 646 3
589 648 3
590 648 3
597 655 3
605 664 3
606 664 3
607 664 3
607 665 3
608 665 3
608 666 3
609 666 3
609 668 3
610 668 3
679 680 3
623 681 2
582 639 3
585 643 3
593 651 2
594 651 3
598 655 3
604 662 3
605 662 3
668 669 3
680 681 3
580 638 3
580 639 3
582 640 3
583 641 3
584 642 3
586 644 3
589 647 3
591 648 3
592 651 2
601 659 3
605 663 3
664 665 3
665 666 3
609 667 3
620 678 3
681 682 3
627 686 3
628 686 3
629 687 3
630 688 3
631 689 3
632 689 3
632 690 3
633 691 3
634 692 3
635 694 3
636 694 3
638 639 3
583 640 3
641 642 3
584 643 3
585 644 3
646 647 3
649 650 3
592 650 3
600 659 3
602 659 3
663 664 3
666 667 3
667 668 3
619 678 3
678 679 3
625 682 2
625 684 2
626 684 2
627 684 2
686 687 3
630 687 3
688 689 3
690 691 3
691 692 3
694 695 3
639 640 3
648 649 3
650 651 3
594 653 3
654 655 3
603 661 2
604 661 3
689 690 3
692 693 3
642 643 3
647 648 3
602 661 2
625 683 2
693 694 3
640 641 3
643 644 3
644 645 3
598 656 3
598 658 3
600 658 3
617 619 2
682 683 3
655 656 3
662 663 3
614 671 2
683 684 3
684 686 3
687 688 3
614 617 3
684 743 3
656 658 3
619 735 3
686 743 2
658 659 3
661 662 3
617 733 2
617 734 2
619 734 3
678 735 3
614 731 2
617 732 2
733 734 3
602 718 2
614 672 2
617 731 2
732 733 3
734 735 3
651 653 3
661 718 3
671 672 3
672 731 3
731 732 3
656 715 3
658 715 3
659 718 3
661 720 3
662 720 3
647 705 3
647 706 2
648 706 2
686 744 2
689 748 3
690 748 3
646 705 2
649 707 2
651 710 3
653 710 3
653 711 3
654 711 3
656 714 3
714 715 3
670 728 3
743 744 3
644 701 3
650 709 3
651 709 3
663 722 3
664 722 3
671 728 3
641 699 3
643 701 3
710 711 3
658 716 3
659 717 3
682 740 3
686 745 2
687 745 2
646 703 3
646 704 3
650 708 3
655 714 3
659 716 3
717 718 3
663 721 3
667 725 3
668 725 3
681 740 3
682 741 3
683 741 3
684 742 3
691 748 3
693 751 3
694 751 3
638 696 3
639 697 3
640 698 3
640 699 3
642 699 3
642 700 3
644 702 3
645 702 3
645 703 3
649 708 2
715 716 3
662 721 3
665 722 3
665 723 3
666 724 3
667 724 3
668 726 3
669 727 3
671 729 3
672 730 3
735 736 3
678 736 3
679 737 3
680 738 3
681 739 3
742 743 3
689 747 2
691 749 3
692 750 3
694 752 3
695 753 3
696 697 3
640 697 3
698 699 3
699 700 3
700 701 3
703 704 3
649 706 2
709 710 3
655 713 3
721 722 3
722 723 3
665 724 3
725 726 3
669 726 3
727 728 3
728 729 3
729 730 3
678 737 3
737 738 3
681 738 3
739 740 3
741 742 3
744 745 3
688 745 2
688 746 2
688 747 3
748 749 3
749 750 3
692 751 3
752 753 3
697 698 3
701 702 3
706 707 3
707 708 3
711 712 3
713 714 3
716 717 3
723 724 3
726 727 3
730 731 3
738 739 3
745 746 3
747 748 3
751 752 3
654 712 3
746 747 3
750 751 3
724 725 3
736 737 3
740 741 3
704 705 3
720 721 3
705 706 3
655 712 3
718 720 3
708 709 3
712 713 3
702 703 3
718 777 3
720 777 3
706 765 3
707 765 3
712 770 3
713 770 3
720 778 3
702 760 2
721 778 3
703 760 2
703 762 2
708 766 3
709 766 3
711 769 3
715 773 3
701 760 2
705 763 3
712 769 3
716 773 3
730 789 3
731 789 3
748 806 2
749 807 2
752 810 3
704 762 3
704 763 3
706 763 3
707 766 3
710 766 3
717 775 3
732 790 3
733 791 3
734 791 3
735 793 3
740 799 3
741 799 3
747 806 3
748 807 3
750 808 2
751 808 2
751 810 3
698 756 3
699 756 3
699 757 3
700 757 3
700 759 2
701 759 2
703 761 2
765 766 3
714 772 3
718 775 3
721 780 3
722 780 3
728 787 3
729 787 3
733 790 3
734 792 3
734 793 3
736 793 3
742 799 3
743 801 3
745 803 3
746 805 3
747 805 3
696 754 3
756 757 3
760 761 3
706 764 3
769 770 3
713 771 3
772 773 3
716 774 3
717 774 3
718 776 3
721 779 3
723 781 3
724 782 3
725 783 3
726 784 3
727 785 3
728 786 3
730 788 3
731 790 3
792 793 3
736 794 3
737 795 3
738 796 3
739 797 3
742 800 3
744 801 3
744 802 3
744 803 3
806 807 3
750 807 2
751 809 2
753 811 3
697 754 3
697 756 3
759 760 3
762 763 3
764 765 3
771 772 3
775 776 3
776 777 3
777 778 3
778 779 3
780 781 3
724 781 3
782 783 3
783 784 3
784 785 3
785 786 3
786 787 3
787 788 3
790 791 3
791 792 3
793 794 3
794 795 3
795 796 3
796 797 3
799 800 3
800 801 3
805 806 3
808 809 3
810 811 3
763 764 3
770 771 3
773 774 3
774 775 3
779 780 3
802 803 3
807 808 3
809 810 3
757 758 3
700 758 3
761 762 3
710 769 3
781 782 3
789 790 3
740 797 3
801 802 3
746 804 3
697 813 0
758 759 3
788 789 3
745 804 3
804 805 3
740 856 3
756 813 2
797 856 3
799 856 3
766 769 3
766 826 3
754 813 0
762 820 3
769 826 3
803 804 3
766 825 3
825 826 3
773 831 3
776 835 3
777 835 3
804 862 3
763 821 3
774 831 3
778 835 3
803 862 3
757 815 3
758 816 3
764 821 3
764 822 3
765 822 3
758 815 3
762 821 3
766 824 3
791 849 3
856 857 3
799 857 3
806 863 3
809 868 3
810 868 1
756 814 3
757 814 3
761 820 3
824 825 3
772 831 3
775 833 3
776 833 3
790 849 3
800 857 3
800 858 3
801 860 3
802 860 3
804 863 3
805 863 3
815 816 3
759 816 3
760 818 3
820 821 3
769 827 3
770 828 3
771 829 3
772 830 3
774 832 3
776 834 3
778 836 3
779 837 3
780 838 3
781 839 3
782 840 3
783 841 3
784 842 3
785 843 3
786 844 3
787 845 3
788 846 3
789 847 3
790 848 3
792 849 3
792 850 3
793 851 3
794 852 3
795 853 3
796 854 3
797 855 3
801 858 3
801 859 3
811 868 1
811 869 1
754 812 3
761 819 3
826 827 3
769 828 3
828 829 3
830 831 3
832 833 3
834 835 3
835 836 3
836 837 3
837 838 3
838 839 3
839 840 3
840 841 3
841 842 3
842 843 3
843 844 3
844 845 3
788 845 3
789 846 3
847 848 3
848 849 3
850 851 3
851 852 3
852 853 3
853 854 3
854 855 3
855 856 3
857 858 3
858 859 3
803 860 3
806 864 3
807 864 3
807 865 3
868 869 3
812 813 0
813 814 2
814 815 3
759 817 3
760 819 3
819 820 3
821 822 3
772 829 3
831 832 3
833 834 3
845 846 3
846 847 3
849 850 3
859 860 3
863 864 3
864 865 3
818 819 3
765 824 3
827 828 3
829 830 3
809 866 3
866 868 3
760 817 3
862 863 3
808 866 3
822 824 3
807 866 3
860 862 3
817 818 3
865 866 3
822 881 3
824 881 3
860 919 3
862 919 3
816 817 3
815 817 3
822 880 3
812 871 0
813 871 3
880 881 3
866 925 3
862 921 3
863 921 3
863 922 3
864 922 3
827 885 3
814 871 2
828 885 3
840 898 3
855 914 3
856 914 3
857 914 3
865 923 3
866 924 3
868 925 3
818 876 3
819 877 3
820 877 3
826 884 3
827 884 3
835 893 3
836 893 3
839 897 3
841 898 3
843 901 3
844 901 3
848 907 3
849 907 3
860 918 3
864 923 3
817 874 3
817 875 3
818 875 3
830 888 3
830 889 3
831 889 3
848 906 3
851 909 3
853 911 3
859 918 3
918 919 3
865 924 3
815 874 1
819 876 3
824 882 3
825 883 3
884 885 3
828 886 3
829 888 3
832 890 3
833 891 3
834 891 3
834 892 3
834 893 3
836 894 3
837 895 3
838 896 3
841 899 3
842 900 3
844 902 3
845 902 3
845 903 3
846 904 3
847 905 3
850 908 3
852 909 3
852 910 3
854 911 3
854 912 3
855 913 3
857 915 3
858 916 3
859 917 3
919 920 3
862 920 3
924 925 3
868 926 3
869 927 3
812 870 1
814 872 1
815 873 1
874 875 3
875 876 3
821 880 3
881 882 3
882 883 3
826 883 3
885 886 3
829 886 3
829 887 3
889 890 3
890 891 3
894 895 3
895 896 3
896 897 3
839 898 3
899 900 3
900 901 3
903 904 3
904 905 3
905 906 3
907 908 3
908 909 3
909 910 3
910 911 3
912 913 3
913 914 3
914 915 3
915 916 3
916 917 3
917 918 3
926 927 3
870 871 0
815 872 1
876 877 3
883 884 3
886 887 3
887 888 3
892 893 3
893 894 3
897 898 3
898 899 3
901 902 3
902 903 3
906 907 3
920 921 3
923 924 3
872 873 3
821 879 3
888 889 3
891 892 3
911 912 3
921 922 3
871 872 1
873 874 3
821 877 3
879 880 3
922 923 3
925 926 3
877 879 3
877 936 3
879 936 3
927 985 3
874 932 3
921 980 3
922 980 3
926 985 3
909 967 3
919 978 3
920 978 3
871 929 1
872 929 1
873 931 3
874 931 2
883 942 3
908 967 3
923 980 3
926 984 3
872 931 3
877 935 3
879 937 3
884 942 3
910 967 3
917 975 3
925 983 3
925 984 3
870 929 3
875 933 3
935 936 3
881 940 3
882 940 3
885 943 3
886 944 3
903 962 3
904 962 3
910 968 3
916 975 3
920 979 3
921 979 3
923 982 3
924 982 3
870 928 3
931 932 1
874 933 3
880 938 3
881 939 3
883 940 3
884 943 3
885 944 3
887 945 3
888 946 3
889 947 3
890 947 3
890 948 3
891 949 3
892 950 3
893 951 3
894 952 3
895 953 3
896 954 3
897 955 3
898 956 3
899 957 3
900 958 3
901 959 3
902 960 3
903 961 3
905 963 3
906 964 3
907 965 3
908 966 3
911 968 3
911 969 3
912 970 3
913 971 3
914 972 3
915 973 3
916 974 3
918 976 3
928 929 3
876 933 3
936 937 3
937 938 3
938 939 3
944 945 3
945 946 3
946 947 3
947 948 3
948 949 3
949 950 3
950 951 3
951 952 3
952 953 3
953 954 3
954 955 3
955 956 3
956 957 3
957 958 3
958 959 3
959 960 3
960 961 3
961 962 3
962 963 3
963 964 3
964 965 3
965 966 3
967 968 3
969 970 3
970 971 3
971 972 3
972 973 3
973 974 3
974 975 3
975 976 3
919 976 3
932 933 3
939 940 3
943 944 3
966 967 3
919 977 3
925 982 3
983 984 3
984 985 3
968 969 3
976 977 3
977 978 3
979 980 3
980 982 3
877 933 3
978 979 3
982 983 3
942 943 3
940 942 3
929 931 0
933 992 3
877 992 3
935 992 3
931 988 1
929 988 3
931 989 1
984 1042 3
988 989 3
940 999 3
942 999 3
983 1042 3
932 989 3
982 1040 3
968 1026 3
980 1040 3
935 993 3
967 1026 3
992 993 3
933 991 3
942 1000 3
947 1005 3
951 1009 3
952 1009 3
979 1037 3
983 1041 3
1041 1042 3
991 992 3
999 1000 3
943 1000 3
946 1005 3
948 1007 3
949 1007 3
953 1011 3
954 1011 3
962 1020 3
976 1034 3
978 1037 3
980 1039 3
1039 1040 3
932 991 3
937 995 3
938 995 3
949 1008 3
950 1008 3
963 1020 3
970 1029 3
971 1029 3
973 1032 3
974 1032 3
977 1034 3
980 1037 3
983 1040 3
985 1042 3
928 986 3
929 987 3
936 993 3
936 994 3
938 996 3
939 997 3
940 997 3
943 1001 3
944 1002 3
945 1003 3
946 1004 3
948 1006 3
952 1010 3
952 1011 3
954 1012 3
955 1013 3
956 1014 3
957 1015 3
958 1016 3
959 1017 3
960 1018 3
961 1019 3
963 1021 3
964 1022 3
965 1022 3
965 1024 3
966 1024 3
967 1025 3
968 1027 3
969 1027 3
969 1028 3
970 1028 3
972 1030 3
973 1031 3
975 1033 3
978 1036 3
985 1043 3
986 987 3
987 988 3
993 994 3
936 995 3
996 997 3
1001 1002 3
1002 1003 3
1003 1004 3
1004 1005 3
1005 1006 3
1008 1009 3
1009 1010 3
1011 1012 3
1012 1013 3
1013 1014 3
1014 1015 3
1015 1016 3
1016 1017 3
1017 1018 3
1018 1019 3
1019 1020 3
1020 1021 3
1021 1022 3
1024 1025 3
1025 1026 3
1028 1029 3
1029 1030 3
1030 1031 3
1032 1033 3
1033 1034 3
995 996 3
1000 1001 3
1006 1007 3
1007 1008 3
1031 1032 3
1036 1037 3
1040 1041 3
1042 1043 3
994 995 3
1010 1011 3
1026 1027 3
1027 1028 3
977 1036 3
1037 1039 3
1034 1036 3
989 991 3
