0.08572571082 0.03438839713 1.051838942
0.09391556327 -0.01050055951 2.522105092
0.07176357315 -0.002655404804 3.094962373
0.03491370044 0.008515797394 5.220545347
-0.003482102564 0.008196188846 8.170565775
0.001802031032 0.05396668164 6.045736659
0.05012796801 0.1101815365 -1.585604027
0.01695921179 0.008203832323 5.439940804
-0.05377998747 0.001466494052 18.10749663
0.007324161659 -0.01535579666 7.231366049
-0.09326137428 0.02588743281 27.2692012
-0.0528494812 0.009780640796 17.44242931
-0.007417070542 -0.04578439257 6.079781425
0.0122559414 0.03827612768 -2.093921213
-0.003010951719 -0.007817605003 3.898105184
-0.01242688149 0.04261488473 6.824532341
0.008529698406 0.03813592974 -0.5104297374
-0.00120826999 -0.01171580173 4.004511541
0.03929505776 -0.04569176167 -11.44347463
0.001702599868 -0.006224320348 1.569586449
0.01213959873 -0.02317965225 -2.173639932
0.009286351533 -0.02231332207 -0.8388398369
-0.01108686421 -0.002673015384 8.480458114
-0.02224892967 -0.00510294744 14.37417949
-0.005465358434 0.02822271891 4.630156159
-0.002952821724 0.01495645911 3.411355418
0.006193379376 0.0008744449331 -1.416401084
0.01299813627 -0.01191159107 -4.931415538
0.02948863374 -0.0205416676 -14.69559311
0.05280555973 -0.07308935515 -26.40589494
0.05114989966 -0.05166118144 -27.54075614
0.07307495573 -0.002760646191 -43.56432722
0.07724864868 -0.05595398109 -44.81923659
0.1214152931 -0.05097837678 -76.2300248
-0.2173168704 -0.2123704581 170.2077808
0.07891002707 -0.0332051929 -55.81306739
0.02542226375 -0.05993508195 -12.7322582
0.003685249874 -0.04071231308 3.541791009
0.1534422266 -0.0144071612 -113.3191762
-0.2188944732 -0.1898472717 203.3497634
-0.01757918488 -0.1347142579 26.13259714
0.1991355948 -0.02622342742 -166.4178189
0.1779664248 -0.002122406847 -146.5881025
0.09589116045 -0.01312964435 -70.00514656
0.0565184427 -0.006996361791 -33.66558282
0.02935182918 -0.3540241849 -11.39832022
-0.001954354507 -0.01014799939 8.608086179
0.09621098682 -0.004153578211 -91.49389285
0.1117144837 0.1001803192 -108.5981695
0.1548975286 -0.04052941017 -151.6683655
-0.05592217204 -0.05735157746 68.15579177
-0.02527814908 -0.06323724494 34.94485587
-0.008382290687 0.01295093744 14.63062389
-0.004790166456 0.005683691783 10.73157347
-0.02006196045 -0.01718467439 29.33433228
-0.01964461775 -0.0502695203 29.7008325
0.03152972146 0.03531975149 -30.51474276
-0.05676329651 -0.01457420266 73.61638842
0.08157529724 -0.005085663954 2.979324184
0.06567426602 0.001302849594 3.808029415
0.04135973719 0.01156403467 4.535583022
0.03750412818 0.01025474796 4.994743365
0.01004253314 0.01910769385 6.802898912
-0.002450798543 0.04213813513 7.161638803
0.0105315161 0.03357427034 5.798566375
-0.001292248956 0.005267357906 8.453446461
0.001340538692 0.003772825788 7.98046919
-0.00073889604 0.001316217082 8.556467558
-0.06396232755 0.01643668947 21.48184477
-0.038408197 -0.009972104161 13.80914703
0.006828605976 0.02640357388 -0.2360017083
0.004412998655 0.01841975618 1.266207924
0.005378346117 0.01526385727 0.9897887384
0.008265109097 0.009833773015 0.602533676
-0.005378155322 0.01931460086 4.901586413
-0.009176154606 0.006706738282 6.078635554
-0.01354585223 0.01281172876 6.842606703
-0.008662423075 0.006138757161 5.239114166
0.009385013098 -0.001932443982 -1.630957628
-0.01082452405 -0.001263222171 8.344606485
0.01186402912 -0.0212576716 -1.974455597
0.002717684544 -0.00571621868 1.920429164
0.01186994032 -0.03058457513 -1.745275421
-0.007311586039 0.01164082221 6.075389141
0.0204256737 0.009262010476 -9.326170275
0.006536606669 0.0115235295 -0.2305329785
0.01461843358 -0.009772580721 -5.11864845
0.05264098541 0.02378431313 -19.27814152
0.1024947512 0.02543268419 -52.23098268
0.05364223975 -0.02842753957 -29.58610722
0.1063503231 0.03147521024 -60.71564208
0.0118186945 0.006601008523 7.31165849
0.009161237994 -0.01911928746 10.55714017
0.04183256689 -0.01131898634 -27.50446627
0.02681245551 -0.02589553071 -15.32182226
0.01104133676 -0.009272910866 -3.265727253
0.02439788541 -0.002801981619 -14.46612373
0.04926154747 -0.02647940448 -34.57313634
0.1350222532 -0.02952134195 -108.0688039
0.1942538502 0.01363984095 -161.9970221
0.1813924392 0.036379123 -150.721385
0.06719914096 -0.00342952777 -43.1102101
-0.6710216219 -0.1033959732 660.002387
0.008700314864 -0.001456219194 -2.249775436
0.001036215893 -0.01034898439 5.686473406
0.02206579659 -0.03434511661 -14.93701104
-0.006906720147 0.01520311238 12.39687365
0.07181366624 -0.09143713457 -61.55718417
-0.005376800127 -0.008536273176 11.86700474
-0.005955810856 -0.001566018012 12.14102847
-0.005492395553 0.004050528575 11.5687393
-0.007907074666 0.002027151129 14.53653133
-0.001665902893 -0.01631878499 7.634252082
-0.01564147788 -0.04088062355 25.50728327
-0.01642760601 -0.002691065032 24.25534719
-0.01549241779 -0.01061402686 23.05141796
0.0935821036 0.005938844736 2.265996343
0.04740873032 0.006624910046 4.426201646
0.07324750686 0.009300187529 2.968728738
0.04064394316 0.007083406787 5.229012207
8.552356421e-05 0.002639834754 8.61524778
-7.004616943e-05 0.003991075892 8.418299251
0.004746588807 0.004227372409 7.699939884
-0.003081758889 0.00247789281 8.872398106
-0.01102459419 -0.001014671879 10.62615854
-0.03989799072 0.01023011447 16.21332042
-0.06420675435 -0.007855841273 21.39457994
-0.09654754048 -0.01646903525 28.54655285
0.006206339643 0.003043237359 1.07913995
0.009850259206 0.02720328743 -0.4348613921
0.01668455669 0.03164417783 -2.938297602
0.01148453936 0.0324225263 -1.221961068
-0.02263550339 0.0237926288 11.24387292
-0.07429971195 0.1365561195 24.752293
-0.00293895903 0.01252468714 3.865586211
0.01092535977 -0.04384557017 -1.329692048
-0.005391191749 0.004069979674 4.586162653
0.0077502276 0.003249419197 -1.273502129
0.00410735151 0.01220711866 -0.2387888094
0.005831931711 0.002362704328 -0.1696490239
0.00594153603 0.03102189111 -1.98292202
-0.01801239536 0.0137481853 11.69266344
0.007785366013 -0.004302376479 -2.029433467
-0.01234165159 0.294721314 -5.083210728
-0.001667413024 -0.01692318151 3.985836933
0.03000318221 0.007636119717 -4.092401164
0.02527772323 -0.009051168006 -0.4005706991
0.01097861118 -0.07650719854 12.04210132
0.0122698352 0.008542936294 6.900989753
0.004634518962 -0.006806214803 13.00904869
-0.05104620583 -0.04848905471 46.21135255
-0.01341199921 0.005957085779 14.52061109
0.02112619699 0.009600454244 -12.12011363
0.01941230218 0.0002716844131 -10.33419449
0.02008490014 -0.001000417571 -10.98919269
0.04747657617 -0.006914035312 -33.53980627
0.1456272435 -0.03927907011 -116.9240048
0.1797621372 -0.003150899581 -148.4247905
0.05477217098 0.05000742672 -33.69058892
0.02334392773 0.01470658015 -2.784961261
0.01021313997 -0.001580300753 10.30704113
0.03026374469 -0.05592152555 -20.55066797
-0.005548176908 -0.002287081313 11.93534714
-0.00795436536 -0.0026564449 14.45075252
-0.0143532625 0.003125087147 20.73078983
-0.01434164952 -0.009364299926 21.82908719
0 0 -1
-0.009657088366 -0.005654506246 16.6173213
-0.008298502282 -0.004657270422 15.20140564
-0.000361672438 -0.004672149754 6.124153212
-0.009890569227 -0.006663227132 17.35996756
-0.03838236081 -0.007209869592 50.86768858
-0.009582005258 -0.02476777404 17.94121756
-0.04005522207 -0.02531709047 53.65143986
0.01925906192 -0.07589841346 11.40259163
0.04267105013 -0.01262121622 5.607775674
0.04905124366 0.01135835864 3.528231092
0.02758276032 -0.005621077722 6.693397645
0.004437207948 -0.00253371492 8.397630227
-9.732145666e-05 -0.0005535147132 8.634509712
0.008107688385 0.004336494848 7.004852247
0.0005001140678 0.01059438523 7.7930044
-0.02141194364 -0.004360367197 12.93188521
-0.03919162989 0.01298292399 15.36794696
-0.05785476847 -0.005395026938 19.55667809
-0.02037336732 0.01537921072 8.093240248
0.01088140801 0.022701074 -0.847533956
0.002129548733 0.009010480417 2.85363168
0.01431080135 0.0184640549 -1.220339701
-0.004530514938 0.01427617109 5.339825858
-0.00738163282 0.008239048131 6.916537726
-0.01137990472 0.01224400155 8.185007668
-0.05013906511 0.03365498 21.3336544
0.004196002594 0.002345076971 -0.1861042956
0.003109091888 0.01500351173 0.3365690676
0.006831700751 0.001437630797 -1.078810171
0.004363538312 0.03787403555 -2.012086162
0.02842067079 0.04135328089 -14.17843877
-0.003859495465 0.03167590182 3.392633346
-0.01886108255 0.02620072045 11.39477284
-0.003179025786 0.03230816991 1.571737744
-0.006465267445 0.01618614977 4.94941873
0.0008168552062 -0.00899296455 2.084759443
0.0474621836 -0.02548897061 -25.08751313
0.04702471341 -0.01803846148 -25.97352148
0.08761756199 -0.03428495938 -49.68177796
-0.05044132403 -0.05568835616 47.19926282
-0.04245525884 -0.05347291207 40.22579477
-0.006149884561 -0.01186230427 10.18572979
0.004249981019 0.001944566629 1.484221867
0.01712786564 0.007746539524 -8.725350765
0.00803391928 0.003067181781 -1.166634436
0.01061852257 -0.004268005027 -2.923640766
0.04267306368 -0.01593320221 -28.84982351
0.1200043825 -0.06265991507 -92.39490636
0.002957288417 0.002642191062 17.00541942
0.01320810683 0.03168601912 5.264403092
0.01540138507 0.001134954136 5.511449178
-0.002763484457 0.005495212461 22.38581954
0.003841646197 0.004383393622 15.95175994
0.005260126022 -0.0008806803454 1.155420677
-0.008236264861 -0.00167779772 14.87001923
-0.01014308221 0.003145103606 16.38695944
-0.0162099249 -0.01209006359 24.09545299
-0.007048060218 -0.01092649625 14.17560897
-0.005100447198 -0.004590245332 11.61361734
-0.01328369479 -0.007947721685 20.90247519
-0.006970265262 -0.0257361951 15.22457737
-0.03543249815 -0.02795612988 48.76754939
-0.04198308079 -0.04280666785 57.45227747
-0.04246930673 -0.0264182867 56.01411239
0.008878425367 0.007629379623 -8.853828005
0.05509992675 -0.05148341613 7.06793802
0.05975739225 -0.07049672589 9.141142042
0.05309297081 -0.1065497359 13.19866886
0.06049044839 -0.004681800892 3.870080257
0.01110251317 0.01845544883 5.795384995
-0.007505475993 0.01341866185 8.254642417
0.00986759698 0.005543357675 6.769361663
-0.002508678667 -0.01142231737 10.40396377
-0.02253357564 -0.00601165703 13.4197085
-0.05704110489 -0.005780763957 20.01690418
-0.0907067187 -0.01905107143 28.52693871
-0.04308424907 -0.002177429137 14.88699219
0.001027918362 0.006281999739 3.316144819
0.01338481142 0.005496866022 -0.1515845561
0.01646193431 0.007730706705 -1.076910931
0.002533468367 0.002937374771 3.815437411
0.003558974102 0.007232987998 3.059273703
-0.007294178622 0.01119092818 6.670549595
-0.02352873722 0.01211774943 12.84774153
-0.02888474784 0.02129966816 13.485177
-0.01870029845 0.01385821153 9.808067722
-0.006755114893 0.007369018963 5.098300335
0.02196709698 0.02946763245 -10.58098514
0.02098899718 0.03718580009 -10.05794814
-0.02265239871 0.02524834063 13.84552921
-0.02657935371 0.03006920402 15.07514928
0.01462803802 0.1133081003 -16.34515819
-0.005053195581 0.01562275705 4.425029384
0.006924267817 0.0004790134988 -1.571830913
0.1065316178 0.007075826736 -63.59073659
-0.02584966133 -0.1697273478 42.13076019
-0.01413992671 -0.1233243632 29.02304042
-0.02891231856 -0.08225092718 34.66178831
-0.02617696594 -0.06230126334 29.27718759
0.007660217389 -0.01655352922 0.5561413181
0.01518996816 0.007257714046 -7.277446498
0.01121737375 0.008416868399 -4.258540296
0.01302004343 0.006839726318 -5.617202741
0.01552310023 0.01448566255 -8.525667266
0.03782427897 0.01713785568 -16.83900473
0.06126091014 -0.03140490934 -44.96047725
0.003952296797 0.002204548702 16.09299942
0.004873084382 0.00287540654 15.17192469
0.01289954377 -0.004050029518 8.224736377
0.01382229307 0.001353295666 6.860440538
0.00709702702 0.006598162405 12.77438506
0.004925240558 -0.0160673942 2.710399452
-0.004985475203 -0.01308672592 12.50852454
-0.01498892388 -0.01137884096 22.74546642
-0.009237768327 -0.02376102956 17.94162674
-0.001678058563 -0.03916953603 10.47189854
0.007773329522 -0.03499102162 -0.3847943501
0.000969913678 -0.005500814905 4.448983523
-0.01878532083 -0.0371630448 29.49199993
-0.01050118835 -0.03120392288 19.34099431
-0.0268275307 0.005838998143 34.61426946
0.01211206035 0.03254595334 -15.56677531
0.007670178826 0.02675819551 -9.499714228
0.02297957663 -0.03334621227 5.413813023
0.02663787513 -0.05028827385 7.223974579
0.01272422512 -0.04447565213 7.129333117
0.01456112737 -0.02315061692 4.455918328
-0.01193930305 0.06173942347 3.200289563
-0.02553508602 0.01951905098 9.711289225
-0.0223772591 -0.0116004582 13.2660508
-0.03374031368 -0.06157367676 21.16337788
-0.02796124424 -0.0340124945 17.13115086
-0.01337777353 -0.0175777262 12.60313622
-0.09011734825 -0.02338743993 29.32770335
0.007813777627 -0.0007406193622 2.095690348
0.01111686501 0.001341810854 1.130810828
0.02203925926 0.01540737482 -3.723172223
0.009260905977 -0.003061616145 2.389960762
0.005109868842 -0.007553313009 4.15358954
0.006816758664 0.002486345663 2.416828163
-0.01195803991 0.01086093322 8.356060907
-0.01457448747 0.005659540533 9.756714794
-0.02735336544 0.01368867891 13.74293552
-0.01621523168 0.01794745822 8.252710638
0.008311112384 0.01936574469 -3.220696897
0.0374014376 0.02134032959 -17.06340815
0.02513573952 0.02224252287 -10.8232997
-0.01392326942 0.005438790504 11.30896812
-0.02044943271 0.02294494894 12.52303086
-0.01487656525 0.02534346143 9.245522845
-0.01253048368 0.009863800871 9.399393751
-0.005878060733 0.006662430584 5.770117223
-0.05470923624 -0.02291720182 40.30410151
0.006848216196 -0.1158417104 12.99602102
0.001835045959 -0.08947617667 12.49670542
-0.01622311384 -0.09582755885 25.28956813
0.00207101928 -0.06970301263 10.27668128
0.03107228431 -0.03485963893 -14.65212166
0.02827591436 -0.009462475564 -15.42219917
0.02055999058 -0.003311179147 -10.3212564
0.01698915158 0.01877123254 -10.16145171
0.01983429071 0.01222179256 -11.91948251
0.003797947865 0.03767331582 10.13837652
0.02591640051 -0.0109980823 -16.13014861
0.002355234699 -0.0008197122625 17.87123019
0.003351049996 0.00110421057 16.83113703
0.009240478794 0.002820056696 11.15017332
0.01016191592 0.004232473564 10.08877022
0.008972090289 0.005590918461 11.07902384
0.0220043397 -0.01338600359 -15.07232462
0.02060650428 -0.02302937555 -12.86172062
-0.007089926849 -0.001045576917 13.01487186
-0.0265471782 0.01249477179 32.02731659
-0.001632954221 0.01959743775 3.119287792
0.02767036038 0.03841341805 -30.68304457
-0.0009494877133 0.003905608452 4.19473533
-0.02845621673 0.01506286984 34.61578233
-0.00723352732 -0.01226711064 12.98574792
0.01274900632 -0.0001118277749 -11.62855462
-0.03130441294 0.03347246571 37.3989498
0.008124972672 0.03844818562 -11.47650946
0.02152689111 0.01115493879 -0.5612128106
0.02217834242 -0.01645968226 3.295473959
0.03311138395 -0.006696759626 1.278070091
0.5548326275 0.03351022903 -40.3523207
0.2295436602 -0.0004346747444 -6.021230712
-0.06806598789 0.03387193157 13.33336088
-0.05415688537 -0.02978946759 19.97924062
-0.01913561985 -0.1129436364 25.40576173
0.01580135297 -0.1243754365 20.46052108
-0.03461702487 -0.03106846156 18.23187001
-0.05773773151 -0.01677283831 19.77649438
0.001925274452 -0.01851916307 5.848635696
0.02136136298 -0.01442662232 0.407351734
0.02549363687 -0.003819416253 -2.234214726
0.0126836542 -0.01218884828 2.466753024
0.004150793839 -0.008158133516 4.619796056
0.01595003633 -0.001513368566 -0.4137541271
0.03812674889 0.02427582666 -12.33192696
-0.02886991905 0.02921142641 12.42131793
-0.01968688778 0.03529498484 7.394612676
-0.02191919047 0.02615414959 9.727643094
5.263510297e-05 0.0146322763 1.307341441
0.4199969798 0.03944073148 -200.4003077
0.01533451003 -0.004174827757 -2.69724923
-0.02154471468 -0.004700700814 16.43262395
-0.01972353343 -0.01126378384 16.53997369
-0.01435822952 -0.006537197249 12.68667405
-0.01057517579 0.005560149237 8.587513658
-0.00154951709 0.009823555173 2.472532002
-0.00803419106 0.009220363154 6.534779625
-0.01474723048 -0.01100730253 13.46740125
-0.01316405859 -0.03043281612 14.89352451
0.0001990606194 -0.03883214353 6.837889207
0.03068102676 -0.03237085577 -15.53850942
0.06023668042 -0.01588705037 -38.90418548
0.03223842471 0.000547970814 -20.11404138
0.03037895625 0.009867841329 -19.83895859
0.03227370548 0.01233044355 -21.0087605
0.3562799541 0.005945588133 -290.6604504
0.3728786104 0.0003151920358 -303.6883296
0.0128467014 0.001439789017 -6.265419892
0.008235499047 0.005964746078 -2.878506623
0.01758628994 -0.026334787 7.281496582
0.01310740031 -0.006847685667 8.855180429
0.01086412341 -0.004056761077 10.4972939
0.02232074211 0.01836716769 -19.52739597
0.01025492795 0.02240420125 -8.064001661
0.02077583488 0.03542936506 -20.91477666
0.006073235066 0.0434444234 -5.687981613
0.007037364188 0.05945485883 -9.421851523
-0.01011408253 0.06780926337 7.703201324
-0.01095293067 0.08004774421 6.995732105
-0.01043874353 0.05553600862 10.14429877
-0.02967783741 0.06790792721 29.97840229
-0.00159895146 0.04625922053 -1.067869875
0.01902758585 0.03371749507 -24.14359433
0.00530953135 0.05883597852 -11.17669961
0.006344375509 0.04106291785 -9.506758274
0.0005425624964 0.01575506175 -1.139708276
0.01015207186 -0.002208996088 1.670847679
0.001028021102 -0.001794130618 1.899712638
0.4573331789 -0.02532294869 -23.99413127
0.4162274402 0.01800151041 -27.43772346
-0.07321549641 0.0369086813 13.07216836
-0.08616477554 0.01231485228 18.49753219
-0.09085629602 -0.06465219535 29.71685819
-0.008231098317 -0.06099409118 14.9638482
0.08183034917 -0.02633283029 -5.867232181
-0.1390980831 0.09071123589 22.93184412
-0.001690566424 -0.009387977249 5.297506518
0.02464707169 0.01533461603 -5.653061216
0.05925120453 -0.03979542034 -1.576979613
0.02918295088 -0.02411373065 5.299833223
-0.001070992373 -0.01716840417 7.319654657
0.02117433128 -0.003261252431 -2.404977135
0.02625445397 0.04090274448 -10.617523
-0.01630043802 0.06170841964 2.114269954
-0.03566105329 0.06213826356 9.855198944
-0.03032528719 0.03295936954 12.18155015
-0.0237052415 0.01822374258 11.66528687
-0.009741031634 0.02449537616 4.287257963
0.02572083651 0.005265727194 -10.14410518
-0.02226371857 0.002455097112 15.48543133
-0.001823482269 0.02189405555 0.9713104331
0.0002698377684 0.02923803843 -1.645988593
0.008378068884 0.07159461682 -13.40045277
0.01699407473 0.04914776143 -14.95401519
-0.01327619034 0.08715079212 -1.105270573
-0.05808884313 0.0548461443 31.7895749
-0.01544299537 -0.01990370045 15.18229962
0.00284873958 -0.01279348468 1.431731027
0.05475099672 -0.0008234666965 -37.90230546
0.06916635551 0.007110757342 -48.5404738
0.02856785447 0.01290478297 -19.30830585
0.0466278791 0.00891422965 -32.28011431
0.05623949548 -0.01255165035 -37.16772645
0.3078558653 0.05747377468 -258.4567817
0.3546048519 -0.006329005412 -287.3286028
-0.003091434051 0.02542746883 3.847928649
0.006859440093 0.01209174805 -2.690195875
0.1133147368 -0.04104480208 -80.08981033
0.03030094473 -0.01069746982 -6.784647022
-0.08596658121 -0.04733251585 100.5914592
0.04723744929 0.09110502787 -55.55299647
0.0319007227 0.09474216184 -40.93403179
0.02561234275 0.09473932253 -34.72381896
0.006743590281 0.09142254222 -14.35218418
-0.01598569596 0.09039031116 10.07844562
0.0003221382523 0.07848222068 -5.961181411
-0.009158448139 0.07473576587 5.587657593
-0.01311924557 0.09805085555 6.394460579
-0.04336511995 0.09635414611 41.74333685
-0.05397060893 0.1183113161 49.66330726
-0.0218758892 0.1426645062 8.587670371
-0.01542012144 0.1421936204 1.688625899
-0.04807087713 0.1042952752 48.08772524
0.005920754485 0.03313453039 -4.301181896
0.009214040183 0.0347575077 -4.948581565
0.02065557694 0.06751062817 -11.52375728
0.4286845351 0.2470914059 -71.97484219
0.004367060567 0.06299624669 0.03392539696
-0.03847520695 0.1384692308 -10.09691448
-0.08376066823 0.03022094904 15.1025165
-0.01150878711 -0.02793633377 9.615072877
-0.005782137406 -0.04868402968 12.41042538
0.3041397936 0.0123340242 -58.82182754
-0.01711323225 0.134981562 -9.946347357
0.006886389589 0.07291772756 -10.04135847
-0.05276438002 0.2311592152 -21.95720142
4.015712593e-05 0.1747724116 -26.76745177
-0.2998426383 0.1095003708 79.98784128
0.02158802085 0.1209080418 -24.72665335
0.01732639503 0.04570590453 -9.648008781
0.07369390441 0.05613804019 -32.23484889
0.01257339457 0.09384009805 -14.61321676
-0.01790293986 0.1324127116 -10.07247845
-0.03692556945 0.05236608119 12.51612464
-0.007403347738 0.0651903319 -3.68744742
0.4259744835 0.1284118182 -222.1595178
-0.0251488607 0.136042676 -1.948294108
-0.002451630357 0.05530319282 -4.239760302
0.01905745459 0.08844752153 -22.2127908
0.01011679874 0.1287016248 -24.20431048
0.0168479069 0.1819034679 -38.09679908
0.0134208873 0.1620337398 -31.84788499
0.004703701173 0.1679564652 -26.56921276
-0.03365534722 0.1683655833 -1.850460782
-0.06008817431 0.2939617607 -8.481263964
-0.005258672201 0.3337357122 -53.71217695
0.007978218907 0.334357051 -63.0306561
0.03334099714 0.08744669659 -35.45586441
0.03417356941 0.03609301685 -27.0075553
0.106259193 -0.007095630913 -53.71304344
0.1008002935 -0.005389908333 -48.97161698
0.02155601344 0.006867986448 -11.44414682
0.3281381228 0.009387761076 -267.4875461
-0.0484963908 0.020728286 55.22966381
-0.007690329111 0.03252109293 16.63796263
0.06706939934 -0.003100064633 -44.80570134
0.08923866367 -0.01717067078 -61.60449557
-0.4649000377 0.1556606579 433.2583797
-0.02194781497 0.1895247218 -4.122445896
0.008457097209 0.1780042327 -31.69914146
0.01276778992 0.1781803721 -36.18161162
0.00878604245 0.1863427199 -33.51999681
-0.006213953908 0.1799986888 -16.54116003
-0.0006241327415 0.1438431691 -15.95650744
-0.009490990159 0.1449661856 -5.939877525
-0.00294720934 0.1718555447 -18.06474118
-0.01401606171 0.1743945311 -6.02768093
-0.007149806084 0.1942308076 -17.20103848
0.009600086039 0.2123748194 -40.02563208
-0.02523779868 0.1758361652 8.607385053
-0.05494528857 0.2143386053 37.76515467
0.05449803722 0.0889311744 -14.55167634
0.0842369097 0.3970697389 -78.34678892
0.1156318981 0.4087200931 -81.67638337
0.1413190088 0.1525887644 -31.1890888
-0.0475450501 0.141754874 -8.656841175
0.0007828252257 0.2393201076 -35.77586438
0.003385831739 0.1597977084 -18.53875751
-0.003206389693 0.1008648762 -4.814704391
-0.02436493288 0.1280486012 -7.152966668
-0.03172697003 0.1157984793 -2.895835753
-0.03450762472 0.1136461665 -1.581909997
-0.0510622158 0.1154508217 2.189183908
-0.0473765008 0.203156365 -17.48403388
-0.05845177708 0.2305877968 -20.89344972
-0.004892253765 0.1722912675 -23.98751391
-0.01461634308 0.2494125138 -37.09818888
-0.002714439089 0.3548969936 -63.00839893
0.006422392936 0.3138714008 -57.69837015
0.008279776899 0.2427535013 -42.21320321
-0.02546229614 0.3218161326 -44.72044726
-0.05124429694 0.282564756 -25.12788829
0.012416695 0.3526876996 -67.82409621
0.03739401904 0.1955032618 -45.56131576
-0.02618846032 0.2137698879 -18.52364414
-0.02163208821 0.3331984952 -46.39898781
-0.006512880227 0.344894548 -56.92547929
0.007783697284 0.2798487849 -51.05072028
0.01554611735 0.2751137419 -54.92091465
0.01442050298 0.2542559991 -49.89518524
0.01124554223 0.256519687 -48.48819005
-0.003765271767 0.2931656636 -46.23673462
0.001714244008 0.3255456023 -56.61331642
-0.002666861274 0.3240263667 -53.25400845
0.01268227382 0.3250259359 -64.00965367
0.0004544772054 0.3511295583 -60.3770491
0.1449923357 0.0179571839 -88.92958041
0.1631359928 0.01108341296 -101.842323
0.07312781476 0.001046633499 -27.16043577
0.03944471227 0.02637088101 -5.345273815
0.01553930237 0.05987034628 6.960194387
0.0152692986 0.01385214989 16.6263255
-0.01721116466 0.04590510175 22.59978211
-0.06373145494 0.109099585 51.80135812
0.05211920389 -0.01873736306 -25.7342184
-0.006406650849 0.2779775088 -36.132772
0.0100528017 0.2930731883 -55.79121162
0.01712569276 0.2601489873 -56.2801648
0.01269901955 0.2939682941 -58.35248355
0.007596926502 0.2745521542 -49.27014698
-0.00147123878 0.2940931675 -43.78175809
0.006991681839 0.2318996149 -40.59982462
0.007048516061 0.2587143705 -46.09203658
-0.006252956302 0.2612460778 -31.54388232
0.0004723523632 0.2774350328 -42.60638005
0.01208112051 0.240849436 -48.7103052
-0.007613837361 0.2459617407 -25.9030908
-0.0171342808 0.2512891137 -15.39825846
-0.02533348787 0.2811462205 -11.36848455
0.003153314511 0.1085773579 -6.056128388
0.0003046513335 0.1077216971 -5.530224963
0.001323080405 0.1466446277 -14.51399714
-0.00119122795 0.1674253574 -19.21403451
0.03990665308 0.2000754797 -31.10074414
0.005671792101 0.1744950106 -22.09662087
-0.006124403471 0.1892447836 -23.9941598
0.001771655794 0.1697722866 -20.69414832
-0.02689154623 0.1540142582 -12.68359664
-0.04934305532 0.1468812736 -6.432588922
-0.0201156951 0.1225330403 -7.061643742
-0.01903415334 0.1391179813 -10.96918079
-0.02437030093 0.2745524976 -39.63457237
0.0003774996278 0.2908001906 -50.25583155
0.016270557 0.3913546005 -77.44104152
0.01129485819 0.3698907094 -70.63813831
0.00388026485 0.3887943956 -72.07780827
0.02405869917 0.3603119413 -73.53724248
-0.001977882924 0.3142211835 -51.92468906
-0.006785341439 0.307414633 -48.84731536
-0.01590443273 0.3033978401 -44.07870564
-0.01714580236 0.28774911 -39.66248891
0.0195982152 0.2819246226 -55.58819584
0.002499455973 0.2959145796 -50.19935263
-0.02244540587 0.3204687416 -43.15307113
-0.01243746964 0.3408099589 -52.85571219
-0.001775982168 0.3224132805 -54.8236762
0.0188540246 0.3103852746 -64.21153015
0.01362665232 0.3181511758 -63.01598067
0.003552960979 0.3173464794 -56.29464102
-0.003787714865 0.3158800991 -51.23480173
0.002753580968 0.3085052331 -53.90138158
0.0156153962 0.318940582 -64.94675149
0.01928208232 0.3194840205 -67.85874915
0.01806801429 0.3227075851 -67.67906632
0.1710637858 0.03570723267 -112.9122398
0.129566713 0.02871899737 -78.37934946
0.06355314596 0.01395984255 -21.90480045
0.01196541577 0.02157259393 18.26172383
-0.004448541954 0.00779011496 35.27467168
-0.00738991043 -0.0009382728851 39.73373626
0.01665415536 -0.01869781671 22.58831286
0.01002245846 0.3325964001 -62.77737492
-0.001473626317 0.3081625728 -46.70596092
-0.005968085969 0.3134147232 -43.70543756
0.007147014413 0.3367094424 -61.82958034
0.006705510411 0.3180052973 -57.15550424
0.004243281149 0.3219824363 -55.46639152
-0.01446092456 0.2926508947 -29.2469203
0.00610879021 0.3108188579 -54.63274854
0.01071255008 0.351580917 -69.25031328
-0.002162596441 0.2985944528 -44.15502343
-0.001142865302 0.2710759197 -38.84866501
-0.008451434357 0.3198351967 -40.94691988
-0.01514726795 0.3460506688 -39.66483927
-0.02148653145 0.3106573781 -23.72682739
0.0001697484826 0.3200014392 -51.28491646
-0.02976516056 0.3088790194 -11.6849839
0.01112328017 0.112407447 -7.029635631
0.01264195742 0.1124918447 -7.188579198
0.0022353072 0.1997486525 -27.31740606
0.002456382921 0.210839778 -29.90668035
-0.01385357648 0.2352018472 -34.51392225
-0.007222003767 0.236314221 -35.02013286
-0.001554213503 0.2608663304 -41.95783111
-0.007338364928 0.297410304 -49.94875346
-0.03653641957 0.2617542797 -35.91447306
-0.01295780642 0.367367496 -66.05435129
0.02827981256 0.3489848163 -70.60715959
0.02819945199 0.3945561636 -81.48392544
0.001261533396 0.5576062024 -113.6687738
0.02141239813 0.4851483226 -101.7488883
0.009553309295 0.3717490982 -70.16530486
0.01462760564 0.3570807048 -67.63008191
-0.003385075231 0.2977548239 -47.27565821
-0.0155061001 0.2709030231 -36.55793395
-0.0107355133 0.2842108455 -41.97789624
-0.008985269804 0.2854434809 -43.06219011
0.002696860519 0.3213383726 -56.8179173
0.002818250059 0.3077562167 -53.55139628
0.0005498006599 0.3173512957 -54.73380377
-0.002177452396 0.3146234018 -52.55111554
-0.003222656962 0.3119857098 -51.07670079
-0.004986878148 0.3219278691 -52.74960539
0.01062435201 0.3249029559 -62.337056
0.01375522219 0.3125115698 -61.13384833
0.01477834819 0.3134597141 -61.90635547
-0.004606089363 0.3295977548 -54.01195409
0.003111250453 0.3227730817 -57.19593233
0.01939963986 0.3013062352 -63.34446382
0.01566043329 0.3221871089 -65.63902265
0.02045306514 0.3193756302 -68.51156673
0.03919411866 0.2878050485 -74.72789973
0.08657080697 0.09735357097 -62.93804275
0.1379471514 0.01934860128 -82.89302213
0.0514725295 -0.003073221015 -8.090190947
0.0004768326447 0.01280517924 29.48308414
0.003042801835 0.00777704354 28.31963971
-0.01014713912 -0.01707807787 45.73902486
-0.03620281412 -0.05539412925 78.2483043
0.02091664771 0.2640711535 -56.72912881
0.01205810786 0.2608681134 -47.48358121
0.01244366513 0.2890068175 -54.84520631
0.005712018494 0.3332966421 -59.29277118
0.01471375518 0.3409114279 -70.05383546
-0.007296354753 0.3420029257 -48.0147416
0.005187628882 0.3430362894 -61.05885423
0.01869918003 0.3447852609 -75.66544757
-0.007440271342 0.383311323 -56.81767758
-0.01343816031 0.320821026 -36.43010819
0.01246373306 0.3227680385 -65.7828411
-0.003745844722 0.3742390773 -59.43550825
-0.01076719331 0.3694444477 -50.36228081
-0.003295579303 0.3512955093 -54.85580518
0.002546718172 0.3542119399 -62.48752839
-0.01049882016 0.3500157983 -45.20129185
0.04340806573 0.3701230968 -73.96528934
0.04977624377 0.3645671758 -72.58632245
0.04952754265 0.3283865817 -63.1175249
0.01303603383 0.2510051448 -40.27122709
0.002564958377 0.2888182214 -49.59300555
0.06675493018 0.3468527209 -72.79523872
0.0284344705 0.3672573835 -73.13160296
0.02658270858 0.4174994827 -85.39230807
0.01814664924 0.4302245228 -87.20403478
0.03900625924 0.3054980187 -56.25124726
-0.01344528548 0.2325870662 -25.02031512
-0.03120094027 0.2440892182 -24.05353237
-0.04103936542 0.2219584629 -15.52927465
-0.02834094537 0.2288198026 -21.15075083
-0.03183078684 0.2386634359 -22.64302273
-0.01950639393 0.2572492754 -31.83622972
-0.0007765340905 0.2896357469 -47.013879
-0.01407398414 0.3047227333 -45.87549345
0.004879477779 0.3126108503 -55.02486231
-0.006612184615 0.3135497634 -50.98521738
0.006439666611 0.3293475336 -60.73624978
0.008346318774 0.3224272437 -59.43166443
-0.001294453371 0.3267946908 -56.04320361
-0.003253696016 0.3276550067 -55.26304957
-0.001218523335 0.3230829037 -55.13167011
0.007072153962 0.3368495502 -63.25703901
0.001681085133 0.3255559775 -57.44770101
0.01320265885 0.3443862341 -69.20213425
0.01153831148 0.3271821009 -63.27157794
-0.001209127213 0.328810789 -55.88669193
-0.002581638438 0.3371242782 -57.22643775
0.008670235695 0.3257237269 -61.62374354
0.007859359673 0.3161530443 -58.36148586
0.008548232478 0.32306507 -60.85633617
-0.007074693909 0.339941863 -53.95308737
0.02469298502 0.3317019542 -75.99557255
0.03423614988 0.2803709702 -69.64577497
0.02405241172 0.2494593589 -53.21265162
0.004382938325 0.05547387913 15.16259433
-0.0008268223714 0.315405421 -51.19106064
0 0 -1
-0.002970567582 0.3103862363 -47.81465244
0.002623474204 0.2696791339 -42.1135494
0.01798361016 0.2587571588 -53.37414993
0.02434641384 0.2516999683 -57.12247518
0.03379442137 0.2534108119 -66.46901682
0.025279419 0.2345998808 -52.88401862
0.01006276885 0.2569350228 -42.97619796
0.01502607284 0.2625288482 -49.7386381
0.01074646857 0.2840865362 -50.49483778
0.02159063028 0.3156763813 -71.35196684
0.09003144572 0.2835591372 -137.2111144
0.04682081071 0.03821968644 -21.22208188
-0.01211355566 0.336776491 -39.45657435
0.01153250624 0.345423401 -69.30116079
0.007108690639 0.381727939 -74.19573623
-0.004719784098 0.374552123 -58.14167427
-0.00254362507 0.3652646232 -58.88315613
0 0 -1
0.04489118406 0.372924524 -74.83472884
0.02077988677 0.425026536 -88.49332363
0.05064870424 0.5893778618 -138.7584301
0.04007787402 0.6829832294 -166.1255101
0.06649283643 0.5653058967 -134.0375298
0.05303852527 0.4486069382 -98.47825164
-0.01218030979 0.3307343232 -53.26875344
0.005220116477 0.2818193436 -42.32172734
-0.01159041776 0.2401543343 -27.34907574
-0.03182705277 0.2226797153 -18.15125964
-0.02899870274 0.2357291869 -22.9259425
-0.03870248998 0.230100326 -19.40886475
-0.01491274726 0.2902537705 -43.1128153
-0.004128573216 0.301238687 -49.19367724
0.006385093135 0.305366349 -53.71951455
0.004118721214 0.3216558544 -57.51476215
-0.0002320273242 0.3145670668 -53.64246209
0.003236613078 0.3183734703 -56.17236186
0.005183079984 0.3311081409 -60.54808849
0.01543755319 0.3221479727 -62.48150234
-0.0007304001132 0.3339088119 -58.36891482
-0.006364978526 0.3234440023 -52.61153265
-0.00200726749 0.3265660454 -55.72370002
0.006026943558 0.3345593541 -62.22030411
0.002366842968 0.3303059594 -58.80635123
0.00780607676 0.3278562205 -61.27424179
0.01432834739 0.3238041513 -63.76716014
0.01152301377 0.337784761 -66.23515239
-0.001648187667 0.3313652674 -56.31912161
-0.006779583846 0.3292906665 -52.42689824
0.008856306289 0.3259348113 -61.98700596
0.01254972724 0.3285125377 -65.45458667
0.01263133396 0.3342740021 -67.0943451
0.01394172341 0.3319507971 -67.36017162
0.0118750838 0.3324815217 -65.89731655
0.006765329119 0.3290015309 -61.1268462
0.004166734106 0.3218361572 -57.39876352
0.006686011782 0.3157185968 -57.88224224
0.01797795928 0.3004607066 -62.94428237
0.01172645522 0.3202887017 -63.12257711
-0.001216708639 0.3324814679 -55.30751103
-0.01075827897 0.3342505179 -47.34630403
-0.006478965395 0.3264211855 -49.08220029
-0.000959293567 0.3285366703 -54.65688993
0.02162545705 0.29107582 -65.65513798
0.02542224626 0.2890664977 -69.02788931
0.02529593806 0.2418018868 -55.07547432
0.03876456851 0.2416772317 -69.1164396
0.02037381167 0.2443359411 -49.81200066
0.01807438192 0.2614880223 -52.39669588
0.03212657079 0.2519403822 -65.09929348
0.02627128615 0.2533863147 -59.07851329
-0.01431009356 0.3026599887 -26.86949502
0.014880984 0.2949911068 -58.74726905
0.004425466534 0.3180122764 -52.65172696
-0.004570611175 0.3395800463 -48.45086344
-0.007282538435 0.3679494942 -53.06566669
-0.01509664282 0.2339271872 -23.83385935
-0.01614012149 0.2365139827 -24.63797313
-0.01306374421 0.2466251521 -27.95627595
0.0210178963 0.3736801202 -71.20548041
0.00241239215 0.3111264497 -49.88043331
-0.02497777757 0.2171277142 -17.3588038
-0.03747174277 0.2071992655 -12.7943603
-0.0286924796 0.220280864 -18.28693799
-0.003697737293 0.2235877817 -24.16583015
-0.004590592008 0.2537719547 -33.53948881
-0.009210456184 0.2839193406 -42.58405417
-0.03536335086 0.2853618474 -36.63095619
-0.005968810412 0.3067750127 -50.57886159
0.01297212661 0.3262600472 -61.69574552
0.005976939938 0.3197219248 -57.37685397
0.002612858313 0.3161932987 -55.63206702
0.01170978628 0.3198882557 -59.84990099
0.01335260243 0.325437153 -62.16775757
-0.001179380116 0.3382919219 -60.30036185
0.01029511678 0.3259863938 -61.12689755
0.01793440292 0.3080218953 -58.99185765
0.01037702839 0.321823776 -59.94874947
-0.0003390385353 0.3285521741 -57.09691222
0.008195721747 0.3352801963 -63.44834099
-0.001372291687 0.3236778607 -54.76152874
-0.006519322746 0.3255536707 -52.58897893
-0.007022826617 0.3235629692 -51.51196277
0.01483180833 0.3221095643 -63.80145001
0.01116790286 0.3256688065 -62.54508072
-0.000997352409 0.3313775288 -56.72846558
0.000107647008 0.3294787642 -56.8914156
0.0113293053 0.3330349675 -65.53393576
0.01063929003 0.3274133745 -63.56859462
0.01301701866 0.3328857307 -66.97230957
0.00405344869 0.3279952468 -58.84079869
0.007577961087 0.3266261266 -61.03567525
0.002152616523 0.3279772637 -57.17434835
-0.003230818632 0.329240621 -53.38006655
0.008222107377 0.3305299825 -63.20363403
0.01254555411 0.328399277 -66.67218814
0.02117753607 0.3121614085 -69.07205592
0.003799930937 0.3229695266 -56.97172982
0.00304097924 0.3204076455 -55.46510926
0.001378833262 0.3415648709 -60.72495962
-0.003346664707 0.3464468469 -57.76151445
0.004733027848 0.3374553266 -62.8041797
0.002046039113 0.3288328437 -57.53779955
0.01714585694 0.2929697017 -61.77057971
0.01435709578 0.2980473002 -60.56709677
0.009974342377 0.2734833221 -48.16394459
0.01505003241 0.2370009989 -42.40797145
0.02568676137 0.2416792244 -55.39810772
0.03880879437 0.2318391027 -66.77940918
0.02163525504 0.2543267622 -54.11664451
0.01216550303 0.25408824 -42.54316922
0.03143519707 0.274061341 -71.64504018
0.01992670063 0.2800050691 -59.81844213
0.03231505203 0.2869828697 -77.51612793
-0.0145447511 0.2319510504 -23.19356293
-0.01311284405 0.232907132 -23.54268148
-0.004524142177 0.2288487103 -22.47583669
-0.01443833692 0.2119410147 -16.11964483
-0.0310410742 0.2125525302 -15.19635398
-0.021688744 0.2094240172 -15.91960388
-0.03583342293 0.2218832117 -17.87608636
-0.010220976 0.2622755627 -35.9505107
0.00272949786 0.2834575019 -45.06267526
0.003513373107 0.3092245967 -53.70978794
0.003598835012 0.3091180925 -53.28993804
-0.006382331881 0.3193090946 -54.16889659
0.01039573534 0.3285641589 -61.37628489
0.01114100082 0.3246772341 -60.35282471
0.003353588675 0.330212083 -59.86514196
-0.003533024498 0.3290372405 -57.52040222
0.008274616585 0.3505427407 -68.80648046
0.01758019862 0.3461015853 -70.47369491
-0.001365098104 0.3339461285 -59.00151452
0.002439509265 0.3200518759 -55.82220897
0.004322207825 0.3200735219 -56.43666185
0.004834643718 0.3261649417 -58.88501938
0.01056482854 0.3334766218 -64.02383857
0.00342803458 0.3271607475 -58.36384245
-0.0002583885622 0.3208870538 -54.41336722
0.001149643556 0.3356666483 -60.21486732
0.006374459535 0.3371239698 -63.70763838
0.00586321054 0.3143505515 -55.7633871
0.01248178029 0.3287095406 -64.47552234
0.0005960421204 0.3267090335 -56.30902929
-0.001305769961 0.3337857138 -57.40154077
0.0002653496418 0.3224507814 -54.52906937
0.002768362005 0.324979723 -57.18954302
0.01394839166 0.3291761573 -66.62970336
0.01658050808 0.3305462783 -68.94417699
0.001284653758 0.3254263069 -55.6894637
-0.001007068195 0.3279867811 -54.82806448
0.005517721466 0.3305082211 -60.83295738
-0.00131782434 0.3363172126 -57.14256441
0.006214848732 0.3298082315 -61.59003637
0.008760610149 0.3285256654 -63.27621843
0.01151375937 0.3322950114 -67.33631965
0.01016136566 0.3241056207 -63.29290139
0.007011610509 0.3191529373 -58.42783011
-0.000617064512 0.3267004732 -53.51296427
0.004904920639 0.3361397164 -62.27043264
-0.008375202076 0.3450751163 -51.99859385
-0.01069087221 0.3434354683 -49.29374873
-0.004530041487 0.3357882589 -53.16843322
-0.006400903886 0.3187116363 -45.26076525
0.005856852048 0.2899486816 -48.90927825
0.003166903721 0.2910105568 -46.09491293
0.01716051885 0.2835398515 -59.61747553
0.04477585136 0.2481097715 -78.95489167
0.02252415999 0.2414715277 -51.04544152
0.02431014645 0.2262003738 -48.42092583
0.03693873737 0.2304448262 -64.61410392
0.04692230259 0.2270290493 -75.87476324
-0.0202609523 0.2292118324 -22.18606653
-0.02156511733 0.2225157052 -19.75889569
-0.02429165235 0.2088308622 -14.74720548
-0.0164295531 0.1937951283 -10.23163945
-0.004711285753 0.2357298643 -25.83771344
-0.0103133462 0.2507609909 -31.16842269
-0.01039660475 0.2754450664 -39.68443128
0.006059831537 0.3020849028 -51.41545038
0.005296587432 0.3282253323 -60.26267968
0.009313486632 0.3129720211 -55.65120887
0.01438874095 0.3319174049 -63.44864612
0.02053941566 0.3279396637 -63.63096533
0.002400348938 0.3307560877 -59.88399677
-0.001937995117 0.3170362129 -53.77455164
0.00221785458 0.3298573581 -59.5479456
0.007523171444 0.3464830855 -67.20303426
0.01124231177 0.3442840599 -67.54957598
0.0147566432 0.3343513751 -65.43876444
0.001509261039 0.3346928308 -60.27330676
-0.003266419879 0.3310010606 -57.07575094
0.00385380446 0.3147187222 -54.51142018
0.006418825363 0.3203514733 -57.42788357
0.001418406945 0.3304245217 -58.50038818
-0.001692143368 0.3259550269 -55.48149797
0.001990085854 0.3093567921 -51.47572997
0.0007370282142 0.3222099848 -55.32165914
0.005003530363 0.3284909716 -60.02537683
0.01002373957 0.3319402364 -64.00876472
0.003708071933 0.3263125794 -58.13498701
0.003178976977 0.3135574015 -53.33180387
0.009954979511 0.3186122072 -59.55605054
0.005472677554 0.3185635223 -56.66257522
0.002695068462 0.3205114468 -55.56559056
0.01277856013 0.3256598632 -64.80608441
0.01838401305 0.320683995 -67.02189042
0.006107566055 0.3173758545 -56.64921873
0.003213618608 0.313194209 -53.03392513
0.009697420426 0.3275763777 -63.2557875
0.003097757194 0.3228056016 -56.05330481
-0.003027576027 0.3331600769 -54.55732661
-0.001414228272 0.3360445397 -56.98267191
-0.003393732475 0.3294100686 -52.9379417
0.01634315327 0.3105308192 -64.08405244
0.005334096187 0.3085864234 -53.34421113
0.009244359076 0.3086540366 -57.20530914
0.0007467994262 0.3138216451 -50.34762317
-0.002298083014 0.3296809568 -52.81321571
-0.006801113561 0.3414221932 -52.40127546
-0.01447141633 0.333462795 -41.61853361
-0.01186418645 0.324234757 -41.31233522
-0.003773141092 0.3143660054 -46.58351065
-0.0002097676878 0.3021179404 -46.00010224
0.007277259007 0.2903309692 -50.56563004
0.02979273358 0.2576250319 -64.90952936
0.005286080567 0.2608488922 -37.55088663
0.02985616954 0.2781376888 -73.3089929
0.04050322519 0.2435580501 -74.32892852
0.02405242388 0.2279983023 -48.70200837
-0.02418334749 0.2270310494 -21.37106619
-0.02440320406 0.220523328 -18.96574729
-0.02243667927 0.221264653 -19.35536874
-0.006348518807 0.2526895391 -31.79658065
-0.01278244281 0.246113243 -28.75174452
0.007809404559 0.2561344581 -34.35648938
-0.0001485641652 0.3055810265 -51.5331553
0.01565957679 0.3146180671 -57.42150202
0.01318706437 0.3328708208 -63.31818533
0.01930791074 0.3390128528 -67.06178955
0.01100817772 0.3503773172 -69.19765407
0.004407008118 0.3262761478 -58.97294788
0.003293887691 0.2887858696 -45.11768047
0.003964238257 0.3120762954 -53.66339293
0.005809196312 0.3239637454 -58.59762812
0.005043997358 0.3336081842 -61.76428654
0.01137021298 0.3154441057 -57.46401392
0.01720186663 0.3277538239 -64.03661401
0.002689876879 0.333297306 -60.38800588
-0.005937279027 0.3105326498 -48.69233564
-0.000185079191 0.2867123717 -42.60607598
0.01031726854 0.3004443518 -52.14402364
0.007883776798 0.297841723 -50.04914929
-0.002663126002 0.3056060394 -47.71535101
0.005186687161 0.2797628577 -42.5153507
0.004475411468 0.3106594806 -53.28376314
0.01184802048 0.3304771016 -64.65880522
0.009109340217 0.3247446906 -60.91492746
0.002143848027 0.3097082993 -51.24482697
-0.004411162672 0.3038362652 -45.08627049
0.01096903423 0.2936097275 -51.45297321
0.000109429591 0.3069582038 -48.88064284
0.006087024715 0.3101667573 -54.28486732
0.008194718926 0.3312158882 -63.42169912
0.009838323514 0.2978201589 -52.54222744
0.01007745759 0.2869884305 -48.85451057
0.007963418964 0.3139669919 -56.93746911
-0.0003601545398 0.3232537294 -53.61868066
-0.008092411887 0.2946905296 -36.70390261
-0.0035432437 0.3181900131 -48.92406634
-0.001683091834 0.3137148086 -48.82869074
0.004310875276 0.3041066398 -50.77085108
-0.001669822723 0.2922993833 -41.05948542
0.01613265902 0.2895150656 -56.61060115
0.00957291478 0.3004294173 -54.42442748
0.008729136765 0.2744447317 -44.19792325
0.003789813934 0.2866004314 -43.68452621
0.00904268986 0.3081727023 -56.80470618
-0.01757011668 0.3372661152 -39.77103898
-0.01901112039 0.2925697858 -22.21426431
-0.01674946316 0.2996067506 -26.7914592
-0.0005313469223 0.2979487125 -44.1360352
-0.002074604889 0.2946081733 -41.31586236
0.001747817029 0.2838849433 -41.81061752
0.008248778991 0.2572641612 -39.857669
0.01381805194 0.2707959835 -51.58068842
0.02206473115 0.2581139449 -56.96384251
0.02210920931 0.2521843893 -54.85241611
