0.2641757011 -0.05405663812 9.142792419
0.01532713398 0.003933900005 13.68223908
0.0213851281 -0.0003330932472 13.71229161
0.002265952316 0.01506185969 14.53742081
0.02642503974 0.001633240549 0.4536698726
0.04978501705 -0.003743648041 -1.961791583
0.02505011368 -0.01000227805 2.123635023
-0.003134071578 -0.01129394538 6.240253754
-0.01490138223 -0.001353353786 8.05420609
-0.02825282298 0.006570291886 10.36955747
-0.01979253364 0.002937404158 8.528834892
-0.004278923289 -0.006549827102 4.920936988
-0.001515987952 -0.002989749536 4.172521083
0.0008373580459 -0.01850108452 3.789818245
0.007619322984 -0.02675705453 2.344397973
-0.000851730831 -0.01879408235 4.355470772
0.01622391491 -0.01379377931 -1.825372103
0.0375985028 -0.0202626813 -9.422152555
0.05086988749 0.0001675017089 -15.4083072
0.05072228305 0.01302432426 -14.91942591
0.03143876988 0.01338593805 -6.81303056
0.0008037679823 0.005735924412 6.88568839
-0.0125956966 0.007632026148 13.0262111
-0.01016855498 0.02192403747 11.66968842
-0.0371682756 0.001978900489 26.44411174
-0.05350532957 -0.003931616755 34.50978585
-0.01685083438 -0.02752427326 14.39068168
-0.007205991756 -0.009672707585 8.374826345
0.01513916618 -0.00525827772 -5.327698646
-0.01291111378 0.001513400523 11.66980126
0.01588714148 0.01784855523 -7.582632934
0.02979763492 0.0118661327 -16.82436874
0.03888999631 -0.006649869394 -22.7598362
0.04902850039 -0.03041048863 -28.44614591
-0.001466869966 -0.003249309406 8.376906112
-0.02310474201 0.04123092593 23.84069484
-0.001273507762 0.04517727086 5.178814558
0.01634948171 0.01813214599 -7.663797844
0.01212883497 0.01567376482 -4.409928729
-0.01223688558 -0.007801139867 16.72567486
-0.009914309328 0.002555596021 14.29805837
0.02514060299 0.03543083894 -16.78443544
0.01016664556 0.03826287214 -3.280895453
-0.01349738024 0.009247065192 18.32764704
0.01010550109 0.02256481749 -4.225548026
0.0140003542 0.01811270951 -7.979753305
0.02281199395 0.01610232307 -16.52094343
-0.003086079338 0.05995769407 8.70861665
0.006142800893 0.04222918698 -0.7859766308
-0.00700761691 0.07067048761 12.44882214
0.02689651468 0.07744943568 -23.89437757
0.2782853055 0.103606926 -300.7407118
0.1460023409 0.02318622025 -149.7292503
0.0945521608 0.07898511069 -91.14831018
0.07249111388 0.003108122136 -64.83696805
0.05380960906 0.007670012882 -42.15932304
0.02989733385 0.03341574131 -14.2961494
0.06835595402 0.0190512125 -61.21475833
0.0474777144 0.03558626028 11.09029693
0.04221931703 0.009082714034 12.14397981
0.01738771524 -0.001177732867 14.17379798
-0.01481991302 0.004264122814 15.58951466
0.01141173001 -0.0135251759 14.07989506
0.03961993686 0.0004747199081 -1.017691861
0.04838729394 -0.01550471185 -1.717022713
0.005080564296 0.004775939266 4.468975982
-0.01015024888 0.01180430328 6.877173687
-0.0321536525 0.0118217614 10.80418111
-0.02628673805 0.0001775150044 9.929743209
-0.007032500278 -0.008163656369 5.677409654
0.001798081994 0.002203497173 3.140318792
-0.02170021287 0.005839068795 9.589996455
-0.002998740494 -0.02851221887 5.013717861
0.007694711658 -0.007062853231 0.5399637078
0.0378493762 -0.005187450172 -10.39723866
0.0297568133 -0.01082247597 -7.041643264
0.09515752124 0.04973078029 -34.01473157
0.04783168783 0.03209716414 -14.09750058
0.00820676389 0.01848824354 3.373828296
-0.001292157254 0.01106447502 7.744539378
-0.008991059555 0.02961739496 10.62850905
-0.01354078556 0.02816348406 13.0918684
-0.02834517583 0.00803729252 21.62660993
-0.06949410104 0.005203880611 42.96036121
-0.0199125221 -0.009330250795 15.70491499
-0.002733834622 0.0006570995718 5.467658416
-0.007564472824 0.006387794147 8.364727633
-0.005539097658 0.01530503506 6.54313749
0.01137536319 0.02346922753 -4.833621077
0.03177244529 0.01097376536 -18.19736891
0.05970040098 0.009950925178 -37.60096728
0.05563745581 0.002736823074 -33.72750588
0.02447640619 -0.008100987978 -10.75622618
-0.0203366712 0.03208294264 21.44479302
-0.008504961122 0.05608055724 11.09870158
0.002636634794 0.02270956344 3.091797033
0.009186392369 0.01361687681 -1.653702063
0.2418894215 0.1305572479 -172.9354952
0.21239375 -0.07716875 -140.9048188
0.08630135969 0.03955030182 -32.52232337
0.03180397835 0.03312670397 17.13367974
0.01148924872 0.01821248453 36.36016699
0.0156563718 -0.000444622233 32.95357198
0.01632859756 0.03879079902 -10.77643182
0.0112968354 0.05172344398 -6.530594375
0.001193971965 0.06396578186 4.039446118
-0.01784165505 0.0654452466 23.51272759
0.007153205774 0.0685344069 -2.641352526
0.08562339505 0.07719191488 -86.32378789
0.03367713094 -0.03175810922 -24.3550592
0.2970395103 0.07065932972 -322.0810363
0.06080164279 0.05890134773 -51.56224757
0.04663159072 0.04656142604 -35.04745313
0.05095620677 0.01167680641 -39.06295336
0.04433773554 -0.000285319089 -30.83198825
0.05084520275 0.04017330093 -40.01289908
0.03380703933 0.2336753531 -12.22986855
0.00622624924 0.2096512301 -9.934531145
0.04547497141 -0.01207033494 12.56107189
0.007389381276 -0.002462733039 14.59142747
0.04084966648 0.04867100356 -3.071090767
-0.0004276925411 0.08520958905 -0.4220511704
0.03630699861 0.07887782094 -6.048485827
0.05482614844 0.01705189427 -4.082475878
0.00832287397 0.05192603284 1.735864851
-0.04461813858 0.03235900161 12.65572606
-0.03083965275 -0.009210538763 11.3603439
-0.02008936447 -0.007570538176 8.907233989
0.009833035973 0.004682874869 0.6800948835
-0.01430802106 0.06692302389 5.10146146
-0.01516283629 0.003033625632 7.668508888
-0.001856766479 -0.0004373140117 3.507101264
0.01955914871 0.01456691844 -4.85131597
0.07872958749 0.04200929996 -27.17688959
0.05042551687 0.02596319326 -14.17675981
0.01214227503 0.02030845399 1.690759652
-0.006801355564 0.008945584712 10.37855124
0.004320169288 -0.0005857391609 5.629183411
-0.0004222791805 0.007179218667 7.509996657
-0.01920427415 0.01402052911 16.5892118
-0.04698797253 0.02980828054 30.10008289
-0.06783333711 0.02477956182 42.02736986
-0.04467056438 0.01593784908 28.85464244
-0.01115592659 0.00368699699 10.21277768
0.007187414258 0.005525382158 -0.6680487232
0.004367667204 0.01662714083 0.4090027167
0.004410405426 0.01916824308 0.1557304661
0.03089630504 0.003792092714 -17.06167244
0.06887243249 0.002168446277 -43.26831741
0.04664393478 0.0009702241455 -26.84927843
0.01543380725 -0.01438388935 -3.698110441
0.01924650828 -0.01567259389 -6.550345902
0.00276893373 0.04493516306 3.225992884
-0.03078136315 0.04552689405 29.44174498
-0.01599332944 0.01253982204 60.72125261
-0.1153450997 0.01385658725 144.9626617
0.1841686459 0.1586524803 -124.2249826
0.0002477082752 0.04957707022 44.53722247
0.02200498393 0.02071339377 26.32216973
0.0061609905 0.016755973 41.27005512
-0.003884330212 0.02154085271 50.52244593
-0.004476859541 0.02414754523 50.78647483
-0.001193543894 0.06144316378 6.577870976
0.002715810881 0.04448669418 3.993592446
-0.01361810968 0.06840276639 19.75298588
0.02777180266 0.06824278361 -24.06457982
0.02993891476 0.04996400803 -25.48347911
-0.0345792443 0.03737708771 46.3336954
0.02682795249 0.06326067709 -13.18979855
0.03189825861 0.04364320007 -17.84759554
0.03084503283 0.03140263948 -16.00129375
0.07272367393 0.02977536539 -65.77757658
0.06171838537 0.04906872869 -53.5974069
0.06605279276 0.05680923975 -59.30539011
0.0332920396 0.2340945652 -12.25069792
0.007965814216 0.2465244948 -12.0758098
0.1237063042 0.07286331193 1.988260356
-0.3403928684 -0.006879931061 39.29676566
-0.03808816408 0.1332460194 1.145565584
-0.03331314195 0.1002294091 3.14813769
0.01123986515 0.1106266242 -3.085661177
0.05497163154 0.09246230555 -8.854269528
0.04879912692 0.08626516372 -7.264623308
0.01246005955 0.07864493651 -0.2285577638
0.005065248627 0.05200994982 3.72240483
0.002222722643 0.05468845582 4.222796296
-0.01953198049 0.0219845794 12.67085825
-0.01354282192 0.0619896757 8.081404036
-0.02305268036 0.02572199585 14.16950446
0.01002784914 0.02260555904 -1.736009423
0.03750858823 0.05032066005 -13.77072938
0.1010533707 0.04787179138 -35.42652649
0.02582931607 0.01767710188 -3.710792935
0.007823144601 0.00309270435 4.603552011
-0.01090649859 -0.004735049443 13.19277932
-0.01881443221 -0.002749865206 16.50019945
0.01604308064 -0.005647282289 0.2485499898
-0.0004503764724 0.002658384088 7.942731463
-0.0180985959 0.008740306575 16.49197772
-0.05624754717 0.02111478877 36.26176424
-0.0244804601 0.001950451811 18.20462276
-0.006181261504 0.007003805898 7.145172561
0.007326020923 0.001767236232 -0.6066497022
0.009818042741 0.001776463197 -2.102408419
0.006522562317 0.00269599818 -0.08198150909
0.003517551366 -0.00183969814 1.932317431
0.04761629459 -0.01839970674 -27.44844454
0.03171245252 -0.02294112411 -15.08253846
0.01330102827 -0.013557857 -2.589947384
0.3200586494 0.03093154456 -209.0894349
0.3096925236 0.06347742092 -203.4916512
0.02130508492 -0.01143022375 32.55303439
-0.01020494429 0.01740601327 55.66970724
-0.03832365055 0.0519110952 76.42928721
0.02892700198 0.09556529518 15.36302074
0.01360755772 0.04317341153 32.87504208
0.006542882726 0.03646500824 39.5828472
-0.002285116123 0.03373683847 48.14297369
0.01030083218 0.02624033871 36.66944687
-0.00444286738 0.02145174959 51.32686961
-0.01002060905 0.02284844361 56.56269276
0.01458448389 0.0398687571 -8.135217935
0.01754866761 0.03937082327 -11.17679079
0.04801866534 0.05778277465 -44.30735083
0.01222063128 0.08258702819 -8.389014979
0.01862728239 0.09620369242 -16.47675047
0.05166642554 0.001666869911 -37.76157001
0.04564992857 0.008032308238 -31.3328663
0.03062806857 0.0002438269509 -13.23472906
0.07020271499 0.005546593729 -60.51710478
0.09866163531 0.008810901157 -95.37175393
0.09876597913 0.04143132101 -98.3996145
0.05937871421 0.2678902897 -15.04501999
0.09260885333 0.2852219823 -17.22909174
0.01790129225 0.1221197575 2.941748449
-0.2235776772 0.02601657777 27.85195666
-0.06036396189 0.06899840171 8.896031127
-0.02599340014 0.062580039 4.969610336
-0.007512437803 0.05538661389 3.11150047
0.05202215632 0.07549691485 -6.628803299
0.03440660771 0.06197601001 -2.784773305
-0.0002747199829 0.01972820356 7.902199394
-0.006137169878 0.01955327998 9.52909754
-0.009735843987 0.04413377094 8.582446903
-0.009635393027 0.02342261448 10.4060697
-0.01347203071 0.03798120349 10.15166754
-0.02030686474 0.03430766443 12.69370015
-0.04556757111 0.008617243241 22.98400851
-0.01725667838 0.07062585221 5.229351772
0.06842134904 0.02713502211 -21.38653965
0.003759776051 -0.00841783291 7.229033644
0.007053442233 -0.0129293289 6.171120844
-0.003796761691 -0.01443298904 10.81983208
-0.009347229779 0.0001742852002 11.8594569
0.006368292654 0.001529816885 4.368454239
-0.002356177668 -0.01724319706 10.50538125
-0.005017526751 -0.02119015806 12.37599387
-0.0175501546 -0.03574974669 20.48245768
-0.07432990396 0.002571166092 47.79034505
-0.02423228473 0.0001601059721 18.50900992
-0.001592199092 0.004348154186 4.629492228
0.001245079233 0.001226322707 3.237217574
0.008504631011 -0.004148002986 -0.9637613826
0.01306070365 0.0142173461 -6.060722736
0.03964356678 0.03386293137 -26.4296637
0.2933116929 -0.02772666871 -183.1535756
0 0 -1
0.303587841 0.004287227649 -194.0044451
0.07293251916 0.02417041858 -12.22072933
0.01938603596 -0.005117465712 33.71702859
-0.0004945019275 0.01311086195 48.04245158
-0.008293154385 0.03750941251 52.29904068
0.002492431301 0.04573696308 42.21794201
-0.003855339219 0.03622138957 48.92942922
0.002253453977 0.0307659882 44.09065818
-0.00210621891 0.03593662854 47.74570713
-0.0009900812917 0.03763694753 46.3558716
-0.007759293344 0.01760765338 54.97154815
-0.1040707316 -0.01235121011 116.4413973
0.003474294611 0.01045029061 5.88567721
0.02620079745 0.02415549707 -19.1248431
0.03063708874 0.1204606537 -31.04516671
-0.0148606704 0.07651473295 22.27479247
-0.01650042121 0.06022956872 25.66618679
0.04345921546 -0.02450934634 -26.02204096
0.03505341165 -0.03012992389 -16.13336889
0.03515438629 -0.04510154778 -14.8914419
0.08656038734 -0.02732867081 -77.62813359
0.1102766831 -0.008648610058 -107.9419376
0.1532652435 0.02658985357 -163.7248739
0.07818885239 0.2565492971 -14.24213442
0.05883387577 0.2579942142 -13.52654807
-0.01616395148 0.1680368546 -0.5556564685
-0.362900855 0.05066006452 35.74968938
-0.09164347425 -0.01993749807 20.71099029
-0.03309032622 0.03237431809 9.313438937
0.006004610485 0.03033729452 4.849170848
0.02751869161 0.03729723097 0.8814561906
0.001740308018 0.01093140281 8.466834406
-0.003503535582 0.01477823399 8.616968746
0.01343276908 0.00156188445 6.612844995
0.007761860284 -0.002115842474 8.52712764
0.002038535924 0.009818324543 8.621062649
-0.005795174665 0.04161369114 7.409329298
-0.03198479116 0.001056245352 19.53624534
-0.03076628683 0.00680555477 18.29788678
-0.0454117461 0.04905016923 18.13580819
0.03710814882 0.0293615961 -10.51532184
-0.005470447075 -0.004451553822 10.3926826
0.007634015707 -0.007940932268 4.898188724
0.007715582033 0.005510828863 3.383427728
0.005989149518 0.01785033183 2.820878331
-0.01194385835 0.01465720888 11.57492877
-0.01657619075 -0.02753602384 18.58631689
-0.02266996641 -0.06116988843 25.87366727
-0.0332410607 -0.05195573942 29.93043744
-0.0357337268 -0.03954165142 29.72531881
-0.006029235683 -0.006462917494 8.552098685
-0.002137129393 0.0008545592186 5.407530564
-0.0009872555991 -0.002547192044 5.184431334
0.01377323425 0.001439711119 -4.883201062
0.04522713499 0.04107139575 -30.71152461
0.06358944858 0.07252955472 -46.71741065
0.2885534592 -0.02641574993 -179.8151324
0.2825515263 -0.01759317992 -176.5959164
0.3344966901 -0.01532855344 -215.5037442
0.08125753139 -0.1918035204 5.351654487
0.02633586373 0.00696112996 26.73057072
0.009953047224 0.01881436515 38.65039244
0.01021710278 0.01532753329 38.55955416
0.02514243751 0.05217775921 21.31969645
-0.0124325583 0.05911890892 53.70347543
0.0231144636 0.06468807853 20.59712516
0.0130567872 0.06178378259 30.3177344
0.003080417015 0.06977326531 38.96374166
-0.00629210772 0.05467658267 49.08454533
-0.0329068779 0.03215569411 78.00607463
-0.02971543734 0.03235691889 45.23769106
-0.04630732567 0.08311231398 56.31789058
-0.03964939794 0.08401362609 49.866563
-0.0651010916 0.1099452852 74.02440592
-0.04748080381 0.1011682642 55.02713328
0.03914635277 -0.05195027281 -18.53623483
0.04312123027 -0.0572548333 -22.53175261
0.03079529821 -0.06770826043 -7.122711838
0.05193009366 -0.1303778656 -24.67410863
0.0858498209 -0.08350923664 -71.13539684
0.1376337244 0.04876804978 -147.9892754
-0.04323214155 -0.02607276361 40.20566642
-0.04680252976 -0.03995374693 42.2430139
-0.06590397451 -0.01944751534 40.69491623
-0.0636388739 -0.004549316249 38.22414552
-0.06727498081 -0.008501917588 39.34851234
-0.0860905882 0.01233336631 38.87520643
-0.07690064661 0.01285875359 38.09654095
-0.04354483577 -0.01325595864 37.46916356
-0.07063454101 -0.004640046037 40.75679262
-0.0801573129 -0.005025725524 42.44963451
-0.04404362904 0.0160424663 31.85753391
-0.06574236454 0.007870706197 38.28048978
0.005796826669 0.01035635586 7.52584104
-0.2793506738 0.2859142111 56.54914871
-0.08611533986 0.01844577451 43.32190126
-0.02561151571 0.005667211385 16.45265533
-0.02824653096 0.0274269472 14.66459764
-0.0001627249772 0.04083381588 2.074196337
-0.02216072192 -0.01119128433 17.50237311
0.01525276168 0.001139020324 0.1343727419
-0.01669523304 0.06161480712 6.643948023
-0.01653487208 0.0269547206 12.04217955
-0.03509782155 0.007592859385 23.93273733
-0.04116465287 -0.01131394838 29.51455301
-0.05648418342 -0.009267582776 36.2232049
-0.005391627378 -0.02761791256 10.93128913
-0.01514886037 -0.01663457758 14.9160024
0.005618209603 -0.002334533265 1.064319704
-0.001014709166 0.002610148824 4.385722263
0.009463693102 0.01398245286 -3.934786089
0.04177785885 0.01701656954 -25.51512764
0.06684661322 0.03369936594 -43.64031056
0.04120705087 0.03172418488 -25.57253015
0.2946961145 -0.02464955196 -184.5984712
0.3141343145 -0.01887382706 -199.7684756
0.3268507031 -0.02361926559 -208.4449595
0.3273364684 -0.02535227926 -208.8744723
0.04171939437 0.002009291154 14.88584512
0.02546276078 0.01318081185 26.47508312
0.02974998684 0.03523341721 19.39839485
0.0453694121 0.04690187102 4.806056898
-0.01008652054 0.05394008597 53.426644
0.003456668803 0.06531638805 38.54201222
0.02387422354 0.05766850011 21.19906607
-0.009949894956 0.03970962519 56.42952923
-0.01871115855 0.06412988957 59.67632347
-0.01543693644 0.0759775339 54.81819843
-0.03999429436 0.03871113816 54.78431187
-0.02323723242 0.02927449592 38.99824782
-0.02161789531 0.03561624135 36.23701477
-0.03388478106 0.03933952097 49.27508894
0.05139900888 0.04168741349 -45.11420869
0.03236900367 -0.01818808162 -15.47285062
0.03376104005 -0.06229700255 -10.74890072
0.01702213152 -0.04011946895 4.783664784
0.02208614935 -0.07218611107 2.58868895
0.009046308726 -0.0833135934 20.50218053
0.04728185277 0.1291775451 -46.11749058
-0.03572372698 -0.02115534692 39.36630835
0.5593951998 0.04686995297 2.795005683
-0.05329018137 -0.01024700218 38.44165948
-0.06484658644 -0.003282783651 38.11497855
-0.05242620232 -0.001782787111 36.90034431
-0.05801315052 0.001736941986 36.7791
-0.05079834076 -0.008936559499 37.90719159
-0.05319889153 -0.015339742 39.15707826
-0.06253654844 -0.03092403925 44.00400361
-0.05547248592 0.008294307349 35.3626854
-0.04671245743 0.0503750435 26.3358833
-0.070227698 0.06400967204 29.76083463
-0.07197038458 0.03118114918 35.9867719
-0.06875021677 -0.01346912655 43.28436594
-0.1007715196 0.01056004922 49.11473661
-0.09037631759 0.08406619911 33.82084506
-0.08181149057 0.0428129071 37.89399318
-0.05064455382 0.01162954787 31.87354301
-0.06067929638 0.03056271963 32.75001766
-0.07161219709 0.04106870144 35.29070339
-0.06566204324 0.04215677432 32.5135958
-0.05407774954 0.02935720374 29.50611512
-0.04599466085 0.01769312501 27.47013623
-0.04726393021 -0.002785691616 31.57326619
-0.02918984355 0.05026664253 13.03134957
-0.02614738562 0.04345506252 11.80170508
-0.008402941175 0.03319107828 3.389060678
0.006845647996 0.005692362268 -0.883194612
-0.01107700046 0.03828853558 4.849950938
0.01176239438 0.0242582589 -7.185603606
0.07572754217 0.0495161087 -52.6856615
0.1259676148 0.1018351197 -94.00611956
0.260959956 0.002088603729 -164.7205778
0.2706198417 -0.03600329371 -165.5465949
0.3093147041 -0.02723179851 -195.1635431
0.3297164635 -0.02925929989 -209.8294776
0.3238169997 -0.01986495819 -206.8280049
0.0537228745 0.002590302041 5.010444941
0.04940034517 0.02034325989 5.47355635
0.05460895752 0.0419683457 -2.207522226
0.05621653127 0.04142877646 -3.714581027
0.02764195108 0.02642543653 24.02170071
-0.004237832192 0.05533031549 47.65905729
0.01635084599 0.06008203824 27.60010686
0.006925599151 0.0385394429 40.16889923
-0.01998254989 0.06105608733 62.51004616
-0.0004756757212 0.07221869079 41.68153009
0.0007307473295 0.001148866191 18.52942949
-0.01485792335 0.01348674652 32.50719806
-0.009946015589 0.01896616616 26.40061957
0.001009918249 0.03043101736 12.76082698
0.004355741667 0.04255452994 7.190896371
-0.002235525885 0.003174244008 20.87774579
0.004995284008 -0.01416382012 15.28528066
0.003878796918 0.002619815431 14.00570819
0.008477728923 -0.02188293223 12.32426466
0.08004723986 0.1121436145 -83.66194652
0.08935882108 0.1086668606 -94.35089479
-0.02818368087 -0.01374016861 37.98677933
-0.0262349067 0.01374073833 32.86078944
-0.04425395877 0.008695466835 34.67707511
-0.0591967536 0.004270042386 36.32584636
-0.0512006513 0.0002410746413 36.41748604
-0.05598171571 0.00225017741 36.46007472
-0.05894591024 -0.009381913733 38.91065556
0.007588343507 0.004548379321 34.81990375
0.03087038248 -0.0001600355142 31.51479527
0.008152670116 -0.003734366681 36.92713985
-0.04983101048 0.07156817924 23.6998765
-0.03970224396 0.08472565476 18.88655022
-0.05050605194 0.06489968612 25.23902973
-0.06275369892 0.05790100906 45.45990157
-0.07485261029 -0.008812703582 62.25683386
-0.07362755759 0.01739949471 55.82822801
-0.06813462184 0.0199067333 36.86597786
-0.05324302857 0.004586846631 34.18434726
-0.06264699195 0.006393813217 37.53094334
-0.06313863471 0.012416591 36.5617313
-0.0630582425 0.02488007529 34.22024526
-0.06260495591 0.009527300627 36.7873301
-0.03508472664 0.0275488838 20.22404052
-0.04053640334 0.04145295127 20.1495079
-0.01033852234 0.1207117676 -10.45833868
-0.01207460379 0.1230007678 -9.634313975
-0.01333885244 0.08811167328 -2.117087817
-0.02281868913 0.05264746538 10.00025981
-0.02429089065 0.05911427312 9.617548177
-0.01177165818 0.0293270932 7.008006594
0.2020294745 0.07266168647 -139.8317546
0.2829122167 0.08642302167 -197.1377635
0.2614445133 -0.005661021462 -163.7043925
0.254491161 -0.04104691103 -153.207475
0.2280204841 -0.04924317733 -129.6721359
0.3365721005 -0.02269706974 -216.1924529
0.3440962916 -0.01592689723 -223.6307955
0.05574162188 0.002313955483 3.504977191
0.06045988223 0.01104217802 -1.916764553
0.05264787228 0.01755684033 3.528529597
0.05075865566 0.002244451803 7.733422845
0.03146685839 -0.01109390494 27.14586803
0.01757786182 0.0133652737 35.03968238
0.01413295865 0.02760192994 35.52843607
-0.0158917481 0.00495142419 67.79840023
-0.007070981012 0.03675604074 53.66321955
0.02643286611 0.005800452782 25.7766789
0.04485028218 0.005665848938 7.447645991
-0.01441548707 -0.006264442639 35.79609889
0.008024921651 -0.00727389764 11.69323653
0.004776783154 0.0234347646 9.812038787
0.007565216009 0.01580402677 8.153516791
-0.01010236185 -0.01034505973 32.02240582
-6.447887361e-05 0.0007575492662 18.86321621
0.03048598481 0.02808221737 -21.49781554
-0.0003318572169 -0.00699467158 20.649014
0.1017626278 0.1135431961 -110.7475648
0.114940591 0.1009055981 -124.4035695
0 0 -1
-0.005650250872 0.04270428597 26.08709969
-0.03584689902 0.04578125836 26.68074634
-0.07304021604 0.05099673714 28.05214709
-0.05593794652 0.01901677604 33.17142205
-0.05893566976 0.03115513665 31.19175667
0.008581842318 0.05757284819 24.11938319
-0.01385136394 0.01183322531 36.43616443
0.02934652379 0.01952892396 27.75056509
0.01928281774 0.01109596362 31.66264569
-0.09746344948 0.5682003826 -63.11224119
0.1499485416 0.07340683436 -15.81503179
0.1655606686 0.1932853536 -43.78076874
-0.02195954598 0.008341589243 43.20379252
-0.06239281838 0.009006268762 55.33311856
-0.1110870377 0.0296074821 65.7989985
-0.06603047201 0.006153317222 38.52218947
-0.03733046643 -0.007558282871 30.2737529
-0.04934034963 0.001435255056 33.15543085
-0.04389555117 0.02632852186 25.51144012
-0.03869860371 0.04484553577 19.19062244
0.004090848634 0.1655393916 -25.02103496
-0.02906868005 0.2271139351 -22.66608477
-0.0250290363 0.1894264281 -16.62843731
-0.001744722888 0.3140320271 -54.50014688
-0.003150504135 0.2261898766 -35.25319137
0.006137009974 0.192811827 -33.4656729
0.01301854023 0.3518835312 -70.51796947
0.006255788641 0.3510106882 -66.13676135
0.01783979294 0.3566693016 -74.78521265
0.04412271917 0.3047731854 -81.23240933
0.1426971526 0.109865998 -106.3207621
0.2797600434 0.01211768181 -180.0526498
0.248646797 -0.01239067745 -153.3901222
0.329896107 -0.01973810347 -211.8642471
0.3459088919 -0.01453467131 -225.0641096
0.352265444 -0.01778904632 -229.7982098
0.0326234519 -0.01847587204 26.39782269
0.05392557553 -0.01154726035 7.953405559
0.0446360439 0.0024822006 12.90257725
0.02104211516 -0.001545168802 34.58039889
0.03073089935 -0.01099142481 27.32203417
0.01606742769 3.673787511e-05 38.99176752
-0.004500839105 -0.01875736422 61.7626687
-0.02031765266 0.01885705114 69.03771455
-0.006075138255 -0.002577259988 59.1570383
0.03871694385 0.003661199547 13.89731951
0.04350334468 0.0004549423015 9.820045797
-0.1743274728 3.834421053 -542.0728733
1.458051855 0.3438560147 -1529.008752
2.493008154e-14 -0.1168493621 79.01077499
2.493008154e-14 -0.1168493621 79.01077499
0.2314535079 -0.03472742702 -122.8515664
0.2138868061 -0.01900006131 -106.0331819
0.260459785 -0.09257952512 -267.6397641
0.2039594977 0.1004706023 -121.6300895
0.118663142 -0.5036860626 111.8272847
0.1878383738 0.1644427725 -116.9545505
0.004492001089 0.0399308011 26.34559873
0.003697153124 0.03876850089 26.5718889
-0.0334286828 0.07313872246 21.55319067
-0.06194349038 0.1193935183 12.45349196
-0.05764878453 0.08790272317 18.54536073
0.0004079132652 0.05349778847 26.38400643
-0.01869500764 0.05631071867 27.76916563
0.004469630645 0.03962065593 27.06286536
0.01884295332 0.05051882536 23.47742027
-0.02622393788 0.06744796329 27.97886639
-0.01751866026 0.08619788825 21.44830915
0.02751244767 0.08007926849 12.82650757
-0.01426610139 0.007333681256 40.48363559
-0.01331341612 -0.01088263232 44.59445376
-0.05651000183 0.01982382533 51.38365596
-0.09749265718 0.03664815812 60.12572793
-0.08298859742 0.03113341021 56.1400326
-0.006376201836 0.274819669 -43.44921822
-0.01007691529 0.2753408896 -42.19893678
-0.0116989553 0.2926408368 -45.52591422
-0.01399796449 0.3038316987 -47.44764164
0.00945836691 0.2680040446 -49.67467713
-0.01176035266 0.2725106824 -40.25483014
0.001079067935 0.3043423142 -53.83926868
0.01082396547 0.3271869363 -63.78541144
0.004006135271 0.331905709 -61.03367028
0.005677599019 0.3266609649 -60.42604565
0.0005740554485 0.3285132094 -57.76018137
0.008099540393 0.3387793046 -64.39564909
-0.0015985733 0.3359734296 -57.92742428
0.00154022492 0.3359843727 -59.69914202
0.02656857616 0.302198872 -68.89013747
0.2370091797 0.01065294963 -149.4630513
0.2812187757 -0.02608758267 -174.0803811
0 0 -1
0.3282204426 -0.01902143447 -210.2595145
0.3250486672 -0.01201109462 -209.4941835
0.01359169052 -0.006605441592 39.32459962
0.0373989909 -0.03610683308 26.52534719
0.04465012739 -0.05232803818 24.51470768
0.03144423324 -0.03514204731 32.85462154
0.02749304632 -0.04881113942 38.8626964
0.02220970831 -0.04466852107 42.9423106
0.009681794878 -0.02815441979 50.09393187
0.03280461497 0.01362826165 19.07251734
0.007565698558 0.0177760198 42.06573826
-0.3599192322 -0.2689336265 478.5082146
0.1378085678 -0.09307375599 -22.06499023
0.1421328578 -0.001360758095 -47.0592141
0.2199503597 0.050593632 -135.0950608
0.2122084408 0.03220971044 -122.3684811
0.4594048361 -0.1005994349 -364.1154088
0.2344952389 -0.0065999548 -132.5989912
0.238045021 0.026292805 -144.0569664
0.1999934497 0.06948599136 -109.4473326
0.1953071354 0.07331298087 -104.9349316
0.1927395682 0.154647648 -120.5402964
0.2053198374 0.1127575477 -125.9289904
0.009247606003 0.04308151321 25.43304978
0.006939544116 0.03951086126 26.39861435
0.006991783886 0.0354484959 28.35049355
-0.001647042912 0.06808672346 20.72222809
0.03798679693 0.03005702803 27.57719698
0.03553519929 0.04728776788 23.05611487
0.005678986987 0.0443638561 27.36058316
0.01581059345 0.05980302111 21.66376256
0.009598738624 0.03012120404 30.25698045
-0.008813522045 0.03925161859 31.61569278
-0.02155325142 0.06154153029 28.87787415
0.01056051419 0.05051587409 23.84374872
-0.004241622356 0.02140248085 34.08568329
0.006249101011 0.02078791875 31.66626884
-0.02495114266 0.0005426335634 45.98002212
-0.08114608533 -0.005378988628 65.31727089
-0.09003675377 0.003208472475 65.38302047
-0.01395550002 0.2731049741 -39.89666382
0 0 -1
0.00159629153 0.2985244461 -52.904049
0.005293432254 0.3051686412 -56.33997173
0.01503814616 0.3213396086 -64.80095803
0.01574717126 0.3165061754 -63.81684871
0.0156549228 0.3279977599 -66.41705151
0.01930919245 0.3052017726 -62.1114887
0.009677290103 0.3199353048 -60.92774524
0.01326433926 0.319336599 -62.79654235
-0.002299468847 0.3249453367 -55.15668814
0.006071679211 0.3298150689 -61.2728364
0.00345277097 0.320777761 -57.40608524
0.00668496638 0.3172716155 -58.78499891
0.01227420564 0.3052109556 -59.52108969
0.02526612599 0.3094478451 -69.95821532
0.05732986487 0.2413222653 -75.74829251
0.3378873056 -0.0682522038 -206.1605223
0.3323316039 -0.05336928522 -204.852599
0.3231297855 -0.04617008308 -199.5496251
0.02238101742 -0.04289400787 41.32525048
0.008750391886 -0.02954266696 48.88189093
0.02505681922 -0.06078777108 42.73432227
0.01872103307 -0.06332686793 49.29314544
0.01457272003 -0.07401820099 55.43240338
0.0176786277 -0.07255516349 51.95942529
0.03901708774 -0.0416615119 25.60422695
0.03144105858 -0.007277999761 24.82436609
0.04405525141 -0.04564488183 59.96178727
0.01658531965 -0.229205411 133.7407492
-9.07578389e-06 -0.3150004862 171.5624284
0.3237065308 0.07272354786 -296.8441533
0.07453319086 0.02151766598 -62.75401565
0.0865895128 0.01502600524 18.64521947
0.04277154127 0.08818060263 47.95045327
0.3136059701 0.006091268487 -225.9911029
0.2789183343 0.008113432789 -187.3281574
0.2176917008 0.03905301704 -123.0338875
0.2189247573 0.08238254972 -136.3538875
0.2266495115 0.09163067566 -147.2166554
0.2292875907 0.09189691021 -150.6150843
0.01079174537 0.06589861267 19.36412601
0.01009425627 0.05473566569 22.42093397
0.001821788985 0.04502499422 25.47102033
0.01025121619 0.03692888167 27.2179896
0.02284864505 0.01432331536 32.81007064
0.0222865048 0.01774788123 32.23852352
0.003326982684 0.01881831438 34.22716647
0.00534341227 0.02742570538 31.48640317
-0.008671578164 0.0104100281 38.4673027
-0.01350873681 0.001541257311 41.98049262
-0.01326009625 -0.005080611799 43.8711748
-0.01333754687 0.009358898756 39.9264419
-0.002849290747 0.01654922694 35.088835
-0.01486512765 3.989380257e-05 43.21934621
-0.05278185715 -0.02549588537 61.31073307
-0.09787185518 -0.08632207907 91.11004822
-0.0185720336 0.2726261807 -38.21252528
-0.0005745356182 0.284720701 -48.45152647
-0.003402295829 0.2880338823 -48.09436201
0.0151194686 0.3251937371 -65.66042454
0.01359673506 0.3314868613 -66.61223589
0.01683601733 0.322600296 -65.63878736
0.02026759007 0.3297872349 -69.13320833
0.0168024263 0.3288852552 -66.98383276
0.01375513454 0.3207219454 -63.24327879
0.008188202981 0.3204011995 -60.12463566
0.005808689214 0.319248882 -58.55009177
-0.002338686254 0.3173146701 -53.30985775
0.005123695044 0.3173592118 -57.67776887
0.006569430438 0.3172321228 -58.6479867
0.004147855368 0.3142664392 -56.29346569
0.003720810668 0.3147772095 -56.25128095
0.009466421568 0.3135951961 -59.97661645
0.02777902655 0.3064213803 -71.01209877
0.04542960765 0.2839418919 -77.99422062
0.09951089745 0.2212415928 -101.6431215
0.3696522709 -0.0754174721 -228.8779548
0.04763677408 -0.07519479927 29.49610074
0.0126525205 -0.03382079554 46.8403737
0.01847012866 -0.03388158496 41.62242747
0.01501756538 -0.0384147185 46.19731652
0.005877627739 -0.04362769806 55.46906759
0.03668774744 -0.05722790884 30.89964746
0.1632199998 -0.1009222016 -37.78401005
0.08142442631 -0.04743596237 25.46856136
0.01583852894 0.001632301046 75.2739451
-0.05297518532 0.1011140608 116.6648302
-0.03068811294 0.02429705671 114.3183235
0.07348419663 0.02245773263 -61.92281231
0.1812828005 0.09431911266 -103.8994468
0.000537273617 0.6277400071 -78.65454998
0.04857404732 0.1527352242 23.83882631
0.05966259707 0.3531360099 -44.4928519
0.2679657223 0.05195682479 -184.9679764
0.2289922377 0.05497643041 -140.4270128
0.2286004256 0.07590689326 -145.7177859
0.24173186 0.1016142104 -168.3618923
0.2457184648 0.1088706595 -175.1095675
0.007421024918 0.1121070599 6.26640493
0.002475396912 0.08693817071 13.67099321
-0.02221814755 0.0960645991 11.90713156
-0.01054187198 0.09054902622 13.02162373
0.0199210388 0.01271150009 33.28165951
0.03339773427 -0.007731398223 37.6476142
0.01026255411 0.0181467833 32.9762917
-0.0125870504 0.0001094487555 41.63914899
-0.02736466129 -0.004356313346 45.92056857
-0.01093986194 -0.004558231935 43.28291691
-0.0197948614 -0.03552280062 53.70364451
-0.006134352213 -0.007824592179 42.94528853
-0.006344323558 0.007252161027 38.62148021
-0.04176495612 0.01271581711 46.71795366
0.001430021831 0.2118039442 -26.1820128
-0.01246783554 0.2642766849 -37.41777389
-0.01228251457 0.2979473542 -47.74296146
0.005440682606 0.3228435196 -61.59360178
0.01402691721 0.3210513137 -64.05829164
0.01810716936 0.3255677793 -66.7128321
0.008942304659 0.3277849709 -63.64735355
0.01715813345 0.332219317 -68.13065755
0.01447402124 0.3257803598 -65.08621945
0.01635669924 0.3252154059 -65.91060302
0.01535288428 0.3167430184 -62.94534509
0.01355541595 0.3218216383 -63.55522717
-0.0002406348759 0.3131879482 -53.29971825
0.006070470929 0.3208181548 -59.16027236
-0.0004333332643 0.3177060779 -54.33142772
0.002574034858 0.3250627046 -58.36489676
0.008844159385 0.3154835419 -59.6500118
0.004204199207 0.3174066831 -57.20511633
0.009063733048 0.3251459617 -62.81758781
0.0166579248 0.3164451303 -65.75092224
0.02937934448 0.2979658269 -69.86136591
0.05026115595 0.2617058758 -75.20557851
0.03767135416 0.2872076753 -73.02876248
0 0 -1
0.1324614262 -0.1821552512 -11.47846079
0.05780726844 -0.02709204804 6.403223638
0.02001186944 -0.02818756313 38.92595708
0.405520837 0.02333460505 -299.2492747
0.3761852944 -0.07064606273 -244.2625236
0.3262675712 -0.08706550604 -194.2307389
0.1030223412 -0.01277886563 -5.018134448
0.07252006817 -0.003643307511 21.83635109
0.2612406984 0.1048892436 -189.9604061
0.2337738178 0.06706531366 -150.872884
0.2149582254 0.07913764127 -135.4008438
0.2299417178 0.1173592894 -162.4630655
0.1737823383 0.2542455764 -142.2398543
0.1504037023 0.3940766536 -157.807032
0.1132406656 0.4305328297 -127.4514555
0.2751245837 0.07910859232 -201.2616188
0.2545646198 0.09387375352 -181.6632863
0.2478802183 0.09934184522 -175.2446096
0.2526125331 0.107636797 -183.1082007
0.2473455349 0.1020825425 -175.0648445
-0.0006577314517 0.1594976153 -7.972399053
-0.004030040401 0.1537321818 -6.18200897
0.01288947555 0.1973429165 -20.82603876
0.01141923593 0.2463749372 -36.03038595
0.01158194793 0.2837587313 -47.94227968
0.004068117887 0.2698630858 -42.86337644
0.00205831725 0.2676687882 -41.77928881
-0.01313249534 0.1491967972 -3.285558058
-0.02419841983 0.2395926592 -28.49948503
-0.02131722495 0.2696696221 -38.67382364
-0.01842811613 0.2563219922 -34.945865
-0.01366117993 0.2718800524 -40.91876678
-0.01385304574 0.2777434971 -42.75111185
0.01700177925 0.2856072287 -53.90801694
0.02179943344 0.2714698466 -50.77452204
0.01478294423 0.3053677477 -59.12566181
0.007483541788 0.3282862378 -63.91650996
0.01740786121 0.3420462758 -71.72020628
0.01776013374 0.336527808 -70.13104858
0.01969049946 0.3344240024 -70.31089884
0.02045032594 0.3271788821 -68.27856496
0.0131350139 0.3256283515 -64.3691912
0.01021326957 0.3318535484 -64.99196513
0.01279426347 0.330550523 -65.74217569
0.007556140798 0.3258260775 -61.61236995
0.009024571895 0.3217083816 -61.11505134
-0.0006756428005 0.3159941299 -53.81133623
0.005738764005 0.323706743 -59.99085388
0.007700281382 0.3219704732 -60.55448409
-0.002785803584 0.3252579356 -54.95728991
-0.0002201699063 0.3257829918 -56.77875548
0.002562778448 0.3195210802 -56.73827579
0.008696425127 0.317663197 -60.3396547
0.008766269874 0.318637452 -60.72410708
0.01609710943 0.3179525898 -65.9534794
0.02788511141 0.2977862475 -68.7260443
0.03366235787 0.2891080084 -70.36703288
0.03734351939 0.2688648801 -67.08605819
0.02199790893 0.2582031223 -50.95932555
0.02951449528 0.2236279405 -46.42682624
0 0 -1
0.3644427998 -0.03609960949 -244.2343142
0.3427493098 -0.05021482367 -220.1265342
0.308794903 -0.01702889379 -199.0515748
0.08793256729 -0.01388064015 10.05148997
0.09684361492 -0.009842460241 0.1483006066
0.2264125038 0.05289675129 -138.3732728
0.2310686443 0.0595914784 -145.4296217
0.2390375473 0.07432322194 -159.0956971
0.2748648851 0.1226602313 -211.5515746
0.2555566815 0.1616992936 -202.9127327
0.2358989455 0.1478122977 -176.4824618
0.2282298896 0.2389739942 -196.6345161
0.2638697055 0.1493407077 -209.8321312
0.2617453942 0.1168481979 -196.921216
0.2533003831 0.1102627933 -184.9298975
0.2524475765 0.0998562599 -180.5927472
0.2286641286 0.08753558227 -147.7671843
0.01885469248 0.205141232 -22.91274633
0.02368200876 0.2269307345 -30.39145505
0.02652447407 0.2441634427 -35.96373975
0.00667070176 0.2548115225 -37.93260515
0.0161428535 0.2742687823 -45.20290753
0.005962416027 0.2708093161 -42.72358699
-0.01131961683 0.2526148918 -34.93471275
-0.004949420891 0.2352304422 -30.26069165
-0.01493729054 0.2466892337 -32.50625426
-0.01423743606 0.2557790642 -35.66891585
-0.007286380683 0.275118009 -43.79776577
0.00641947627 0.2991130755 -55.07335332
0.01683193769 0.3283668679 -67.57643996
0.02244955822 0.3385673059 -72.47340025
0.0246729561 0.3262714257 -69.1161048
0.01869488845 0.3387736475 -71.19891221
0.01389095996 0.3393250688 -69.55639789
0.01648153537 0.3374764643 -69.92712928
0.01682763589 0.3354781531 -69.36085293
0.01956926414 0.3370465851 -71.11742419
0.021366987 0.3317497426 -70.12439026
0.02085251888 0.3340739871 -70.73454496
0.01885945784 0.3355008212 -70.25645421
0.01031625944 0.3274528154 -63.40445203
0.01065232148 0.3269960233 -63.41816463
0.00208556162 0.3244435688 -57.98019966
0.001994323372 0.3237426266 -57.70297647
0.003023067302 0.3297324561 -60.23168752
0.00510523376 0.3267268111 -60.56301906
0.005687015177 0.3244815773 -60.09157145
-0.003955501764 0.3241251018 -53.75595851
0.002201153018 0.3209511721 -56.88147463
0.00897632822 0.3254335915 -62.96833488
0.00671145791 0.3260838862 -61.60858505
0.006236644261 0.3166565834 -58.0542618
0.009661070234 0.3159593229 -60.47189688
0.02133076401 0.3032876688 -65.34308944
0.03534260777 0.284671637 -70.22164214
0.03344800249 0.2959031435 -72.48143217
0.02673895009 0.3079841329 -70.92845266
0.04065335537 0.3015134016 -80.61313994
0.3397352616 -0.03943494587 -221.1312159
0.3492939331 -0.04344635788 -228.6492495
0.353705068 -0.03639528834 -234.9513834
0.1001606756 -0.02456317017 1.794841973
0.09734401076 -0.04324101937 10.60398238
0.242183237 0.02892716915 -146.8128866
0.2187051312 0.03303598338 -124.1714118
0.08205281318 0.2152077372 -49.99110683
0.2774833729 0.1147532336 -211.9630401
0.2871444688 0.1081727537 -220.5238823
0.2866976643 0.1169408549 -222.6800454
0.2414191121 0.1507562017 -183.8597034
0.2223345434 0.1417222166 -158.7139959
0.2385987877 0.1317778587 -174.5605609
0.2378293675 0.09856416196 -162.4511966
0.2397230065 0.1015449436 -165.8117468
0.2175592432 0.1041317913 -139.6833558
0.04931535911 0.2298083135 -31.59339861
0.04861694192 0.260339933 -42.36577968
0.04513830919 0.2681040313 -44.48921472
0.01331183113 0.2777374968 -45.46731974
0.00178766536 0.2581023224 -37.72266196
-0.02221492583 0.2326557094 -26.25263709
-0.01708787537 0.238694278 -29.24067111
-0.009018530494 0.241920985 -32.02676131
0.002801056255 0.2592306713 -40.10295473
0.01172518278 0.2784435471 -48.80050978
0.02442047959 0.3161369593 -64.96914257
0.03262380926 0.3469312753 -77.70759108
0.0207525594 0.3415262232 -72.81515175
0.01744838001 0.3350136373 -69.58694185
0.0250690507 0.3307309319 -70.36347985
0.02502416181 0.327556172 -69.24205998
0.01905674971 0.3403972687 -71.75715189
0.01546461253 0.3365387027 -69.11381863
0.0127423657 0.3270953235 -64.67096426
0.01264674466 0.332416288 -66.5670188
0.0144305946 0.3276404681 -65.65229605
0.01665948028 0.3279746445 -66.67626381
0.01318234214 0.3261691754 -64.34179248
0.007473380276 0.3154194108 -57.72802155
0.006758825217 0.3122492346 -56.30057039
0.004803419092 0.3110907868 -54.8064126
0.004717589571 0.3147710509 -56.11095396
0.004886209314 0.3167890246 -56.86324494
0.005767589926 0.3261071709 -60.7130807
0.001535440791 0.3214106475 -56.42563202
0.0007623875296 0.3207718032 -55.71836163
-0.001604598695 0.316534324 -52.56778242
0.006855882995 0.3168079697 -58.3991238
0.004434899773 0.3131280082 -55.36233094
0.004302553924 0.3237095904 -59.09629864
0.005514873434 0.3175501146 -57.74512217
0.007263904003 0.3130632424 -57.53451719
0.01919554475 0.2945832437 -60.57769349
0.03622882275 0.2845460617 -70.79311512
0.03489732557 0.2977039863 -74.29055253
0.04848956639 0.3036007743 -88.21099038
0.3391980609 -0.03019730543 -223.869829
0.3281252098 -0.03237570975 -213.1242411
0.3452607953 -0.06048190054 -218.8478631
0.1936043456 -0.06094408139 -76.10481369
0.08319624254 -0.08324374376 37.83259178
0.2447119435 0.0287733299 -149.4983296
0.2388230585 0.03722491693 -146.2645383
0.2384417304 -0.08820609474 -108.0340769
-0.01421218423 0.07985759499 103.7042354
0.2746958013 0.1125595987 -207.9914165
0.2467256952 0.1183603294 -179.0721925
0.2355357852 0.1338694888 -171.7156982
0.2305178414 0.1292193355 -164.1307635
0.1974437486 0.1015195306 -115.7960996
0.2329235996 0.07632205486 -148.9117294
0.2511286044 0.09435107914 -177.1335588
0.2603030598 0.0979546749 -189.3486785
0.05928517232 0.2407785768 -35.58170911
0.05731940741 0.2557054534 -41.00523526
0.05019716223 0.2504145602 -38.69479739
0.01948937162 0.2474262438 -35.43704322
-0.009806495302 0.2119700141 -20.263954
-0.009670309635 0.219678854 -23.04431371
-0.02211614873 0.227030119 -24.2945332
-0.01151673062 0.2392640108 -30.44250726
0.01237733804 0.2303994968 -31.43135477
0.0321360868 0.2783400129 -52.99778168
0.03261161315 0.310560256 -64.62518776
0.03100400861 0.3352304216 -73.2060418
0.02003012953 0.328918344 -68.11072042
0.01599327742 0.311337449 -60.64970205
0.02894001439 0.3020883855 -61.27270175
0.02782557225 0.3049656261 -61.99928757
0.01752251738 0.3189788995 -63.61757826
0.01416885209 0.313517338 -60.44585652
0.01636228772 0.3124636883 -60.88051385
0.01241457839 0.3082760457 -57.83589999
0.01398261633 0.308636113 -58.64427291
0.01977464276 0.3086605033 -61.23769423
0.01168038891 0.3187787487 -61.04196953
0.002080618387 0.2971181911 -48.39670353
0.003711636281 0.3024644381 -51.15689106
0.002947700844 0.2999087825 -49.83021601
0.005806923112 0.3021380535 -52.20782815
0.008646280483 0.2974788356 -52.19014646
0.009454638671 0.3129443297 -58.35405285
0.005037786595 0.3219392495 -58.76888383
-0.002355285009 0.3167349351 -52.19141283
-0.005255436833 0.3077164193 -46.9566544
0.001153854636 0.2943476372 -46.36811346
0.006043576231 0.2937466701 -49.60850866
0.01028359716 0.3144259174 -60.21675449
0.005226029086 0.3086791883 -54.32569446
0.001421399 0.3083998099 -51.18854411
0.006004021408 0.2938612182 -49.56298367
0.02804496136 0.2638506951 -56.54564781
0.03088613036 0.2773046303 -63.65899067
0.02336478787 0.2637226371 -52.30055711
0.340401426 -0.008846543659 -232.7228406
0.3128576495 -0.01843448518 -204.1325535
0.2761691538 -0.02106743136 -168.8284334
0.1583237609 -0.01012851258 -61.38568148
0.08811938562 -0.05588960389 23.32009404
0.08118209509 -0.0967781436 45.17117236
0.2445492073 0.03074313737 -149.8871282
0 -0.30859375 204.2096354
-0.00323500188 0.06162927971 98.44719805
-0.006920395408 0.06740887365 100.3226055
0.2540534447 0.1092726323 -184.1063739
0.2469664004 0.1080853946 -175.5673871
0.2367102508 0.1099503686 -164.3755347
0.1942842004 0.1072530729 -114.479633
0.2081996675 0.03714968087 -105.5990334
0.2638218751 0.02571672864 -168.3492726
0.2859937954 0.05696013417 -206.4113626
