0 1 3
1 3 3
3 5 3
5 6 3
6 7 3
7 66 3
66 68 3
10 68 3
10 12 3
12 13 3
13 14 3
14 15 3
15 16 3
16 19 3
19 192 3
19 78 3
19 22 3
22 23 3
23 25 3
25 86 3
28 86 3
28 30 1
30 31 3
31 32 3
32 33 3
33 34 0
34 35 3
35 36 3
36 37 3
37 39 3
39 40 3
40 41 3
41 42 3
42 43 3
43 44 3
44 46 3
46 47 3
47 48 3
48 49 0
49 50 3
50 51 3
51 52 3
52 53 3
53 54 3
54 55 3
55 56 1
56 57 3
191 192 3
3 4 3
28 201 3
1 59 1
25 82 3
25 83 3
44 103 3
25 81 3
82 83 3
86 201 3
23 81 3
81 82 3
37 96 3
39 96 3
4 5 3
22 78 3
0 59 1
78 79 3
22 79 3
30 201 0
46 103 3
56 114 3
57 114 3
7 65 3
66 67 3
22 138 3
37 95 3
42 99 3
57 115 3
5 63 3
67 68 3
16 74 3
19 74 3
46 105 3
47 105 3
65 66 3
19 133 3
83 86 3
36 94 3
95 96 3
41 99 3
59 60 3
1 60 1
3 60 3
74 133 3
31 90 0
32 90 0
35 94 3
12 70 3
13 70 3
13 71 3
13 72 3
14 72 3
78 192 3
85 86 3
33 92 0
34 92 3
55 113 1
56 113 1
15 72 3
15 73 3
133 192 3
79 138 3
84 85 3
33 91 0
91 92 3
39 97 3
40 97 3
42 100 3
43 101 3
49 107 3
50 108 3
51 109 3
52 110 3
53 111 3
53 112 3
54 112 3
114 115 3
6 64 3
16 73 3
133 191 3
22 81 3
33 90 0
36 95 3
40 99 3
100 101 3
44 101 3
107 108 3
108 109 3
109 110 3
110 111 3
112 113 1
7 64 3
70 71 3
72 73 3
83 85 3
90 91 3
35 92 3
96 97 3
99 100 3
5 64 3
64 65 3
83 84 3
111 112 3
71 72 3
73 74 3
31 201 0
94 95 3
48 105 3
113 114 1
12 68 3
31 148 0
101 103 3
4 60 3
63 64 3
68 70 3
92 94 3
46 162 3
48 164 0
49 164 3
85 201 3
105 162 3
59 118 3
60 118 3
68 127 3
70 127 3
105 164 0
4 119 3
146 201 0
31 146 0
90 148 3
107 164 3
4 120 2
148 205 1
40 156 3
60 119 3
119 120 3
136 192 3
78 136 3
31 205 0
94 151 3
97 156 3
103 162 3
113 171 1
63 120 3
114 171 0
59 116 3
0 116 1
72 130 3
94 152 3
101 160 3
103 160 3
68 126 3
71 130 3
146 205 3
151 152 3
95 153 3
99 157 3
79 136 3
96 153 3
40 157 3
112 170 3
82 84 3
91 149 3
103 161 3
111 170 3
126 127 3
73 132 3
74 132 3
79 137 3
81 140 3
82 140 3
90 149 3
161 162 3
67 125 3
72 131 3
81 138 3
84 141 3
92 149 3
156 157 3
107 165 3
114 172 3
64 122 3
65 122 3
66 125 3
73 131 3
136 137 3
137 138 3
100 160 3
164 165 3
108 165 3
113 170 1
171 172 1
115 173 3
0 232 1
63 122 3
67 126 3
70 128 3
71 129 3
132 133 3
81 139 3
84 140 3
85 202 3
96 154 3
97 155 3
160 161 3
108 166 3
109 167 3
110 168 3
111 169 3
114 173 3
118 119 3
127 128 3
128 129 3
129 130 3
138 139 3
139 140 3
140 141 3
141 202 3
92 151 3
154 155 3
155 156 3
162 164 0
166 167 3
167 168 3
168 169 3
65 125 3
201 202 3
145 146 3
153 154 3
170 171 3
130 131 3
145 201 0
95 152 3
165 166 3
169 170 3
85 141 3
148 149 3
100 158 3
158 160 3
125 126 3
172 173 3
116 175 3
59 175 3
65 181 3
131 132 3
99 158 3
125 181 3
152 153 3
122 181 3
122 180 3
157 158 3
118 175 3
192 193 3
92 208 3
136 193 3
145 202 0
151 208 3
180 181 3
125 182 3
191 193 3
181 182 3
149 208 3
131 189 3
164 221 3
120 122 3
130 189 3
162 221 0
173 231 3
120 178 3
120 177 3
138 196 3
119 177 3
122 179 3
125 183 3
126 183 3
131 190 3
132 190 3
136 194 3
139 196 3
139 198 3
162 220 0
118 176 0
177 178 3
193 194 3
137 194 3
140 198 3
161 220 0
165 223 3
172 230 0
118 177 3
141 199 3
146 204 3
161 219 0
164 223 3
170 228 3
171 228 3
171 230 3
230 461 0
120 179 3
126 184 3
127 185 3
128 186 3
129 187 3
130 188 3
190 191 3
199 202 3
204 205 3
148 206 3
149 206 3
149 207 3
151 209 3
152 210 3
153 211 3
154 212 3
155 213 3
156 214 3
157 215 3
158 215 3
219 220 3
220 221 3
165 224 3
166 224 3
167 225 3
168 226 3
169 227 3
172 231 3
182 183 3
183 184 3
184 185 3
185 186 3
186 187 3
187 188 3
188 189 3
207 208 3
208 209 3
209 210 3
210 211 3
211 212 3
212 213 3
213 214 3
214 215 3
160 219 0
224 225 3
225 226 3
226 227 3
227 228 3
133 190 3
198 199 3
158 217 3
160 217 3
223 224 3
230 231 1
175 176 0
176 177 3
189 190 3
145 204 3
160 276 3
175 233 0
176 233 3
205 206 0
219 276 3
221 223 3
116 232 3
217 276 3
175 232 3
178 179 3
206 207 3
138 194 3
199 258 3
202 261 3
145 261 0
179 180 3
139 255 3
202 259 3
219 277 3
191 250 3
259 261 3
193 250 3
276 277 3
194 196 3
215 217 3
215 274 3
217 274 3
194 253 3
196 253 3
196 255 3
199 257 3
199 259 3
177 235 3
215 273 3
176 235 3
257 258 3
273 274 3
219 278 3
178 235 3
220 278 3
171 345 1
204 261 0
223 282 3
224 282 3
228 345 1
230 345 1
193 251 3
194 251 3
258 259 3
277 278 3
221 280 3
230 288 1
178 236 3
191 249 3
194 252 3
198 257 3
223 280 3
231 288 3
176 234 3
179 236 3
179 237 3
190 249 3
249 250 3
251 252 3
225 282 3
233 234 3
234 235 3
180 237 3
186 244 3
187 244 3
252 253 3
261 262 3
208 266 3
214 273 3
288 461 0
180 238 3
181 239 3
182 240 3
183 241 3
184 242 3
185 243 3
187 246 3
188 246 3
189 247 3
190 248 3
196 254 3
204 262 0
207 266 3
209 267 3
210 268 3
211 269 3
212 270 3
213 271 3
214 272 3
217 275 3
221 279 3
231 289 3
232 233 0
235 236 3
236 237 3
237 238 3
238 239 3
239 240 3
240 241 3
241 242 3
242 243 3
243 244 3
187 245 3
246 247 3
248 249 3
253 254 3
254 255 3
198 255 3
266 267 3
267 268 3
268 269 3
269 270 3
270 271 3
271 272 3
272 273 3
275 276 3
279 280 3
225 284 3
226 284 3
227 285 3
228 286 3
288 289 3
245 246 3
274 275 3
220 279 3
280 282 3
228 285 3
286 345 1
244 245 3
226 285 3
345 461 0
190 247 3
250 251 3
205 262 0
206 322 3
205 321 0
282 339 3
282 340 3
247 248 3
207 322 3
285 286 3
248 307 1
262 321 3
278 279 3
284 285 3
206 321 3
280 339 3
198 314 3
285 343 3
257 314 3
282 284 3
284 343 3
249 307 1
249 308 3
250 308 3
252 310 3
253 310 3
255 314 3
259 317 3
258 317 3
322 323 3
235 293 3
236 293 3
251 310 3
321 322 3
272 388 1
273 331 3
274 331 3
288 346 0
262 320 3
266 322 3
234 293 3
261 320 3
339 340 3
307 308 0
266 323 3
266 324 3
277 335 3
280 338 3
346 461 0
236 295 3
237 295 3
251 309 3
253 311 3
274 332 3
276 335 3
278 335 3
279 338 3
232 348 0
233 291 3
234 291 3
244 302 3
250 309 3
254 311 3
258 316 3
261 318 3
270 328 3
271 329 3
272 329 3
275 332 3
288 347 3
289 347 3
236 294 3
238 296 3
239 297 3
240 298 3
241 299 3
242 300 3
243 301 3
245 302 3
245 304 3
246 304 3
247 305 3
310 311 3
254 312 3
255 313 3
313 314 3
257 315 3
257 316 3
316 317 3
259 318 3
323 324 3
267 325 3
268 326 3
269 327 3
271 328 3
272 331 3
276 334 1
279 337 3
338 339 3
232 291 0
234 292 3
293 294 3
295 296 3
296 297 3
297 298 3
298 299 3
299 300 3
300 301 3
301 302 3
245 303 3
304 305 3
309 310 3
311 312 3
312 313 3
314 315 3
324 325 3
325 326 3
326 327 3
269 328 3
331 332 3
275 334 1
334 393 0
334 335 0
278 336 3
279 336 3
337 338 3
346 347 1
291 292 3
292 293 3
248 305 3
327 328 3
331 388 1
335 336 3
286 343 3
294 295 3
302 303 3
303 304 3
275 333 3
336 337 3
315 316 3
317 318 3
332 333 3
339 397 3
340 397 3
320 321 3
328 329 3
333 334 1
308 309 3
329 388 1
291 465 3
292 465 3
318 320 3
282 399 3
284 399 3
340 398 3
284 342 1
342 343 0
343 402 1
292 350 1
292 351 1
293 351 1
321 379 3
335 393 3
286 402 1
350 351 3
248 365 1
307 365 3
320 378 3
322 379 3
322 380 3
326 385 3
327 385 3
340 399 3
343 401 1
345 402 3
291 348 3
248 364 3
323 380 3
331 390 3
332 390 3
398 399 3
401 402 3
364 365 1
342 399 0
342 401 3
302 360 1
318 377 3
320 377 3
379 380 3
323 381 3
345 403 3
324 381 3
397 398 3
403 461 0
294 353 3
295 353 3
311 368 3
377 378 3
378 379 3
336 394 3
402 403 3
305 364 3
310 368 3
328 387 3
329 387 3
335 394 3
338 397 3
291 349 3
314 372 3
324 382 3
337 394 3
337 396 3
338 396 3
342 400 3
349 465 3
303 361 3
308 366 3
309 367 3
309 368 3
311 369 3
312 369 3
315 372 3
325 382 3
399 400 1
400 401 3
294 352 1
296 354 3
297 356 3
298 356 3
299 357 3
300 358 3
301 359 3
302 359 3
302 361 3
303 362 3
304 362 3
305 363 3
307 366 0
368 369 3
312 370 3
313 371 3
315 373 3
316 374 3
317 375 3
318 376 3
380 381 3
325 383 3
325 384 3
326 384 3
333 391 3
337 395 3
395 396 3
396 397 3
350 465 0
294 351 1
353 354 3
297 354 3
297 355 3
356 357 3
357 358 3
358 359 3
305 362 3
367 368 3
369 370 3
370 371 3
373 374 3
374 375 3
375 376 3
384 385 3
387 445 3
334 391 0
334 392 3
346 404 3
347 404 0
352 353 0
355 356 3
360 361 0
363 364 3
365 366 0
376 377 3
381 382 3
382 383 3
383 384 3
332 391 3
391 392 1
392 393 0
394 395 3
348 349 3
351 352 3
354 355 3
359 360 1
309 366 3
328 385 3
393 394 3
404 461 0
362 363 3
313 372 3
328 386 3
386 387 3
387 388 1
331 389 3
389 390 3
372 373 3
388 389 0
361 362 3
366 367 3
371 372 3
385 386 3
396 455 3
397 455 3
347 463 3
404 463 1
365 423 0
394 452 3
395 452 3
386 445 0
374 432 3
402 460 3
348 464 3
366 423 3
375 432 3
385 443 3
402 461 2
384 443 3
460 461 2
352 410 3
353 410 1
363 421 3
364 421 3
369 426 3
384 442 3
442 443 3
393 451 3
399 457 3
348 407 3
349 407 3
368 426 3
382 439 3
451 452 3
400 457 0
401 459 3
401 460 3
351 410 3
353 411 3
372 430 3
378 437 3
379 437 3
381 439 3
386 443 3
398 457 3
400 459 3
410 411 0
360 418 3
361 418 1
361 419 3
364 422 3
382 441 3
383 441 3
394 451 3
351 465 0
354 412 3
355 412 3
365 422 0
380 437 3
439 441 3
395 453 3
398 456 3
404 462 1
356 415 3
357 415 3
357 416 3
358 416 3
359 417 3
362 421 3
421 422 3
366 424 3
367 425 3
370 429 3
371 429 3
373 431 3
374 431 3
376 434 3
377 435 3
378 436 3
380 438 3
380 439 3
386 444 3
391 449 3
392 449 0
396 453 3
397 456 3
461 462 1
351 408 3
411 412 3
358 417 3
359 418 1
362 419 3
424 425 3
372 429 3
373 430 3
434 435 3
435 436 3
436 437 3
438 439 3
444 445 3
388 446 3
389 446 1
390 449 3
332 449 3
392 508 3
393 508 1
393 509 3
400 458 3
459 460 3
408 465 0
355 413 3
356 413 3
356 414 3
416 417 3
417 418 1
418 419 0
365 481 3
423 424 3
430 431 3
431 432 3
449 506 3
449 508 1
452 453 3
455 456 3
458 459 3
462 463 3
412 413 3
413 414 3
422 481 1
423 481 1
429 430 3
375 434 3
451 509 3
457 458 1
370 487 3
429 487 3
384 441 3
389 449 3
508 509 0
456 457 3
407 465 3
415 416 3
367 426 3
426 427 3
369 427 3
437 438 3
370 427 3
453 455 3
351 409 3
375 433 3
408 409 3
409 467 3
409 410 3
432 433 3
433 434 3
389 447 1
414 415 3
362 478 3
439 498 2
387 446 1
446 447 3
447 449 3
419 478 3
421 478 3
441 498 3
407 464 3
408 467 3
427 487 3
441 499 3
447 506 3
449 507 3
452 510 3
445 446 2
451 510 3
453 510 3
417 419 3
506 507 3
461 519 1
424 482 3
460 519 3
411 469 3
425 482 3
441 442 3
453 512 3
455 512 3
410 467 3
410 468 3
422 480 3
367 482 3
438 495 2
455 513 3
456 513 3
459 518 3
460 518 3
467 468 3
410 469 0
426 482 3
427 486 3
437 495 2
463 521 3
423 482 3
438 497 3
442 499 3
446 504 3
447 505 3
458 516 3
518 519 3
462 521 3
465 523 2
468 469 0
412 470 3
413 471 3
421 479 3
430 487 3
430 488 3
436 494 2
437 494 2
495 497 3
446 505 3
457 516 1
458 517 3
459 517 3
461 520 1
462 520 3
464 465 3
408 523 0
411 470 3
470 471 3
422 479 3
431 488 3
432 490 2
433 490 3
439 497 3
443 444 3
505 506 3
507 508 1
509 510 3
453 511 3
520 521 3
469 470 3
481 482 0
486 487 3
435 494 2
517 518 3
417 476 1
487 488 3
431 489 3
432 489 3
511 512 3
414 471 3
479 480 3
482 484 1
488 489 3
434 490 3
434 492 1
435 492 1
494 495 3
504 505 3
419 476 1
482 483 1
426 484 3
497 498 3
510 511 3
512 513 3
478 479 3
483 484 3
435 493 1
493 494 0
498 499 3
417 474 1
417 475 1
489 490 3
443 559 2
445 503 3
446 503 3
503 504 3
415 417 3
415 474 1
474 475 3
480 481 1
492 493 3
443 499 3
464 522 2
414 472 1
415 472 1
475 476 3
476 478 0
490 492 3
444 559 2
456 516 1
516 517 3
472 474 3
490 549 3
444 503 3
456 573 1
494 552 1
516 573 3
492 549 3
499 558 3
443 558 2
476 535 3
478 535 1
427 484 3
493 552 3
558 559 3
470 527 2
474 531 3
444 561 2
486 544 3
490 548 3
503 561 3
482 540 1
483 540 1
484 486 3
548 549 3
559 560 3
559 561 3
513 573 1
408 524 3
467 524 3
471 472 1
476 534 3
481 540 3
516 575 0
517 575 0
461 578 1
520 578 3
465 522 2
472 531 3
534 535 3
481 538 3
497 555 3
499 557 2
560 561 3
504 561 2
509 567 2
510 567 2
471 529 1
472 529 3
475 533 3
480 538 1
486 545 2
487 545 2
492 551 3
494 553 3
495 553 3
497 554 3
498 555 3
498 557 3
508 567 0
523 524 1
469 527 2
474 533 3
475 534 3
484 542 3
486 542 3
488 545 2
489 548 1
493 551 3
552 553 3
495 554 3
505 562 3
518 575 0
468 526 3
533 534 3
488 546 2
489 546 2
551 552 3
554 555 3
498 556 3
504 562 3
505 564 2
506 564 2
507 564 3
513 571 3
516 574 3
519 576 1
521 578 3
469 526 1
470 528 1
474 532 3
481 539 3
483 542 3
546 548 3
492 550 3
553 554 3
555 556 3
557 558 3
561 562 3
510 568 2
571 573 3
574 575 0
518 576 1
519 577 1
521 579 3
526 527 0
471 528 1
531 532 3
532 533 3
538 539 3
539 540 3
542 544 3
550 551 3
562 563 3
505 563 2
567 568 3
511 568 2
575 576 1
576 577 3
461 577 1
578 579 2
545 546 3
563 564 3
511 570 2
512 570 2
512 571 3
570 571 3
573 574 3
524 583 3
528 529 3
478 536 2
479 536 2
507 623 2
467 583 3
467 526 3
527 528 1
529 531 3
483 541 3
508 623 2
406 522 1
535 536 0
541 542 3
577 578 2
479 595 2
540 541 0
544 545 3
564 623 3
568 570 3
467 584 0
526 584 1
480 595 1
556 557 3
583 584 0
536 595 3
546 605 3
548 605 3
549 550 3
522 523 3
536 593 1
535 593 3
508 624 2
570 628 3
549 607 3
550 607 2
562 620 2
623 624 3
529 588 3
557 616 3
558 616 3
561 620 3
563 620 3
523 581 3
531 588 3
567 624 3
548 607 3
567 625 3
542 600 3
563 622 3
564 622 3
568 625 3
568 626 3
573 630 2
541 600 3
542 601 3
544 601 3
544 602 3
545 602 3
552 610 2
558 617 3
559 617 3
560 618 3
625 626 3
568 627 3
570 627 3
570 629 3
571 629 3
571 630 3
579 637 3
480 596 1
545 603 3
550 608 2
553 610 3
561 618 3
626 627 3
628 629 3
523 582 2
524 582 3
529 587 3
538 596 3
546 603 3
551 608 2
622 623 3
627 628 3
527 584 1
527 585 1
528 586 3
528 587 3
587 588 3
602 603 3
607 608 3
551 609 2
559 618 3
624 625 3
573 631 2
574 631 2
578 636 3
586 587 3
588 589 3
531 589 3
532 590 3
533 590 3
533 592 3
534 592 3
534 593 3
539 598 3
540 598 3
540 599 0
608 609 3
553 611 3
554 612 3
554 613 3
555 613 3
616 617 3
561 619 3
563 621 3
621 622 3
629 630 3
630 631 3
575 634 1
576 634 3
576 635 3
577 635 3
636 637 3
584 585 2
585 586 3
589 590 3
541 599 3
546 604 3
551 610 2
610 611 3
611 612 3
557 615 3
618 619 3
619 620 3
620 621 3
574 633 1
575 633 1
635 636 2
582 583 3
533 591 3
595 596 1
601 602 3
603 604 3
556 672 3
556 615 3
633 634 3
634 635 3
581 582 3
591 592 3
592 593 3
593 595 0
539 596 3
599 600 3
600 601 3
609 610 3
556 613 3
615 616 3
617 618 3
590 591 3
598 599 3
604 605 3
612 613 3
615 672 3
631 633 1
613 672 3
522 581 3
598 656 3
605 607 3
406 581 1
605 664 3
607 664 3
636 694 3
637 694 3
631 690 1
633 690 3
584 641 2
584 642 1
595 652 3
607 665 3
406 639 1
581 639 3
583 641 2
586 644 3
588 646 3
589 647 3
592 651 3
593 651 3
608 665 3
623 681 3
631 688 3
582 639 3
585 642 3
585 643 3
585 644 3
589 646 3
590 647 3
593 652 2
539 655 3
599 657 3
603 662 3
604 662 3
615 674 3
616 674 3
616 675 3
617 675 3
618 676 3
619 676 3
622 681 3
627 686 3
628 686 3
630 688 3
582 640 3
583 640 2
592 650 3
652 653 3
595 653 3
596 653 0
596 655 3
600 657 3
602 660 3
603 660 3
617 676 3
620 679 3
621 679 3
624 682 3
625 683 3
626 684 3
629 686 3
637 695 3
587 645 3
591 650 3
598 655 3
599 656 3
600 658 3
601 658 3
605 662 3
611 669 3
612 669 3
615 673 3
619 677 3
623 682 3
626 683 3
627 684 3
633 692 3
634 692 3
635 692 3
694 695 3
586 645 3
588 645 3
646 647 3
590 648 3
591 648 3
591 649 3
596 654 3
601 659 3
601 660 3
605 663 3
608 667 3
609 667 3
610 668 3
612 670 3
613 671 3
672 673 3
676 677 3
620 677 3
622 680 3
624 683 3
627 685 3
629 687 3
635 693 3
648 649 3
649 650 3
653 654 3
655 656 3
657 658 3
659 660 3
662 663 3
663 664 3
664 665 3
609 668 3
670 671 3
671 672 3
674 675 3
675 676 3
679 680 3
680 681 3
682 683 3
683 684 3
685 686 3
687 688 3
692 693 3
693 694 3
640 641 3
642 643 3
643 644 3
665 724 3
608 724 3
667 668 3
610 669 3
669 670 3
673 674 3
681 682 3
684 685 3
686 687 3
633 691 3
694 752 3
641 642 1
645 646 3
647 648 3
651 652 3
656 657 3
667 724 3
644 645 3
658 659 3
668 669 3
631 747 3
691 692 3
677 679 3
688 747 3
650 651 3
690 747 0
690 691 3
654 655 3
660 662 3
639 640 3
690 748 3
691 748 3
677 736 3
679 736 3
644 702 3
693 752 3
656 713 3
662 720 3
643 701 3
643 702 3
651 710 2
655 713 2
657 716 3
658 716 3
639 696 3
639 697 3
640 697 3
701 702 3
649 707 2
650 708 2
651 709 2
652 710 3
654 712 2
659 716 3
659 718 3
660 718 3
662 719 3
665 723 3
669 727 3
674 732 3
681 739 3
695 753 3
644 703 3
645 704 3
646 704 3
707 708 3
650 709 2
653 710 3
653 712 3
654 713 3
719 720 3
663 720 3
664 722 3
723 724 3
670 727 3
673 732 3
675 733 3
676 733 3
680 738 3
682 739 3
688 746 3
702 703 3
708 709 3
709 710 3
665 722 3
679 738 3
684 742 3
687 746 3
641 699 3
710 712 3
657 715 3
663 721 3
667 725 3
668 726 3
727 728 3
670 728 3
671 729 3
672 730 3
673 730 3
676 734 3
677 735 3
679 737 3
682 740 3
683 741 3
683 742 3
685 744 3
686 744 3
687 744 3
691 749 3
692 749 3
692 750 3
693 751 3
642 699 2
656 715 3
715 716 3
720 721 3
721 722 3
724 725 3
668 725 3
726 727 3
729 730 3
732 733 3
733 734 3
734 735 3
735 736 3
738 739 3
740 741 3
741 742 3
684 743 3
685 743 3
746 747 3
692 751 3
751 752 3
752 753 1
645 703 3
648 706 2
648 707 2
712 713 3
713 714 3
660 719 3
722 723 3
728 729 3
673 731 3
736 737 3
737 738 3
739 740 3
742 743 3
748 749 3
749 750 3
703 704 3
647 704 3
714 715 3
718 719 3
731 732 3
696 697 3
640 698 3
643 699 2
706 707 3
730 731 3
743 744 3
749 807 3
750 751 3
697 698 3
641 698 3
647 706 2
716 718 3
750 807 3
747 748 2
698 699 3
699 701 3
725 726 3
744 746 3
710 769 3
712 769 3
744 803 3
746 803 3
704 762 1
706 764 3
753 811 3
707 765 3
704 706 3
708 765 3
706 762 3
718 775 3
706 763 3
716 775 3
701 758 2
762 763 3
703 762 1
710 768 3
713 771 3
715 774 3
716 774 3
724 781 3
724 783 3
728 786 3
730 789 3
731 789 3
698 756 3
699 758 3
702 758 2
703 761 1
768 769 3
712 771 3
714 771 3
718 776 3
719 776 3
720 778 3
723 781 3
725 783 3
729 786 3
732 791 3
733 791 3
697 755 3
699 756 3
761 762 3
763 764 3
707 764 3
709 767 3
721 778 3
722 780 3
723 780 3
725 784 3
726 784 3
730 788 3
743 801 3
744 801 3
696 754 3
698 755 3
699 757 3
702 759 2
710 767 3
714 772 3
715 772 3
715 773 3
719 778 3
721 779 3
727 785 3
729 787 3
729 788 3
732 790 3
734 792 3
735 793 3
736 794 3
737 795 3
738 796 3
739 797 3
740 798 3
741 799 3
742 800 3
742 801 3
746 804 3
747 805 3
748 806 2
754 755 3
758 759 3
764 765 3
773 774 3
778 779 3
722 779 3
784 785 3
728 785 3
786 787 3
787 788 3
788 789 3
789 790 3
791 792 3
792 793 3
793 794 3
794 795 3
795 796 3
796 797 3
797 798 3
798 799 3
799 800 3
800 801 3
803 804 3
804 805 3
805 806 3
748 807 2
755 756 3
703 759 2
767 768 3
712 770 3
771 772 3
772 773 3
774 775 3
775 776 3
779 780 3
780 781 3
781 783 3
752 811 1
756 757 3
757 758 3
759 761 3
708 766 3
709 766 3
769 770 3
770 771 3
719 777 3
783 784 3
785 786 3
790 791 3
777 778 3
806 807 3
776 777 3
781 840 3
783 840 3
766 767 3
801 803 3
807 808 3
810 811 3
750 808 1
751 808 1
751 867 1
752 810 3
751 810 3
765 766 3
808 867 3
810 867 3
803 860 3
801 860 3
761 818 3
759 818 2
793 851 3
792 851 3
785 843 3
786 844 3
767 825 3
771 829 3
772 829 3
772 830 3
779 837 3
780 837 3
787 844 3
806 865 3
807 865 3
758 816 1
761 819 3
768 825 3
773 830 3
790 848 3
791 848 3
799 857 3
808 865 3
810 869 3
811 869 2
759 816 2
780 839 3
781 839 3
784 842 3
785 844 3
793 852 3
794 852 3
798 857 3
800 858 3
803 861 3
804 861 3
806 864 3
757 815 1
757 816 1
759 817 2
818 819 3
762 820 3
763 820 3
768 827 3
769 827 3
770 829 3
783 842 3
789 847 3
851 852 3
801 858 3
805 863 3
805 864 3
864 865 3
754 812 3
755 813 3
756 813 3
816 817 3
817 818 3
765 823 3
766 825 3
770 828 3
773 831 3
773 832 3
774 832 3
775 832 3
777 835 3
778 836 3
779 836 3
780 838 3
783 841 3
787 845 3
788 846 3
790 847 3
791 849 3
792 850 3
795 853 3
796 854 3
797 855 3
798 856 3
799 858 3
801 859 3
804 863 3
812 813 3
815 816 3
762 819 3
766 823 3
827 828 3
828 829 3
829 830 3
830 831 3
776 834 3
777 834 3
835 836 3
837 838 3
838 839 3
841 842 3
785 842 3
844 845 3
845 846 3
846 847 3
849 850 3
850 851 3
852 853 3
853 854 3
854 855 3
855 856 3
856 857 3
857 858 3
858 859 3
859 860 3
860 861 3
804 862 3
863 864 3
867 869 3
775 833 3
775 834 3
848 849 3
862 863 3
756 814 1
757 814 1
766 824 3
824 825 3
831 832 3
832 833 3
840 841 3
842 843 3
843 844 3
847 848 3
861 862 3
813 814 1
814 815 3
833 834 3
834 835 3
836 837 3
764 820 3
839 840 3
823 824 3
764 822 3
765 822 3
865 867 3
822 823 3
820 822 3
865 924 3
819 820 3
867 924 3
869 926 3
815 873 3
816 873 3
816 874 3
873 874 3
825 882 3
854 912 3
859 918 3
860 918 3
820 878 3
822 879 3
824 882 3
825 883 3
825 884 3
768 884 3
827 884 3
853 912 3
856 915 3
857 915 3
863 921 3
814 873 3
819 877 3
878 879 3
882 883 3
852 910 3
858 916 3
862 921 3
867 926 3
817 874 3
820 877 3
822 880 3
823 881 3
824 881 3
883 884 3
827 886 3
828 886 3
839 898 3
840 898 3
851 910 3
853 910 3
857 916 3
861 919 3
867 925 3
812 870 3
813 871 3
814 872 3
818 877 3
822 881 3
884 886 3
829 886 3
833 892 3
834 892 3
840 899 3
841 899 3
842 900 3
843 901 3
844 902 3
845 903 3
846 904 3
847 905 3
848 906 3
849 907 3
855 913 3
856 914 3
914 915 3
860 919 3
861 920 3
862 920 3
864 922 3
924 925 3
869 927 3
870 871 3
871 872 3
872 873 3
818 876 3
880 881 3
899 900 3
900 901 3
901 902 3
902 903 3
903 904 3
904 905 3
848 905 3
906 907 3
850 907 3
850 909 3
851 909 3
853 911 3
912 913 3
913 914 3
859 917 3
921 922 3
865 923 3
926 927 3
817 875 3
879 880 3
881 882 3
830 886 3
905 906 3
850 908 3
910 911 3
911 912 3
859 916 3
917 918 3
918 919 3
919 920 3
864 923 3
875 876 3
876 877 3
877 878 3
830 888 3
831 888 3
835 892 3
907 908 3
909 910 3
920 921 3
923 924 3
874 875 3
886 888 3
908 909 3
915 916 3
916 917 3
922 923 3
831 890 3
832 890 3
837 839 3
925 926 3
888 890 3
833 890 3
898 899 3
890 892 3
892 893 3
835 893 3
883 942 3
884 942 3
835 894 3
836 894 3
884 943 3
886 943 3
893 894 3
942 943 3
886 944 3
888 944 3
837 953 3
876 934 3
943 944 3
888 945 3
837 894 3
837 955 3
839 955 3
875 934 3
894 953 3
898 955 3
877 936 3
878 936 3
882 940 3
944 945 3
888 946 3
893 951 3
953 955 3
879 936 3
881 940 3
883 940 3
945 946 3
894 951 3
898 956 3
912 970 3
880 938 3
883 941 3
888 947 3
890 947 3
955 956 3
899 956 3
911 970 3
921 979 3
925 983 3
926 983 3
926 984 3
877 935 3
881 938 3
941 942 3
946 947 3
909 968 3
910 968 3
913 970 3
914 972 3
919 977 3
920 979 3
924 983 3
876 935 3
899 958 3
913 972 3
918 977 3
919 978 3
920 978 3
923 981 3
927 985 3
870 928 3
871 929 3
872 929 3
874 932 3
875 932 3
934 935 3
936 937 3
879 937 3
879 938 3
881 939 3
940 941 3
890 948 3
956 958 3
900 958 3
913 971 3
915 972 3
916 974 3
917 974 3
917 976 3
918 976 3
922 980 3
924 981 3
924 982 3
983 984 3
928 929 3
873 932 3
937 938 3
938 939 3
947 948 3
892 948 3
892 950 3
900 959 3
901 959 3
970 971 3
971 972 3
915 974 3
979 980 3
923 980 3
981 982 3
982 983 3
926 985 3
939 940 3
958 959 3
901 960 3
902 960 3
911 968 3
917 975 3
977 978 3
980 981 3
984 985 3
872 930 3
935 936 3
948 950 3
893 950 3
951 953 3
959 960 3
915 973 3
974 975 3
975 976 3
976 977 3
978 979 3
929 930 3
873 989 3
950 951 3
903 960 3
903 961 3
907 965 3
972 973 3
873 930 3
932 989 3
960 961 3
904 961 3
906 965 3
908 965 3
951 1010 3
953 1010 3
904 962 3
905 962 3
973 974 3
875 991 3
934 991 3
961 962 3
905 964 3
906 964 3
968 970 3
932 991 3
953 1011 3
962 964 3
930 989 3
1010 1011 3
953 1012 3
955 1012 3
1011 1012 3
955 1013 3
964 965 3
948 1007 3
950 1007 3
1012 1013 3
908 1024 3
936 993 3
956 1013 3
956 1014 3
965 1024 3
909 1024 3
935 993 3
1013 1014 3
958 1015 3
968 1024 3
936 994 3
956 1015 3
968 1025 3
945 1003 3
1014 1015 3
958 1016 3
1024 1025 3
968 1028 3
976 1034 3
993 994 3
937 994 3
944 1003 3
959 1016 3
959 1017 3
965 1023 3
968 1026 3
970 1028 3
975 1034 3
934 992 3
947 1006 3
948 1006 3
1016 1017 3
1023 1024 3
1025 1026 3
1026 1028 3
939 997 3
946 1004 3
947 1004 3
1015 1016 3
960 1018 3
937 995 3
938 997 3
942 1001 3
943 1001 3
946 1003 3
1017 1018 3
977 1035 3
983 1042 3
984 1042 3
935 992 3
938 995 3
940 997 3
940 998 3
941 998 3
943 1002 3
944 1002 3
961 1019 3
970 1029 2
976 1035 3
979 1037 3
980 1037 3
980 1038 3
981 1038 3
985 1042 3
928 986 3
929 987 3
930 988 3
932 990 3
991 992 3
938 996 3
941 999 3
941 1000 3
942 1000 3
1002 1003 3
950 1008 3
951 1009 3
961 1018 3
964 1021 3
964 1022 3
1028 1029 3
971 1029 2
978 1037 3
981 1039 3
982 1040 3
983 1041 3
985 1043 3
986 987 3
987 988 3
988 989 3
994 995 3
995 996 3
998 999 3
1000 1001 3
1008 1009 3
1018 1019 3
961 1020 3
962 1020 3
962 1021 3
1021 1022 3
965 1022 3
1022 1023 3
972 1029 2
974 1032 3
978 1035 3
1038 1039 3
1039 1040 3
1040 1041 3
1041 1042 3
1042 1043 3
989 990 3
990 991 3
996 997 3
1001 1002 3
1003 1004 3
1004 1006 3
1007 1008 3
1009 1010 3
1019 1020 3
972 1030 2
973 1032 3
975 1032 3
1034 1035 3
1037 1038 3
997 998 3
999 1000 3
1006 1007 3
1029 1030 3
973 1030 2
992 993 3
1020 1021 3
1030 1032 3
1032 1034 3
1035 1037 3
