0 1 3
1 2 3
2 3 3
3 4 3
4 5 3
5 6 3
6 7 3
7 8 3
8 9 3
9 10 3
10 11 3
11 12 3
12 14 3
14 15 3
15 16 3
16 17 3
17 18 3
18 19 3
19 20 3
20 21 2
21 22 2
22 23 3
23 24 3
24 26 3
26 27 3
27 28 3
28 87 3
30 87 3
30 31 3
31 32 3
32 33 2
33 92 2
35 92 1
35 36 3
36 37 3
37 38 3
38 39 3
39 40 3
40 41 3
41 42 3
42 43 3
43 44 3
44 45 3
45 46 3
46 48 3
48 49 3
49 51 2
51 52 3
52 53 3
53 54 3
54 55 3
55 56 3
56 57 3
48 106 3
49 108 3
42 99 3
51 108 3
15 74 3
16 74 3
41 99 3
38 95 3
14 71 3
37 95 3
18 77 3
19 77 3
12 70 3
44 102 3
45 103 3
46 103 3
11 70 3
12 71 3
18 76 3
30 88 3
45 102 3
52 110 3
53 110 3
55 113 3
4 62 3
76 77 3
35 93 3
43 102 3
48 105 3
56 113 3
3 61 3
5 62 3
5 63 3
27 86 3
92 93 0
46 105 3
2 61 3
6 63 3
26 83 3
28 86 3
42 101 3
43 101 3
53 111 3
54 113 3
4 61 3
10 69 3
11 69 3
20 79 0
21 79 0
24 82 3
27 85 3
38 96 3
105 106 3
110 111 3
1 59 3
2 59 3
7 65 3
8 66 3
20 78 0
22 79 3
22 80 3
23 80 3
23 82 3
82 83 3
26 84 3
27 84 3
31 89 3
31 90 3
32 90 3
32 91 2
33 91 3
95 96 3
49 106 3
53 112 3
54 112 3
0 58 3
61 62 3
6 65 3
65 66 3
9 66 3
70 71 3
14 72 3
15 73 3
17 74 3
19 78 3
87 88 3
36 94 3
37 94 3
39 97 3
40 97 3
40 98 3
41 98 3
99 101 3
102 103 3
51 109 3
112 113 3
56 114 3
57 115 3
0 59 3
62 63 3
9 67 3
69 70 3
71 72 3
72 73 3
73 74 3
23 81 3
83 84 3
84 85 3
86 87 3
31 88 1
89 90 3
93 94 3
96 97 3
101 102 3
52 109 3
111 112 3
113 114 3
114 115 3
66 67 3
9 68 3
10 68 3
81 82 3
85 86 3
91 92 2
97 98 3
98 99 3
108 109 3
58 59 3
80 81 3
94 95 3
106 108 3
109 110 3
67 68 3
68 69 3
77 78 3
78 79 3
79 80 3
90 91 2
46 104 3
63 65 3
88 89 0
104 105 3
59 61 3
103 104 3
17 76 3
106 166 3
108 166 3
74 133 3
101 159 3
17 133 3
96 154 3
95 154 3
99 158 3
63 122 3
65 122 3
59 118 3
61 118 3
71 129 3
104 162 3
109 166 3
70 129 3
77 135 3
78 135 3
101 158 3
105 162 3
93 151 3
94 151 3
111 169 3
112 169 3
112 170 3
69 127 3
76 134 3
77 134 3
92 150 0
68 127 3
70 127 3
72 130 3
87 205 0
93 150 3
96 155 3
97 155 3
102 160 3
103 160 3
103 161 3
111 168 3
169 170 3
66 125 3
67 125 3
71 130 3
73 132 3
74 132 3
76 133 3
94 152 3
102 159 3
104 161 3
110 168 3
113 172 3
61 119 3
61 120 3
62 120 3
63 121 3
65 124 3
66 124 3
151 152 3
154 155 3
98 155 3
58 116 3
119 120 3
62 121 3
73 131 3
87 146 3
88 146 3
91 150 0
150 151 3
95 152 3
158 159 3
161 162 3
105 163 3
105 164 3
106 164 3
106 165 3
109 167 3
113 170 3
113 171 3
114 172 3
115 173 3
59 116 3
118 119 3
121 122 3
68 125 3
129 130 3
130 131 3
132 133 3
133 134 3
85 143 3
86 143 3
89 146 1
89 147 1
95 153 3
98 214 3
98 157 3
99 157 3
160 161 3
162 163 3
163 164 3
165 166 3
166 167 3
110 167 3
171 172 3
120 121 3
68 126 3
131 132 3
81 139 3
82 139 3
86 144 3
90 148 2
91 148 2
91 149 0
152 153 3
153 154 3
164 165 3
168 169 3
170 171 3
59 175 3
124 125 3
125 126 3
126 127 3
134 135 3
83 141 3
84 141 3
143 144 3
87 144 3
149 150 3
157 214 3
115 172 3
79 137 3
80 137 3
80 139 3
82 141 3
85 141 3
146 205 0
89 148 2
159 160 3
127 129 3
78 137 3
147 148 0
155 214 3
172 173 3
116 175 3
122 124 3
144 205 3
148 149 3
167 168 3
141 143 3
118 175 3
139 141 3
78 194 3
135 194 3
202 205 3
159 217 3
160 217 3
139 198 3
120 179 3
121 179 3
126 183 3
144 202 3
146 147 3
157 158 3
125 183 3
139 197 3
162 220 3
163 220 3
122 182 3
137 194 3
137 139 3
158 216 3
139 196 3
197 198 3
159 216 3
161 219 3
168 227 3
124 182 3
129 186 3
137 196 3
141 198 3
141 200 3
157 215 3
160 219 3
165 223 3
169 227 3
127 186 3
129 187 3
134 192 3
135 192 3
143 200 3
164 223 3
121 180 3
130 187 3
141 199 3
157 216 3
162 219 3
220 222 3
163 222 3
164 222 3
122 180 3
125 182 3
130 188 3
143 201 3
151 209 0
152 209 0
152 211 3
153 211 3
154 212 3
216 217 3
169 228 3
170 228 3
171 228 3
172 230 3
173 231 3
116 174 3
118 176 3
119 177 3
119 178 3
120 178 3
126 184 3
131 188 3
131 189 3
132 190 3
133 190 3
133 192 3
135 193 3
144 201 3
150 208 0
151 208 0
152 210 0
153 212 3
165 224 3
166 224 3
167 225 3
168 225 3
230 231 3
174 175 3
175 176 3
176 177 3
127 184 3
188 189 3
131 190 3
192 193 3
193 194 3
209 210 3
155 212 3
177 178 3
179 180 3
186 187 3
198 199 3
200 201 3
208 209 3
223 224 3
166 225 3
182 183 3
127 185 3
189 190 3
196 197 3
199 200 3
148 206 0
149 206 0
210 211 1
211 212 3
215 216 3
224 225 3
178 179 3
180 182 3
183 184 3
184 185 3
187 188 3
147 206 0
149 208 0
155 213 3
219 220 3
222 223 3
137 253 3
201 202 3
147 205 0
212 213 3
227 228 3
185 186 3
190 192 3
214 215 3
171 229 3
205 206 3
194 253 3
196 253 3
160 277 3
228 229 3
205 322 3
219 277 3
190 249 3
192 249 3
206 322 3
213 214 3
217 333 3
217 277 3
220 278 3
222 278 3
172 229 3
177 234 3
200 258 3
206 264 3
206 208 3
277 333 3
229 230 3
178 234 3
182 239 3
199 258 3
205 262 3
178 236 3
180 239 3
182 240 3
234 236 3
183 240 3
208 266 3
209 266 3
222 280 3
179 237 3
190 248 3
214 272 3
223 280 3
225 283 3
175 233 3
178 237 3
193 252 3
194 252 3
213 272 3
174 233 3
175 234 3
206 265 3
223 281 3
225 227 3
176 234 3
199 257 3
202 262 3
202 261 3
208 265 3
219 278 3
280 281 3
229 287 3
180 238 3
239 240 3
186 244 3
198 257 3
261 262 3
212 270 3
227 286 3
238 239 3
184 242 3
185 244 3
188 247 3
189 247 3
193 251 3
196 254 3
202 260 3
213 270 3
224 282 3
228 286 3
228 287 3
179 238 3
185 242 3
192 251 3
197 254 3
213 271 3
215 272 3
215 273 3
217 275 3
286 287 3
230 289 2
231 289 3
174 232 3
240 241 3
183 241 3
185 243 3
187 245 3
188 246 3
190 247 3
192 250 3
252 253 3
197 255 3
198 256 3
257 258 3
201 260 3
209 267 3
210 268 3
211 270 3
271 272 3
215 274 3
216 274 3
275 333 3
277 335 3
230 287 3
232 233 3
233 234 3
237 238 3
184 241 3
242 243 3
243 244 3
244 245 3
245 246 3
246 247 3
249 250 3
250 251 3
255 256 3
264 265 0
267 268 3
274 275 3
224 283 3
230 288 3
247 248 3
251 252 3
256 257 3
201 258 3
262 322 0
266 267 3
211 268 0
270 271 3
272 273 3
287 288 3
236 237 3
241 242 3
260 261 3
264 322 0
273 274 3
277 278 3
227 283 0
254 255 3
278 280 3
288 289 3
248 249 3
265 266 3
223 282 3
240 298 3
281 282 3
282 283 3
283 341 3
253 254 3
268 270 1
270 327 0
278 337 3
234 293 3
268 327 3
286 344 2
327 442 3
270 442 0
227 341 0
236 293 3
239 298 3
236 294 3
237 294 3
241 298 3
268 326 3
333 335 3
280 337 3
245 303 3
201 317 3
260 319 3
244 303 3
258 317 3
326 327 3
278 336 0
336 337 3
227 343 3
262 321 0
282 340 3
286 343 3
241 300 3
242 300 3
249 308 3
250 308 3
252 311 3
253 311 3
254 312 3
271 330 3
272 330 3
274 332 3
281 340 3
243 300 3
244 301 3
247 305 3
248 305 3
252 310 3
253 312 3
256 315 3
257 315 3
261 320 3
262 320 3
321 322 3
265 323 3
275 332 3
277 336 3
343 344 2
243 301 3
244 302 3
248 306 3
249 306 3
255 312 3
261 319 3
265 322 3
266 323 3
270 328 3
273 330 3
335 336 3
281 339 3
283 340 3
232 290 3
234 291 3
234 292 3
237 295 3
238 296 3
239 297 3
241 299 3
302 303 3
246 304 3
247 304 3
249 307 3
251 309 3
255 313 3
256 313 3
256 314 3
258 316 3
320 321 3
266 324 3
267 325 3
271 328 3
273 331 3
280 339 3
286 288 3
289 347 3
233 290 3
233 291 3
294 295 3
295 296 3
296 297 3
300 301 3
303 304 3
307 308 3
308 309 3
251 310 3
310 311 3
311 312 3
312 313 3
314 315 3
315 316 3
316 317 3
319 320 3
323 324 3
324 325 3
325 326 3
328 442 0
330 331 3
341 343 3
292 293 3
298 299 3
299 300 3
301 302 3
306 307 3
309 310 3
322 323 3
339 340 3
340 341 3
288 344 2
288 347 1
293 294 3
297 298 3
305 306 3
313 314 3
274 331 3
332 333 3
280 338 3
290 291 3
337 338 3
338 339 3
304 305 3
201 319 3
288 346 1
346 347 3
291 292 3
317 319 3
331 332 3
333 392 3
328 330 3
343 401 1
344 346 1
295 353 3
328 387 3
330 387 3
335 392 3
341 342 3
341 401 1
386 442 0
328 386 3
342 401 3
338 396 3
339 396 3
344 401 2
333 391 3
341 399 1
342 399 3
298 356 3
302 360 3
303 360 3
391 392 3
340 399 3
346 402 3
299 356 3
305 363 3
306 363 3
322 380 3
323 380 3
323 381 3
324 381 3
326 384 3
327 384 3
331 389 3
332 389 3
339 397 3
344 402 2
346 403 3
293 351 3
294 352 3
311 369 3
312 369 3
312 370 3
325 383 3
396 397 3
340 397 3
402 403 3
290 348 3
294 351 3
295 352 3
296 354 3
300 359 3
301 359 3
304 363 3
307 365 3
308 365 3
310 369 3
312 371 3
313 371 3
314 372 3
315 372 3
319 377 3
320 377 3
326 383 3
330 388 3
337 395 3
291 348 3
292 350 3
353 354 3
299 357 3
300 357 3
300 358 3
302 359 3
303 419 3
303 362 3
304 362 3
306 364 3
307 364 3
308 366 3
309 367 3
370 371 3
315 373 3
315 374 3
316 374 3
317 375 3
387 388 3
331 388 3
332 391 3
338 395 3
340 398 3
346 404 3
347 405 3
350 351 3
351 352 3
297 354 3
357 358 3
358 359 3
360 419 3
366 367 3
310 367 3
310 368 3
371 372 3
374 375 3
319 375 3
321 380 3
324 383 3
384 442 3
342 400 3
404 405 3
352 353 3
297 356 3
359 360 3
362 419 3
362 363 3
363 364 3
364 365 3
367 368 3
368 369 3
387 445 3
395 396 3
397 398 3
398 399 3
399 400 3
401 402 3
403 404 3
291 350 3
356 357 3
369 370 3
372 373 3
373 374 3
380 381 3
324 382 3
383 384 3
388 445 3
388 389 3
400 401 3
365 366 3
321 377 3
382 383 3
335 394 2
336 394 3
381 382 3
386 387 3
337 394 3
321 379 3
297 413 3
377 379 3
389 391 3
394 395 3
354 413 3
319 435 3
392 394 2
291 407 3
356 413 3
348 407 3
350 407 3
375 435 3
377 435 3
379 380 3
392 451 3
394 451 3
375 434 3
434 435 3
381 439 3
442 443 3
356 414 3
368 425 3
380 439 3
386 443 3
392 450 3
413 414 3
450 451 3
362 421 3
363 421 3
363 422 3
364 422 3
379 435 3
388 504 3
389 504 0
396 454 3
358 416 3
368 427 3
369 427 3
391 450 3
395 454 3
403 461 3
351 409 3
352 409 3
354 412 3
359 416 3
364 423 3
365 423 3
367 425 3
371 430 3
372 430 3
382 441 3
383 441 3
399 457 3
400 457 3
402 461 3
353 411 3
412 413 3
359 418 3
360 418 3
373 431 3
398 456 3
404 462 3
348 406 3
350 408 3
351 408 3
352 410 3
352 411 3
353 412 3
357 415 3
358 415 3
359 417 3
366 423 3
366 425 3
425 427 3
369 428 3
370 428 3
371 428 3
371 429 3
372 431 3
374 432 3
375 433 3
386 445 3
388 446 3
389 447 3
394 452 3
395 453 3
397 455 3
399 456 3
400 458 3
401 458 3
401 459 3
402 460 3
403 462 3
405 462 3
405 463 3
409 410 3
421 422 3
422 423 3
428 429 3
429 430 3
373 432 3
432 433 3
382 439 3
384 441 3
446 504 3
391 447 3
452 453 3
453 454 3
454 455 3
398 455 3
456 457 3
457 458 3
459 460 3
461 462 3
462 463 3
406 407 3
410 411 3
411 412 3
356 415 3
416 417 3
417 418 3
430 431 3
445 446 3
391 449 3
451 452 3
458 459 3
460 461 3
407 408 3
408 409 3
414 415 3
415 416 3
366 424 3
431 432 3
447 449 3
423 424 3
424 425 3
427 428 3
449 450 3
418 419 3
441 442 3
379 436 3
447 504 3
433 434 3
380 495 2
455 456 3
439 495 3
362 478 3
435 436 3
419 478 3
421 478 3
379 495 2
449 507 3
439 498 3
436 495 2
382 498 2
419 477 3
429 487 3
430 487 3
441 498 3
441 499 3
442 499 3
413 471 0
409 467 3
410 468 3
422 480 3
497 498 3
498 499 3
450 507 3
409 468 3
412 471 2
477 478 3
421 480 3
425 483 3
439 497 3
442 501 3
443 501 3
406 465 3
407 465 3
417 476 3
418 476 3
428 487 3
431 489 3
432 490 3
433 490 3
447 505 3
450 508 3
461 519 3
406 464 3
408 466 3
467 468 3
411 468 3
414 471 2
421 479 3
432 489 3
435 494 2
436 494 2
495 496 3
439 496 3
499 500 3
442 500 2
504 505 3
507 508 3
451 509 3
452 510 3
453 511 3
454 512 3
455 513 3
456 515 3
457 515 3
458 516 3
459 517 3
460 518 3
462 519 3
465 466 3
466 467 3
412 470 3
417 475 3
419 476 3
478 479 3
479 480 3
423 480 3
424 483 3
433 491 2
500 501 3
386 501 2
447 507 3
450 509 3
509 510 3
510 511 3
511 512 3
512 513 3
456 513 3
456 514 3
458 515 3
516 517 3
517 518 3
518 519 3
463 521 3
464 465 3
411 469 3
411 470 3
476 477 3
489 490 3
494 495 3
462 521 3
468 469 3
475 476 3
490 491 3
434 491 2
496 497 3
513 514 3
514 515 3
469 470 3
416 475 3
428 486 3
486 487 3
515 516 3
462 520 3
470 471 3
430 488 3
386 502 2
508 509 3
519 520 3
520 521 3
427 483 3
487 488 3
501 502 3
431 488 3
434 551 2
435 551 2
414 416 3
416 473 1
427 486 3
473 475 0
424 480 3
488 489 3
434 550 2
494 551 3
416 471 2
424 540 3
483 540 3
550 551 3
471 473 1
427 542 3
486 542 3
445 504 3
471 530 1
475 532 1
491 550 3
445 502 3
505 507 3
473 530 3
473 532 3
483 542 3
504 561 3
480 538 1
445 561 2
465 523 3
470 528 1
475 533 1
479 537 1
480 537 1
424 538 1
424 539 3
464 523 3
479 536 3
537 538 3
538 539 3
502 561 3
521 579 3
470 527 1
527 528 3
476 533 1
478 536 3
495 553 3
469 527 1
532 533 3
536 537 3
490 549 2
491 549 3
494 553 3
502 560 3
512 570 2
466 523 3
466 524 3
477 536 2
499 557 3
501 559 3
501 560 3
467 524 3
471 528 2
476 534 3
539 540 3
542 543 3
486 543 3
489 547 2
549 550 3
497 555 3
498 557 3
518 576 3
519 576 3
520 579 3
464 522 3
469 526 3
477 534 3
488 547 3
495 554 3
496 554 3
496 555 3
498 555 3
500 559 3
507 565 2
514 572 2
520 578 3
522 523 3
468 526 3
473 531 3
486 544 3
487 544 3
490 547 2
551 552 3
494 552 3
555 556 3
498 556 3
500 557 3
508 565 2
508 566 2
509 566 2
509 568 2
510 568 2
511 569 2
513 572 2
516 575 3
517 575 3
578 579 3
529 530 3
530 531 3
477 535 3
487 545 3
488 545 3
552 553 3
553 554 3
554 555 3
507 564 3
509 567 2
568 569 3
512 569 2
575 576 3
519 577 3
519 578 3
523 524 3
467 525 3
526 527 3
471 529 2
535 536 3
490 606 2
500 558 3
505 563 3
507 563 3
564 565 3
565 566 3
515 573 2
516 574 3
576 577 3
577 578 3
524 525 3
468 525 3
533 534 0
483 541 3
544 545 3
547 606 3
549 606 3
556 557 3
557 558 3
558 559 3
559 560 3
560 561 3
504 563 3
567 568 3
569 570 3
513 570 2
515 574 3
574 575 3
528 529 3
534 535 3
540 541 3
563 564 3
566 567 3
525 526 3
543 544 3
515 572 2
573 574 3
526 584 3
541 542 3
527 584 3
531 532 3
534 592 3
561 563 3
513 630 2
572 630 3
572 573 3
531 590 3
488 605 2
532 590 3
545 605 3
547 605 3
563 620 3
552 610 3
561 620 3
570 630 3
527 586 3
535 537 3
551 610 3
528 586 3
568 626 3
575 632 2
523 581 3
558 616 3
567 626 3
574 632 2
557 616 3
561 619 3
569 628 3
576 634 2
544 602 3
545 602 3
545 604 3
560 619 3
564 622 3
570 628 3
575 633 2
576 633 2
577 634 2
577 635 2
578 635 2
529 587 3
530 587 3
540 598 2
543 600 3
604 605 3
551 609 3
553 610 3
554 613 3
555 613 3
556 613 3
558 617 3
559 617 3
563 622 3
565 622 3
569 627 3
573 632 3
632 633 3
633 634 3
578 636 2
530 588 3
533 591 3
541 598 2
541 599 2
542 600 2
602 604 3
549 607 3
553 611 3
616 617 3
568 627 3
573 630 3
635 636 3
579 636 2
522 580 3
523 580 3
584 586 3
587 588 3
531 588 3
531 589 3
589 590 3
532 591 3
534 591 1
535 592 3
606 607 3
550 607 3
554 612 3
556 614 3
557 615 3
565 623 3
566 623 3
566 624 3
567 625 3
573 631 3
580 581 3
524 581 3
524 582 3
537 595 3
538 596 3
598 599 3
542 599 2
543 602 2
605 606 3
553 612 3
612 613 3
613 614 3
614 615 3
615 616 3
624 625 3
625 626 3
627 628 3
630 631 3
631 632 3
579 637 2
529 586 3
590 591 3
535 594 3
595 596 3
539 597 3
600 602 3
550 608 3
550 609 3
610 611 3
619 620 3
563 621 3
622 623 3
623 624 3
626 627 3
630 687 3
636 637 3
525 582 3
526 583 3
588 589 3
591 592 0
540 597 3
599 600 3
607 608 3
609 610 3
611 612 3
560 617 3
620 621 3
621 622 3
570 687 3
634 635 3
581 582 3
525 583 3
537 594 3
608 609 3
628 687 3
586 587 3
592 594 3
539 596 3
596 597 3
583 584 3
597 598 3
613 672 3
560 618 3
617 618 3
634 692 3
588 647 3
594 595 3
618 619 3
633 692 3
589 647 3
592 650 3
582 583 3
591 650 0
586 644 3
587 645 3
588 645 3
583 641 3
586 643 3
602 661 3
604 661 3
584 643 3
607 665 3
614 672 3
619 678 3
602 659 3
602 660 3
620 678 3
582 641 3
600 659 3
659 660 3
660 661 3
625 683 3
643 644 3
587 644 3
590 648 3
591 648 3
592 651 2
594 651 2
599 658 3
600 658 3
605 663 3
608 665 3
624 683 3
636 694 3
637 694 3
581 640 3
582 640 3
589 648 3
598 657 3
599 657 3
658 659 3
604 663 3
606 664 3
607 664 3
630 688 3
598 656 3
657 658 3
606 663 3
615 673 3
616 674 3
687 688 3
631 689 3
632 689 3
635 692 3
584 642 3
595 653 2
595 654 2
596 654 2
597 654 3
597 656 2
656 657 3
604 662 3
608 666 3
609 666 3
611 670 3
612 670 3
613 671 3
614 673 3
615 674 3
616 675 3
617 675 3
621 678 3
623 682 3
624 682 3
627 685 3
632 690 3
633 690 3
580 638 3
642 643 3
594 653 2
653 654 3
597 655 2
661 662 3
662 663 3
610 668 3
611 669 3
612 671 3
671 672 3
618 676 3
619 677 3
677 678 3
621 679 3
626 683 3
626 684 3
626 685 3
628 685 3
630 689 3
633 691 3
635 693 3
581 638 3
581 639 3
591 649 3
594 652 2
655 656 3
609 668 3
668 669 3
669 670 3
673 674 3
618 675 3
676 677 3
678 679 3
683 684 3
688 689 3
689 690 3
691 692 3
692 693 3
693 694 3
638 639 3
584 641 3
644 645 3
649 650 3
682 683 3
628 686 3
690 691 3
637 695 3
639 640 3
640 641 3
588 646 3
652 653 3
654 655 3
665 666 3
670 671 3
675 676 3
622 682 3
684 685 3
694 695 3
641 642 3
645 646 3
647 648 3
648 649 3
663 664 3
664 665 3
674 675 3
685 686 3
686 687 3
650 651 3
651 652 3
672 673 3
622 679 3
646 647 3
622 680 3
672 791 3
673 791 3
679 680 3
680 682 3
609 725 3
666 725 3
668 725 3
685 744 3
639 641 3
680 738 3
684 744 3
686 744 3
644 702 3
658 717 3
659 717 3
679 738 3
643 701 3
676 734 3
641 698 3
642 700 3
643 700 3
644 701 3
674 791 3
675 734 3
678 737 3
639 698 3
644 703 3
645 703 3
646 703 3
646 704 3
647 704 3
671 730 3
672 730 3
791 852 3
679 737 3
682 740 3
686 688 3
641 700 3
701 702 3
669 728 3
670 728 3
670 729 3
674 733 3
675 733 3
680 740 3
740 741 3
694 752 3
641 699 3
647 706 2
648 706 2
656 714 3
657 714 3
671 729 3
672 731 3
731 791 3
677 736 3
683 740 3
683 741 3
691 749 3
638 696 3
639 697 3
699 700 3
649 707 2
650 707 3
650 708 3
651 708 3
653 712 3
654 712 3
655 712 3
655 713 3
656 713 3
657 715 3
658 716 3
660 718 3
661 719 3
662 719 3
662 720 3
663 721 3
664 722 3
665 723 3
666 724 3
668 726 3
669 726 3
676 736 3
678 736 3
680 739 3
690 749 3
692 749 3
692 750 3
693 752 3
695 753 3
696 697 3
697 698 3
700 701 3
702 703 3
648 707 2
707 708 3
715 716 3
716 717 3
717 718 3
718 719 3
663 720 3
721 722 3
722 723 3
723 724 3
733 734 3
738 739 3
689 749 3
749 750 3
693 750 3
693 751 3
752 753 3
703 704 3
647 705 2
652 710 3
653 710 3
653 711 3
712 713 3
714 715 3
719 720 3
724 725 3
729 730 3
737 738 3
739 740 3
704 705 3
651 710 3
711 712 3
713 714 3
720 721 3
725 726 3
726 728 3
730 731 3
676 735 3
736 737 3
686 745 3
750 751 3
705 706 3
706 707 3
651 709 3
710 711 3
728 729 3
734 735 3
735 736 3
741 742 3
684 741 3
744 745 3
686 747 3
688 747 3
709 710 3
742 802 3
684 742 3
745 747 3
689 747 3
708 709 3
733 791 3
742 744 3
698 699 3
737 796 3
747 749 3
751 752 3
744 802 1
726 785 3
728 785 3
733 852 3
698 757 3
731 790 3
790 791 3
747 805 3
749 808 3
699 757 3
701 758 2
702 760 3
745 805 3
747 808 3
700 758 2
700 757 3
736 794 3
738 796 3
800 802 3
735 794 3
742 800 3
726 784 3
729 787 3
740 799 3
741 800 3
745 802 1
750 808 3
750 809 3
697 755 3
698 755 3
784 785 3
728 787 3
737 794 3
737 795 3
741 799 3
704 762 2
708 766 3
709 766 3
709 767 3
710 767 3
719 778 3
720 778 3
731 789 3
734 852 3
794 795 3
738 797 3
739 797 3
808 809 3
752 811 3
753 811 3
755 757 3
758 759 3
705 762 3
722 780 3
730 788 3
730 789 3
734 793 3
735 793 3
795 796 3
796 797 3
801 802 3
696 754 3
701 759 2
702 761 2
703 761 2
707 765 3
707 766 3
766 767 3
711 769 3
712 770 3
713 771 3
714 772 3
715 773 3
716 773 3
716 775 3
717 775 3
718 776 3
719 776 3
721 779 3
723 781 3
724 782 3
725 783 3
728 786 3
787 788 3
793 794 3
800 801 3
806 808 3
751 811 3
754 755 3
757 758 3
701 760 2
706 765 3
710 769 3
769 770 3
770 771 3
771 772 3
772 773 3
716 774 3
775 776 3
778 779 3
722 779 3
722 781 3
781 782 3
782 783 3
726 783 3
785 786 3
786 787 3
788 789 3
789 790 3
799 800 3
805 806 3
704 761 2
705 763 3
706 764 3
765 766 3
774 775 3
807 808 3
759 760 3
763 764 3
764 765 3
710 768 3
773 774 3
779 780 3
780 781 3
751 809 3
760 761 3
761 762 3
762 763 3
768 769 3
783 784 3
802 804 3
806 807 3
739 799 3
745 804 1
804 805 0
809 811 3
767 768 3
807 809 3
809 867 3
776 778 3
793 852 3
802 861 3
804 861 3
807 867 3
791 849 3
790 849 3
797 799 3
805 864 1
811 869 3
804 864 3
809 869 3
778 835 3
796 854 3
797 854 3
760 818 3
776 835 3
795 854 3
797 855 3
806 864 1
850 852 3
854 855 3
797 858 3
799 858 3
801 859 3
791 850 3
849 850 3
858 917 3
800 859 3
755 814 3
757 814 3
761 819 3
762 819 3
788 846 3
852 911 3
802 860 3
804 862 3
809 868 3
757 815 3
758 816 3
787 846 3
801 860 3
861 862 3
804 863 3
868 869 3
814 815 3
759 816 3
760 816 3
765 824 3
766 824 3
761 818 3
765 823 3
772 830 3
774 832 3
775 832 3
785 844 3
786 844 3
787 845 3
790 848 3
794 853 3
795 853 3
867 868 3
754 812 3
755 813 3
762 820 3
763 821 3
764 822 3
764 823 3
823 824 3
767 824 3
767 825 3
767 826 3
768 826 3
769 827 3
770 828 3
773 830 3
773 831 3
778 836 3
779 837 3
780 838 3
781 839 3
782 840 3
783 840 3
783 841 3
784 842 3
785 843 3
786 845 3
789 847 3
848 849 3
797 856 3
863 864 3
864 865 3
806 865 1
807 865 1
812 813 3
813 814 3
758 815 3
819 820 3
820 821 3
821 822 3
824 825 3
826 827 3
827 828 3
771 828 3
771 830 3
830 831 3
831 832 3
775 833 3
776 833 3
835 836 3
836 837 3
837 838 3
838 839 3
839 840 3
841 842 3
842 843 3
843 844 3
845 846 3
846 847 3
847 848 3
856 858 3
799 859 3
860 861 3
815 816 3
816 818 3
822 823 3
844 845 3
794 852 3
855 856 3
859 860 3
862 863 3
771 829 3
832 833 3
840 841 3
858 859 3
818 819 3
825 826 3
829 830 3
852 853 3
853 854 3
828 829 3
865 867 0
909 911 3
852 909 3
850 909 3
776 892 3
867 926 1
833 892 3
835 892 3
853 911 1
861 920 3
862 920 3
865 926 3
868 926 1
816 874 3
858 915 3
818 874 3
856 915 3
859 917 1
818 875 3
874 875 3
847 906 3
848 906 3
848 907 3
849 907 3
853 912 3
865 923 2
865 924 3
815 873 3
816 873 3
910 911 3
854 912 3
860 917 1
864 922 3
924 926 3
873 874 3
818 876 3
819 876 3
858 916 3
916 917 3
863 922 3
868 927 1
837 895 3
909 910 3
915 916 3
863 920 3
869 927 1
838 895 3
840 898 3
841 898 3
842 900 3
846 904 3
847 904 3
856 914 3
914 915 3
860 918 1
924 925 3
925 926 3
819 877 3
820 878 3
823 881 3
823 882 3
824 882 3
825 883 3
826 883 3
826 884 3
827 884 3
827 886 3
828 886 3
831 889 3
832 890 3
835 893 3
836 894 3
838 896 3
839 897 3
841 900 3
843 901 3
844 902 3
845 903 3
849 908 3
850 908 3
855 912 3
855 914 3
920 921 3
863 921 3
923 924 3
926 927 3
814 872 3
819 878 3
821 878 3
821 880 3
822 880 3
822 881 3
882 883 3
830 888 3
889 890 3
833 891 3
892 893 3
893 894 3
894 895 3
895 896 3
896 897 3
840 897 3
900 901 3
901 902 3
902 903 3
845 904 3
907 908 3
855 913 3
917 918 3
921 922 3
872 873 3
875 876 3
876 877 3
881 882 3
883 884 3
829 886 3
829 888 3
888 889 3
890 891 3
891 892 3
841 899 3
903 904 3
906 907 3
913 914 3
860 920 3
864 923 3
877 878 3
880 881 3
898 899 3
899 900 3
908 909 3
912 913 3
813 872 3
847 964 3
906 964 3
812 870 3
897 898 3
911 912 0
922 923 3
813 870 3
878 880 3
904 964 3
918 920 0
918 919 3
919 920 0
870 872 3
884 943 3
827 943 3
872 929 3
886 943 3
870 929 3
880 937 3
911 971 3
878 937 3
920 978 1
886 945 3
829 945 3
888 945 3
910 968 3
912 971 1
913 971 1
919 978 3
904 963 3
963 964 3
911 968 2
922 981 3
923 981 3
924 981 3
925 983 3
911 970 3
917 975 2
918 975 2
921 978 1
924 983 3
877 935 3
878 935 3
896 954 3
897 954 3
901 959 3
902 959 3
909 967 3
970 971 3
918 976 3
919 976 3
874 932 3
883 942 3
884 942 3
886 944 3
892 950 3
893 950 3
907 965 3
908 966 3
908 967 3
909 968 3
875 932 3
876 934 3
877 934 3
944 945 3
891 950 3
893 951 3
903 961 3
904 962 3
906 965 3
907 966 3
916 974 3
924 982 3
925 984 3
870 928 3
873 931 3
873 932 3
875 934 3
880 938 3
881 939 3
882 940 3
942 943 3
888 946 3
889 947 3
890 948 3
891 949 3
894 951 3
895 953 3
897 955 3
898 956 3
899 957 3
900 958 3
902 960 3
961 962 3
967 968 3
913 972 3
914 972 3
915 973 3
915 974 3
921 979 1
981 982 3
926 984 2
927 985 2
928 929 3
872 930 3
937 938 3
938 939 3
939 940 3
883 941 3
946 947 3
947 948 3
948 949 3
894 953 3
953 954 3
954 955 3
955 956 3
956 957 3
957 958 3
958 959 3
959 960 3
960 961 3
962 963 3
965 966 3
966 967 3
972 973 3
974 975 3
978 979 3
982 983 3
983 984 3
927 984 2
929 930 3
931 932 3
934 935 3
883 940 3
941 942 3
949 950 3
971 972 0
973 974 3
921 981 3
984 985 3
872 931 3
875 991 3
943 944 3
945 946 3
950 951 3
930 931 3
932 991 3
940 941 3
964 965 3
934 991 3
979 981 0
935 937 3
975 976 3
976 978 3
980 981 0
979 980 3
951 1010 3
894 1010 3
911 1027 3
970 1027 3
953 1010 3
968 1027 3
972 1030 1
976 1035 3
978 1035 3
971 1030 3
935 994 3
937 994 3
965 1023 3
980 1039 3
981 1039 1
951 1009 3
964 1023 3
973 1030 1
976 1033 3
978 1036 3
937 995 3
938 995 3
1009 1010 3
967 1025 3
973 1032 3
974 1032 3
975 1033 3
1035 1036 3
983 1041 3
984 1041 3
964 1022 3
968 1025 3
979 1036 3
945 1003 3
956 1014 3
959 1017 3
961 1019 3
963 1022 3
968 1026 3
970 1029 3
971 1029 3
979 1038 3
980 1038 3
985 1043 3
935 993 3
940 998 3
943 1001 3
944 1001 3
944 1003 3
957 1014 3
960 1017 3
960 1019 3
1022 1023 3
1026 1027 3
1029 1030 3
973 1031 3
974 1033 3
982 1039 1
982 1041 3
984 1043 3
928 986 3
929 987 3
930 988 3
931 990 3
932 990 3
934 992 3
934 993 3
993 994 3
994 995 3
938 996 3
939 997 3
939 998 3
941 998 3
941 999 3
942 1000 3
946 1004 3
947 1005 3
948 1006 3
949 1007 3
950 1008 3
953 1011 3
954 1012 3
955 1013 3
957 1015 3
958 1016 3
960 1018 3
962 1020 3
963 1021 3
966 1024 3
966 1025 3
1025 1026 3
1031 1032 3
979 1037 3
982 1040 3
984 1042 3
986 987 3
987 988 3
931 988 3
990 991 3
991 992 3
995 996 3
996 997 3
999 1000 3
1000 1001 3
1003 1004 3
1004 1005 3
1005 1006 3
1006 1007 3
949 1008 3
1008 1009 3
1010 1011 3
1011 1012 3
954 1013 3
1013 1014 3
1014 1015 3
957 1016 3
1016 1017 3
1017 1018 3
1018 1019 3
1019 1020 3
1020 1021 3
1021 1022 3
965 1024 3
1032 1033 3
1036 1037 3
1041 1042 3
998 999 3
1012 1013 3
1015 1016 3
1024 1025 3
1037 1038 3
1038 1039 3
1039 1040 0
1040 1041 3
992 993 3
997 998 3
1030 1031 0
1042 1043 3
1007 1008 3
1027 1029 3
988 990 3
1001 1003 3
1023 1024 3
