-0.0227682105 0.03074936969 36.01187024
-0.01944304038 0.0586513187 35.45602662
0.02072228223 0.1074786854 27.36901619
0.0003848492978 0.1429292702 28.48122869
-0.03279321715 0.1345058563 31.37053215
-0.03533143855 0.07312192036 31.7000596
-0.02041101934 0.02363670685 29.91602662
0.01943853169 -0.03362880619 24.46295367
-0.3811308796 -0.09233496933 99.19166096
-0.2380524611 -0.01079495734 71.1874079
-0.104873804 0.05963267329 43.10642524
0.02470605724 0.03120682513 12.64244205
0.005497426935 -0.0002671959442 17.76770582
-0.02607658667 0.002440429494 26.71442025
-0.04045871157 -0.007577388873 31.75907269
-0.04905618521 -0.03381043533 35.21932183
-0.04708640714 -0.01297602514 34.32966405
-0.1085688806 -0.01429436792 55.39518847
-0.06885951702 -0.002676762496 39.72106358
-0.03720755849 0.005221560275 26.9203946
-0.009800510591 -0.005757620886 15.06449612
-0.003845491133 -0.001897496766 11.80545403
0.1050964837 -0.07087415266 -38.42041729
-0.03154335613 0.001494001692 23.9668411
0.00134121695 -0.01744123499 7.234358377
-0.0131442454 -0.02902941862 15.35315607
-0.00189338942 -0.03774588427 9.117620949
0.01487761671 -0.03661904062 -0.8590632304
0.0389670003 -0.03223701237 -15.51657608
0.5903385794 -0.09225246052 -360.0577739
0.001710070712 -0.06768195056 21.70946471
0.00225561645 -0.04966231835 21.45010659
-0.07539385284 -0.04951177683 73.45514463
-0.09447692639 -0.009085035561 85.31342039
-0.09643281731 -0.01966798163 87.86562062
-0.147200008 0.02560041286 124.2909646
0.1084318249 0.03872441009 -75.02939385
0.02709142732 -0.04446291754 -10.73942549
0.1067677766 0.06602788306 -79.09248857
0.1686776191 0.03968401566 -130.8731464
0.1760631269 0.02786656109 -136.8836159
0.1765005087 -0.01346695268 -135.8163398
0.00746142405 0.06649077228 11.81851683
0.004339917807 -0.00778123067 15.23907137
0.07442819576 -0.03641032457 -51.34674514
0.05938853922 -0.003709317097 -45.44743236
0.0653223526 0.06762070455 -50.56090718
-0.01836847204 0.1133243578 33.34487325
0.03061309146 0.06795652558 -16.64639882
0.05759320993 0.04298105729 -44.58008474
0.06058581469 0.02487268862 -46.92630538
0.06403806246 -0.06321523034 -30.86996863
0.03950701135 -0.04893202832 -3.454652165
0.009535353286 -0.0238079577 29.94758739
-0.07721582658 0.00221453532 104.9724178
-0.02969453804 0.05876574536 46.64410275
-0.03851204212 0.04901810894 58.47325989
-0.2963794064 -0.3055069553 376.2779341
-0.01595504857 0.01383746856 36.43206508
-0.0180889217 0.02979278977 35.99785686
-0.01443359484 0.03120124526 35.78958038
-0.02448170381 0.01266147353 37.10983986
-0.02826062505 0.1927406715 30.42075081
-0.03155645799 0.008358957036 31.95237186
0.002865115473 0.02126481874 26.58869438
-0.01065022001 0.06752858856 28.08577727
-0.2471757978 -0.01896111646 73.53223751
-0.6955346049 0.01878780146 159.3775065
-0.01186285097 0.02460806437 12.43699243
-0.008576340363 0.0244088699 21.04527511
-0.005574766831 0.01318698603 20.53779387
-0.009969508156 0.002059675647 22.41625677
-0.0507164226 0.01240627318 34.41529065
-0.04166702228 -0.00198666907 31.11453635
-0.05964342575 -0.007093055763 37.55256102
-0.0742786399 6.399760391e-05 41.97392481
-0.05428007277 -0.007701631736 34.17820518
-0.03587755626 -0.007966543919 26.3880443
-0.02754779725 -0.01726554313 23.25888024
-0.02366140427 -0.01912656126 21.77777451
-0.02398542135 -0.0464505621 22.23671862
-0.03968907534 -0.01380911702 28.46844416
-0.01280634671 -0.01150558131 14.57765579
-0.02846874061 -0.03204171655 23.92460478
-0.005824505949 -0.06209154734 12.18305931
0.01483395607 -0.06191711548 0.01479651219
0.06116290532 -0.05583810124 -28.15937265
0.09539393547 -0.1114182938 -47.2947522
9.511148509e-05 -0.06998968091 22.82571798
-0.04957106727 -0.08549906589 56.33058435
-0.05168050947 -0.08053759588 56.81911816
-0.0447193684 -0.02801470923 50.13556682
-0.07906285348 0.01416386441 74.76217895
-0.1074479213 -0.0005003326313 94.61011419
0.1395167475 0.009453677716 -97.27009329
0.05665307596 -0.03311418537 -30.3983074
0.1289883305 0.06549024047 -97.70886794
0.1296965659 0.02132368857 -97.08414629
0.1663789987 0.01072654423 -127.757226
0.03608152592 -0.02871878029 -10.6249267
-0.005043353836 0.01583182308 24.14481722
0.08830120156 -0.04609609357 -64.5188788
0.06071989142 -0.004254584291 -39.49268768
0.04301486397 0.04271787299 -29.82460535
-0.05144127078 0.1060814872 67.0168619
-0.003724604831 0.1045204434 18.40594723
0.03521977326 0.07480733335 -21.8719404
0.0556917684 0.04884058715 -41.64480567
0.07190514193 0.04257919116 -59.20751158
0.0624812086 -0.01091167744 -30.6128976
0.06648624934 -0.0001344688449 -34.89894637
0.01811955881 -0.01948296925 20.16663656
-0.02496941498 0.04901925871 42.41570964
-0.02833220309 0.09791687565 45.01182203
-0.02162434685 0.06722407132 37.41332186
0.2317600167 0.05704457744 -269.7836597
-0.008551425969 -0.02275503898 38.00923876
-0.005831766005 -0.02374109971 38.11405053
-0.0113445109 0.0122241278 36.28043049
-0.01898285005 -0.0213478286 38.29878855
0.01937397934 -0.04128937623 35.75668494
-0.01026631481 -0.08787896725 41.7871217
-0.08260204853 -0.03314063208 48.27098288
-0.148541783 -0.01519878508 56.50606669
0 0 -1
-0.1649740643 -0.00407722325 55.80684447
-0.02092989641 0.02292687233 23.39872171
-0.004995448676 0.01119627854 20.60977507
-0.01185251261 0.0008405485004 22.9834352
-0.007452551882 0.01070376242 21.41726473
-0.0405625194 0.02127753785 31.02044472
-0.06507319748 -0.001488942656 39.99189424
-0.05966213854 0.0001905588625 38.41651179
-0.08771982721 0.02440890713 46.63028555
-0.07321754398 0.04378926723 39.84489652
-0.05389264069 0.02214767265 32.26421698
-0.03105349611 0.01303305987 23.1643396
-0.04239459547 -0.01694450992 29.5488762
-0.03290595935 -0.02097585749 25.04549477
-0.02627417616 -0.03144569668 22.5109499
-0.01253700401 -0.01754953676 14.81465793
0.07523393233 0.001298708827 -37.64524523
-0.0173838256 -0.03386383039 16.44890668
-0.002390343235 -0.05347436412 8.922670101
0.05647822492 -0.09599447522 -24.40000133
0.0713790267 -0.1143277013 -32.17383598
0.04936626244 -0.08581566156 -19.4612202
0 0 -1
0.001490096084 -0.03140809962 17.43318083
-0.07005939117 -0.1551777743 73.08904619
0.04210537831 0.005894363184 -20.95063462
0.03811526125 0.004582636977 -17.69451588
0.03339802023 -0.0224404718 -12.61919189
0.01056632448 -0.0539730615 6.616876829
0.1119798449 0.02384589756 -81.50262511
0.1127372397 0.03550504749 -82.40841152
0.1204695174 0.0470051128 -89.14601448
0.03767547174 0.009100038585 -14.02093046
0.02897205182 0.04043061694 -8.707502404
0.1120056195 0.01646654199 -89.95458481
0.1186796144 0.05481130498 -97.39956443
0.06647557915 0.05894135148 -46.79608985
-0.006664996607 0.07651247563 23.01385461
-0.01833748064 0.09226543679 34.31252563
0.009471988334 0.0803226507 5.389632636
0.04336826105 0.0733433562 -29.70852623
0.01633361277 0.04012711544 1.01480239
0.08405328138 0.02148456891 -55.96918275
0.1206603803 0.003204616509 -95.69837854
-0.003752298622 0.03759882903 21.0423806
0.1329219024 -0.2240492961 -128.9723648
-0.07088348042 0.07666667745 95.85305301
0.1998914107 0.08067821589 -232.5068342
0.2238210295 0.07679803634 -261.2745511
-0.03126588726 -0.06016136602 40.70870626
-0.02188894323 -0.08090257937 42.06932551
-0.02929643083 -0.06281420625 42.01176519
-0.02693760531 -0.06705885906 41.67371455
-0.02256871242 -0.08736246568 42.9427739
-0.03112532875 -0.08925435175 44.36669487
-0.122065464 -0.05062913342 54.59430971
-0.1180893216 -0.05058514313 54.36530487
-0.1880575457 -0.01070350101 62.83027431
-0.05948169292 -0.01230544823 33.65616692
-0.01200227329 0.003585791168 22.92866689
-0.01661546431 0.00022814707 24.46500267
-0.01046677443 -0.008184374598 23.29552002
-0.006681852573 0.00377346793 21.78656659
-0.07096431459 0.008907764835 41.41460298
-0.07575745113 -0.01592359628 43.67439362
-0.05945925294 -0.01239061914 38.09158872
-0.07111574937 -0.002553717136 42.00308685
-0.06361811327 -0.005123757297 39.57250345
-0.07186202443 0.03000802947 39.78682
-0.03630321494 -0.0005789865531 25.85921557
-0.04968098774 -0.01292383939 34.09015153
-0.04948372038 -0.0186079517 33.33963158
-0.02009482861 -0.0185282781 18.6612324
-0.01497895318 -0.01331528607 15.88785547
-0.04405596367 -0.004088228576 30.72166004
-0.05655125444 0.02616746425 35.51506737
-0.03259585016 0.0102685923 22.77194379
0.006345986767 -0.01650771783 1.479396226
0.07117282162 -0.0784828957 -34.77658872
0.05619862664 -0.05311710306 -26.20472855
0.6156989985 0.1303786336 -416.5935265
-0.0377613613 -0.03006053464 44.72998925
0.02961247805 -0.01997842997 -10.05475565
0.04816299772 0.00617651658 -25.48348897
-0.008540833134 -0.005013879976 18.90574245
0.001186754815 -0.04472425781 13.37199946
0.02507753264 -0.0005403798525 -10.03375455
0.1444643474 0.03253570181 -109.3969278
0.1162732143 0.02311885336 -84.30921603
0.08092151052 -0.001021872434 -52.1434283
0.08997899219 0.004190121421 -60.70657988
0.07436199941 0.005889534531 -47.30719389
0.1141162662 0.1347742174 -99.49758956
0.1108584751 0.1041156795 -93.01628122
0.05432673514 0.09918834031 -37.21920593
-0.01087887331 0.09412875558 26.77752838
-0.01719230393 0.08430764068 33.28752462
-0.00304364926 0.07177959248 20.06899287
0.03144648799 0.04838455709 -14.82449419
-0.001817110745 0.0250891005 21.5803921
0.0760423144 0.02371878966 -46.72012533
0.06676836679 0.01144232325 -35.51082337
0.007026872465 -0.03408241919 13.65793499
-0.06828863716 0.1406337718 89.17748521
0.02584420042 0.1779260725 -24.57469444
0.1921706791 0.004954962633 -213.9099302
0.1567109836 0.1113220532 -180.4848001
-0.04599156178 -0.06032237129 40.86988239
-0.04770718525 -0.05051536181 39.94598493
-0.0430524123 -0.02097830078 34.92049569
-0.01118932761 -0.07147699037 39.94224147
-0.01321212471 -0.05240040583 39.18202878
-0.01295491129 -0.05600894392 39.88907022
-0.05400504897 -0.05898541148 44.7822769
-0.07851877763 -0.04308048769 47.1020199
-0.1017304783 -0.01297740361 47.539099
-0.02755004122 -0.007838250383 27.04902726
0.005228396942 -0.002646092062 19.29761628
-0.006200452896 0.004600631329 20.79452704
0.003902355845 -0.01093911325 19.15540379
0.01020576536 0.01373469361 15.54250398
-0.01359219074 0.01102745826 23.36180066
-0.07502978642 0.01794167375 42.31379838
-0.08163889516 -0.002132001572 45.44740343
-0.06194661795 -0.01334799646 39.48343282
-0.06259926568 -0.02181000814 40.40629871
-0.07718929832 -0.01370998147 45.31844295
-0.06256224407 -0.002129077317 37.3559198
-0.03032508917 -0.02713074723 25.46755873
-0.05528638552 -0.02950855779 37.41249942
-0.03357828057 -0.04633147627 28.32570532
-0.0177042449 -0.03356605336 19.73131069
-0.03824041305 -0.04551417662 32.40352345
-0.2657235069 -0.04872787307 163.4743944
-0.0273138562 -0.01047162941 21.58234765
0.005278440024 0.001971895179 0.6484476497
0.03873676405 -0.03281381073 -17.24150806
0.07757324723 -0.04973658261 -40.7556267
0.04950221142 -0.0426374869 -21.98572239
0.0213618991 -0.04452733642 -1.666764346
0.05094195437 -0.002316154076 -27.3084807
0.05056819402 0.01085927054 -27.27763291
0.0355530005 0.007891819617 -15.8555758
-0.02461277967 -0.001771670174 30.72955964
0.05247568236 0.03535289043 -35.25911196
0.134899155 0.05265154332 -103.8346934
0.09971126965 0.02357942372 -71.63783394
0.09500439066 -0.0385283141 -61.9996892
0.08354265573 -0.003026312273 -54.4677031
0.05435712909 0.0416956964 -33.88790309
0.08998341711 0.1353212415 -76.06200964
0.09940492135 0.1254552991 -83.67464214
0.03789870918 0.098292691 -21.05885182
0.01701142309 0.1191679118 -2.939138238
-0.02925390023 0.05758322459 48.37480409
0.005435748814 0.01384516708 15.21105015
-0.005274207717 0.004165124311 27.13493124
0.07905384182 0.0753799642 -71.43357726
0.0393476807 0.01752000455 -5.219245606
0.01662731884 -0.02052704867 23.9248704
-0.02237015883 -0.08285497277 49.90410154
0.06021331536 0.2053296666 -67.13716208
0.2253209479 -0.01375053923 -252.8793124
0.1827069245 0.08008505806 -209.5332693
0.1541527375 0.09289607994 -176.2567155
0 0 -1
-0.04118392869 0.0367590412 29.31907503
-0.00787799956 0.1104939925 19.50890763
-0.007220878425 0.04762000304 27.16194811
-0.04927122811 -0.005364842381 37.77241112
-0.03266667309 -0.04365364599 39.86731142
-0.03939706458 -0.03441438782 40.21205915
-0.06582721913 -0.02988108756 43.93954
-0.15442497 -0.003783177816 56.03333663
-0.009022857482 -0.00355449591 22.20558911
-0.001761176417 0.004986283174 19.75614865
0.006571226494 0.01392658657 17.35418583
-0.003121001144 0.02584869681 18.00522156
-0.003667025457 0.01014868584 20.33902967
-0.04817364272 -0.01853042702 37.39448424
-0.08975988076 -0.004501715502 49.9042902
-0.1210485159 -0.01131621555 61.0486204
-0.07909483796 -0.01973446449 46.12781335
-0.06545455075 -0.02770387996 41.6648488
-0.04921516342 -0.00108779766 32.03181201
-0.06066655019 0.007929531514 35.25687315
-0.04759691789 0.001282689903 30.44352082
-0.08284964117 -0.02027274408 49.44754229
-0.07350841934 -0.05696847994 48.75738451
-0.01377579271 -0.1024477517 23.90159179
0.00362873996 -0.07949361871 11.26442137
-0.01585349066 -0.04625799396 18.77969443
0.01840275723 -0.0194032811 -4.23002649
-0.005870397016 -9.192587901e-05 7.855211973
0.01017238683 -0.006958219656 -1.456606179
0.05900400377 -0.03220703079 -30.22096165
0.04016245672 -0.03487429919 -16.52113893
0.05728804681 -0.04347567893 -27.81080015
0.06736107524 -0.01594699133 -36.6749877
0.06305996128 -0.013616677 -33.73820072
0.003189580366 0.01423526167 7.557674495
0.0283213105 0.03921387664 -15.58744034
0.07059142553 0.06105556634 -52.20982223
0.0979974377 0.03321766082 -70.8884304
0.05035280716 -0.01144371736 -24.83445254
0.07995896616 -0.0167561569 -50.47014004
0.1084480917 0.04193098697 -82.3299823
0.0955568629 0.06984866651 -74.50846746
0.104223674 0.07216164665 -82.48976556
0.08104863383 0.07615589302 -60.46234602
0.05877614833 0.05290843118 -35.81687017
0.0305056109 0.09851438563 -12.79695728
0.04736550048 0.07263076969 -27.30736169
0.04533575129 0.02627004978 -19.49185283
-0.0686499697 0.3452176582 59.53974768
-0.04141566564 0.1747137138 49.51708039
0.01230295015 -0.008125481983 27.64524411
0.002356706982 -0.01355792229 39.09760398
-0.02285108603 -0.02662714834 68.87206079
-0.1443342736 0.02670631646 179.3756452
0.3541447414 -0.01682913754 -407.0804052
0.09124137986 0.1211286553 -101.947813
0.0799135295 0.1299652739 -89.06670069
-0.04181444221 0.07965470816 25.60909736
-0.03101851376 0.1068692094 21.361477
-0.04708790414 0.05919842413 29.31831411
-0.04660460608 0.04758718998 31.08986238
-0.05606399826 0.02506391246 33.33175542
-0.0380910772 0.01603528904 33.38347594
-0.04434860437 0.02039699706 33.84857922
-0.06675078872 0.002811708953 39.2171427
-0.09224974668 -0.01373367939 45.99164037
-0.03489094755 0.05003162998 20.95148614
0.01423324885 0.03609183727 11.94215865
0.006762501043 0.01422733336 17.43969018
-0.02100855699 0.01970864301 24.0418883
-0.03952382717 -0.001878288928 32.04563316
-0.05243252375 -0.01523308422 37.79200121
-0.08350670352 -0.02310254021 49.23692701
-0.0927886604 -0.02041807675 51.00543064
-0.07313901435 -0.006592719865 41.93167198
-0.03384017954 0.008856394787 24.20135393
-0.04082698411 0.0304336992 24.25772918
-0.06393957149 0.03921294796 32.83322256
-0.06716377083 0.02230167691 36.74385226
-0.1057460583 0.02213472243 55.26435467
-0.05621009458 -0.04391138215 38.38051236
-0.02573022972 -0.02973054507 20.83656133
-0.01619551069 -0.0624503843 20.51568282
0.02772501545 -0.0565407064 -5.145221481
0.03815311528 -0.0359351051 -13.67915617
0.01780960855 -0.007739383341 -5.520186439
-0.003512172936 -0.008780569783 7.548274412
0.0289434515 -0.01515076918 -12.59253051
0.03695457586 -0.02489818077 -16.38537246
0.07992280151 -0.02852261931 -45.76049667
0.08799605692 -0.02379206534 -51.50741202
0.06407347777 -0.0279727998 -33.09399841
0.01571755767 0.008408041343 -1.057444331
0.02699572032 0.01998657471 -12.16745092
0.03389068186 0.02466950565 -18.35626872
0.07382739205 0.02304622786 -50.31913938
0.05429275018 -0.01112172859 -29.12524991
0.124590375 0.002481381198 -92.37781928
0.1253812644 0.04686793172 -97.59966038
0.08926606563 0.06590642972 -67.73343973
0.08588151883 0.06095264274 -63.76704613
0.07853819149 0.0362012305 -53.12943377
0.05203633625 0.04111950193 -27.94693041
0.01541771947 0.0181129182 12.44041182
0.03342371758 -0.003414004039 -4.239844266
0.082661028 0.03174378372 -59.50609015
0.1517656234 0.06448369638 -137.5206189
0.1310060837 -0.03236378944 -100.2346455
0.04041977874 -0.00715856217 -3.966276696
-0.0228868578 -0.01284432387 67.10286108
2.589032959e-05 -0.01030066468 40.02963825
-0.03035888076 0.09816068095 60.26692254
-0.7009030008 0.2980684051 828.0069504
0.0775190628 0.1407794307 -87.70455094
0.05992471788 0.1339972002 -65.22238809
-0.03273288082 0.05984309699 28.67972272
-0.03816279374 0.04127496973 31.95238774
-0.05915223725 0.03199286863 34.20244186
-0.05327567189 0.02658431107 34.74432069
-0.06258287457 0.03109996934 34.49418374
-0.05353488478 0.01294659982 36.37659072
-0.05546527173 0.02033065767 35.78811771
-0.09458446618 0.03639687398 38.8412395
-0.07652926069 0.03326255557 35.78524177
-0.1478425091 0.03006379805 48.89766574
-0.03411901727 0.07374605811 17.03400388
-0.009666054489 0.02849118833 19.60313133
-0.03857243288 0.007719620973 30.67038907
-0.06265474764 0.009341337137 37.23734396
-0.05689840266 -0.005866189373 37.39811329
-0.05995247337 -0.01181471192 39.6849918
-0.1042792117 0.007229027413 51.31348405
-0.09647918695 0.009854362791 48.36130979
-0.05459597901 0.03299197703 29.25779552
-0.05201741435 0.04249070618 26.97240977
-0.05220421632 0.04872454901 26.13261138
-0.02242966819 0.05806707353 16.7913824
-0.004866098269 0.06324146708 7.644333472
-0.001102374504 0.09822705555 -0.3142738839
-0.009261169687 -0.01810633093 10.35169693
-0.01472598721 -0.01671029377 12.99905288
0.03989626175 -0.01096781233 -19.32669274
0.05965831787 0.02507502898 -36.11810664
0.02462325327 0.0007433016655 -11.01173715
-0.005401175911 0.05596211861 -2.129010066
0.0217867319 0.01110772367 -12.13753919
0.03889551342 -0.0002938441181 -21.59434615
0.07868970497 0.03718187815 -54.93252263
0.07928498196 0.01830948764 -51.65226917
0.0651860063 0.0001468689429 -38.53577227
0.03861053113 0.008020700954 -19.17053697
0.03556977035 0.0387316597 -22.00345741
0.003901141 0.04184758413 3.17475646
0.05118980447 0.03259207363 -32.86476777
0.01761164656 -0.0003285191135 0.205784998
-0.01597953689 -0.02194165497 47.13563367
-0.01599894787 0.02542762914 39.19655649
0.08771960923 0.06938553069 -67.17645553
0.04557938176 0.0887805692 -30.60455119
0.07633183164 0.03848530705 -51.85035249
0.04553505923 0.01324057178 -17.11823622
0.02148096785 -0.005774372001 9.551767525
0.03056886561 0.004590702397 -1.479487887
0.0998606468 0.0414902192 -79.40794682
0.1196576011 0.04120250325 -99.89896339
0.1332024678 0.005418881299 -107.7841392
0.0381801054 -0.005833259735 -1.202030597
-0.004747494008 0.02454751879 40.6290328
0.02442730865 0.02597618472 7.397852225
-0.006856553455 0.0008998091445 48.36135112
0.03036610759 -0.04716232957 11.67828049
0.172413068 0.180253418 -209.081664
0.3136544934 0.07167688853 -363.4692577
-0.05534709045 0.03213711282 33.7063414
-0.06185791698 0.01915830043 36.23332744
-0.05322159885 0.02759505642 34.28908148
-0.06280331007 0.01663177397 36.93093391
-0.07209575239 0.01689772586 37.71931769
-0.0689021908 0.01528938125 37.23523584
-0.04429634691 0.01129084698 35.26848378
-0.06735090879 0.03048773274 35.5378843
-0.1088065541 0.04777261405 39.37938026
-0.1060208025 0.06996497359 34.65852891
-0.05975263388 0.06900316821 24.72104828
-0.02698423898 0.04969250397 20.76565423
-0.05140776474 0.02234710538 31.43681019
-0.06068476542 0.01735280881 35.15223439
-0.07420348924 0.01276015014 39.90609544
-0.05570648964 -0.0005267928215 36.41851833
-0.06944796046 0.0302632054 35.47499852
-0.05690729436 0.02971533996 30.80728422
-0.04329155809 0.03247344607 25.44382315
-0.04872673785 0.04834615444 24.71573453
-0.007402088627 0.1022731842 2.137885686
-0.04499142865 0.1122391427 17.56713055
-0.01906330831 0.08905201915 9.330973683
0.009343752059 0.04066065008 4.199844031
-0.01376951768 0.07604125833 -2.724475851
0.01170099394 0.05345975323 -12.66146861
0.04320258411 0.1527036073 -48.25473002
0.02508776293 0.2499623927 -55.38696542
0.02885841094 0.2245411917 -52.99937522
0.03866240095 0.3457538378 -81.6273295
0.01108532072 0.1135416724 -22.12085573
0.01623527854 0.04934302009 -14.53194237
0.04863873546 0.1243127356 -50.05018547
0.0822726184 0.0548226296 -60.43588887
0.06018143481 0.04075286916 -41.56220926
0.05263590498 0.04413517648 -36.2522806
0.04954134691 0.07168984884 -38.62423178
0.03901943995 0.05293299875 -26.58090799
0.05404191953 0.05682582891 -39.31912738
0.02439466287 0.05075592146 -12.99702693
0.01368617654 -0.03663774063 24.00574926
-0.02079561718 -0.01344794478 50.31814273
-0.02089445794 0.06749881542 34.2844873
0.05602144305 0.02923570036 -31.19625204
0.0749359747 0.03156656517 -48.88489853
0.0464756369 0.0308835183 -21.49101405
0.03647317656 0.02803404648 -11.69184301
0.06823786163 0.02899592601 -44.30306948
0.1269812775 0.04021980364 -107.617074
0.1295714934 0.02915312892 -109.1297946
0.1038229016 0.008489977131 -76.4895365
0.04228713277 0.002446071919 -7.607437102
0.02281508508 -0.006760590932 15.46740168
0.0123369975 0.008333981869 24.79460849
-0.02490060824 -0.003360036761 69.39844711
0.0693574285 -0.09227452623 -26.98439506
0.09073265352 -0.06796485618 -56.9909135
0.06364051795 -0.07561372945 -22.61438528
-0.05387855211 0.009561048845 38.04575068
-0.05402231735 0.009758468708 38.00743268
-0.06387964286 0.006769475124 39.17316061
-0.0767063694 -0.007515712888 43.01976985
-0.05968149498 0.008712740868 37.51091932
-0.04336373875 0.02596490928 32.22823058
-0.04110345048 0.01037645752 35.2345329
-0.05230852211 0.0007356375946 38.66307908
-0.07982157954 0.003080563448 42.7683942
-0.09190697546 0.03326203234 38.86211752
-0.06915698069 0.02869383167 34.43104989
-0.04793058343 0.02698661479 29.78018938
-0.05605881273 0.01640484405 33.86494379
-0.06406640732 0.01214595063 37.21450581
-0.07073675064 0.01789405856 37.73090598
-0.0453985218 0.03196340749 26.44857189
-0.054020292 0.039275244 27.97138586
-0.04308867476 0.04930802067 21.56260913
0.009813200314 0.1268621707 -8.777675268
-0.01343026254 0.1009078055 6.084662924
-0.01406363866 0.1006739405 6.008006671
-0.0451689032 0.09846373081 20.92189005
-0.03155532747 0.08704976519 16.28077195
0.0564767102 0.1154664666 -31.05060872
0.02550674574 0.1173597663 -16.12862406
0.008159708328 0.05711259271 5.895054026
0.002707629937 0.02942079505 14.98541069
-0.002009545744 0.2395521423 -36.69125856
0.01866216202 0.2715436884 -56.58851931
0.1234370371 0.2308935744 -113.0030999
0.1429949044 0.2837659441 -135.9860516
0.1100721084 0.3114483728 -120.4346252
0.09489916561 0.2801765111 -103.6472588
0.07199056353 0.123099994 -65.89880762
0.05806392668 0.08308443351 -47.9165264
0.04867690581 0.0807124734 -40.93512257
0.06632940767 0.1003786194 -57.80702223
0.07431423354 0.1444081187 -73.64340321
0.06756506293 0.1011870335 -59.5818848
0.05399798119 0.1193623082 -51.37143065
0.03600389633 -0.01682546448 0.371279228
0.03663963213 -0.001878652054 -3.086968232
-0.03440799993 0.01082885534 58.54576278
0.02373774645 0.01541625927 2.160957391
0.07082159129 0.03645686942 -46.03885582
0.02475848393 0.01984593832 2.265025869
0.03825450338 0.02716275269 -12.97606732
0.05297976398 0.03028057272 -28.52452617
0.1222751087 0.005327800667 -95.79660207
0.1152682296 0.0102032493 -88.16813151
0.0686298577 -0.01855804298 -32.04665968
0.05325804491 -0.002835843782 -18.80935016
0.009698803984 0.01905288255 25.33724512
0.01453083909 0.02065794257 19.87012353
-0.0693415187 0.03200278459 114.7209938
0.1823922626 -0.1666292844 -147.9872527
0.1210960796 -0.1054237774 -86.96663381
0.07329798233 -0.06007048999 -37.83774125
-0.05188147881 -0.009196848607 42.04723832
-0.05881020569 -0.006428327602 41.66434447
-0.08445069846 -0.01316222652 44.36927296
-0.08140733796 -0.005950054644 42.77247165
-0.05721425221 0.02000857096 34.59697606
-0.05721198464 0.009742959312 37.35830171
-0.04933821568 0.01268511582 35.50392824
-0.06363343185 0.004380146664 39.66032575
-0.08309874887 0.009453023296 41.61185757
-0.0727182471 0.01836607394 37.44559802
-0.07307260136 0.02003192241 36.62816197
-0.05804876772 0.02221823452 33.09319232
-0.05669863544 0.03014926434 30.6104201
-0.05589241317 0.01422890397 34.14799838
-0.03981118511 0.05630793258 19.43577875
-0.02154907496 0.09517594734 4.450750376
-0.02799223657 0.1209141337 0.7863488607
0.3586637399 0.2823735908 -179.288227
0.001051065967 0.08592801657 4.214905083
-0.006368328079 0.1024284373 3.526846352
-0.004138144254 0.1145152716 0.07620626404
-0.04062542375 0.0932190679 19.86206777
-0.005909916461 0.05872845774 10.84853464
0.03700143283 0.08201810171 -13.59353001
-0.005047963948 0.05776374737 13.43925488
-0.0125995692 0.06003453497 16.95706679
-0.04153218792 0.0713131601 30.62931782
-0.005111243796 0.2850808625 -44.96019437
-0.02499544535 0.2875628329 -33.25592204
0.1126827487 0.2414496665 -108.9808721
0.1372023952 0.2241161102 -120.4438217
0.1367412111 0.2407023548 -123.4702314
0.1014954359 0.1961753156 -87.99044782
0.07232652859 0.2690985109 -84.90869717
0.09060570381 0.2486140111 -93.88746477
0.06428140505 0.9570491182 -241.8680533
0.05668380484 0.1514152452 -60.79386684
0.07352835559 0.1653148094 -76.96870804
0.07149799051 0.1677510363 -76.45330333
0.09799799921 0.1878361988 -103.5669708
0.1152485218 0.02723128651 -79.43607284
0.05615191136 0.006997770306 -21.97082307
-0.1085181024 0.01316767664 124.6156651
0.03963695335 0.04729308816 -19.95465939
0.0570643825 0.0400870496 -33.49655577
0.02828061954 0.05019156569 -8.47354133
0.03255609145 0.04748761543 -12.44633626
0.04653491762 0.03909830699 -24.1199406
0.09819422805 0.002814727027 -69.61873367
0.1052039752 -0.01620701153 -72.61675199
0.09067482532 0.009196414535 -61.95252927
0.03951394213 0.004956639111 -5.084784603
0.0294031718 0.00458912106 6.400486166
0.02624605362 0.01815672239 6.883001648
0.01822047356 0.03302776678 12.64138779
0.04050177107 -0.01202195891 -3.354256806
0.02055139062 -0.08824351852 38.98256122
0.004049783934 -0.04171848175 44.19057698
-0.04816564176 -0.01817129309 44.01141638
-0.04518733188 -0.005641278537 40.76048771
-0.06965837809 0.005582395379 39.20977463
-0.05519740783 0.01934429439 34.81041051
-0.05038582732 0.03808995301 29.41100832
-0.0573717408 0.02775380122 32.70066204
-0.05276902184 0.03815871631 29.27864797
-0.03685154291 0.06061172257 20.98179367
-0.0833152168 0.01964494947 39.09035231
-0.07548844627 0.02612183319 36.26510312
-0.05434122969 0.03586114851 29.08292328
-0.03843487023 0.145601632 -1.269729048
-0.01111512652 0.287139323 -44.02535631
-0.02406641819 0.2877188196 -40.32706551
-0.01167652119 0.2982768537 -46.64787954
0.0027378672 0.3126017444 -54.83190938
0.008708141868 0.2630505834 -44.91612884
0.02974239996 0.09706944895 -10.30169788
0.01506653236 0.06105022332 4.394486818
-0.004945076309 0.06693942761 10.90916951
-0.04045498177 0.05761314401 28.94061011
-0.03287345605 0.05379769058 26.14920739
0.008786618287 0.06724151606 2.871704437
0.02299815255 0.04973468105 0.6565331922
-0.09257411035 -0.102467055 98.27322257
-0.01309653114 0.2039820338 -18.12636098
-0.02649918071 0.2178770602 -13.74670184
-0.05268700406 0.263753057 -10.18290018
0.008885152357 0.3055927843 -57.92249032
0.09075400595 0.2728574916 -101.9011093
0.1370627611 0.2250956285 -120.9565058
0.1419161363 0.2029849105 -118.4774853
0.1231482801 0.2035791131 -105.653904
0.0705108163 0.1916974106 -65.62110871
0.09464688357 0.1500298861 -73.23924041
0.05490329884 0.08891920377 -28.53452751
-0.2531676321 0.1526829199 195.1420384
-0.2733867212 0.1960942538 200.2854239
0.08381338264 0.2235163416 -98.89227689
0.08752622566 0.1344312466 -80.39957808
0.08998457085 0.02910674781 -57.82877675
0.03219366621 0.05597643945 -12.69014273
0.0231006746 0.1780027572 -36.27890166
0.01990037982 0.1451327313 -24.77382007
0.02861794809 0.121094903 -26.54524121
0.03382977033 0.1309198121 -33.47416945
0.02956192565 0.08196487638 -16.8245729
0.04395562528 0.1192299095 -40.62822268
0.05925074973 0.07779969498 -46.61590226
0.1165927413 0.0387081223 -97.47964935
0.06168007635 0.04673123728 -39.80944892
0.03359096157 0.06259783455 -13.02719742
0.04004876504 0.05374657484 -17.96796774
0.03242137539 0.02733559448 -2.939873914
0.01840955387 0.03808345005 10.62360956
0.006803532293 0.02896762514 26.6197139
-0.0006183887012 -0.01998158642 48.01219383
0.01617866308 -0.09096923246 45.19616884
-0.03928137851 -0.01760830763 43.72036502
-0.03305441359 0.000492595929 38.72633847
-0.03711810519 0.007846753112 37.08553422
-0.06056765322 0.01825402242 35.68349282
-0.05262302103 0.02180075087 33.92282136
-0.03933007223 0.09647123292 12.09870951
-0.01507868755 0.1486508205 -5.609660976
-0.05197552981 0.1288590326 5.289346667
-0.02903083953 0.2536732735 -32.00634485
-0.01125908739 0.282923974 -43.28772942
-0.01454965909 0.2701615773 -39.007377
-0.006144080966 0.2871942426 -45.47971197
-0.0181562187 0.2805535452 -40.05437788
-0.03043205631 0.2802634317 -36.32712153
-0.01374980211 0.2699326232 -38.43830042
-0.01445685356 0.2731800279 -39.17001611
-0.01253021032 0.2867191293 -43.92559182
0.01869376888 0.3233144485 -65.22480586
0.01553613977 0.3400011077 -68.61940462
0.01233836398 0.3205014447 -62.02761471
-0.008871825014 0.3091694433 -49.60852181
-0.01290228894 0.3419559219 -56.63869248
0.01792735944 0.3286119267 -67.80558618
0.03433260442 0.2965989826 -67.46327506
0.003395210912 0.2951307463 -50.69243235
-0.01978850023 0.2605128099 -28.89293222
-0.009510267062 0.2711966704 -37.18558751
-0.01046595272 0.2825439221 -38.98955089
-0.002674923668 0.3083584866 -51.0453274
0.02151496035 0.3074001902 -66.03845678
0.04981042495 0.2933542186 -80.68726776
0.1010827632 0.2681928572 -108.1513138
0.1350250077 0.2267593405 -119.9760831
0.12242283 0.2893904196 -121.338281
0.1415502813 0.1881880554 -107.7838658
0.1153987291 0.2328089456 -101.0259798
0.06661338049 0.319853347 -86.90229285
0.0465947338 0.3032210063 -67.3371377
0.06119534191 0.3852035911 -100.8549102
0.09295915352 0.3151418043 -107.6591085
0.07738347107 0.3607891753 -106.8202694
0.005903607528 0.1602046487 -15.10696397
0.03497784825 0.2062482871 -53.86409553
0.03350655172 0.2214061955 -56.67776108
0.06964024131 0.2013564632 -85.97523681
0.02886145729 0.2336757057 -55.36207059
0.02286252004 0.2571698329 -55.72794423
0.05329377811 0.2494408167 -84.35308489
0.01770796777 0.1959819478 -33.12819057
0.0776092431 0.09619405536 -69.8397982
0.05836111364 0.08735885775 -46.30807866
0.04527706424 0.152039384 -49.15112228
0.0142987576 0.1544076405 -15.26436516
0.02972710835 0.1170575504 -23.10774814
0.009265491636 0.1116306493 1.720372021
-0.01112553662 0.1417754167 18.46689616
-0.03067286775 0.1061316669 51.58411475
0.006318500076 0.2941870938 -44.15888881
-0.007204838683 -0.0263093921 45.74133848
-0.0009680735995 0.0002653599071 37.85091731
-0.00151888529 0.04004023564 27.0519443
0.002087942316 0.03262576292 28.73457417
0.003307556342 0.2428872231 -33.35453706
-0.01055795063 0.2404812416 -30.98411371
0.002611711379 0.2738011346 -42.8369413
-0.02416759883 0.2666747382 -36.75357121
0.003701584815 0.268065488 -41.25489623
-0.02201063045 0.2732740444 -38.49449789
-0.01212688826 0.2903242294 -45.3176853
-0.005324652077 0.2727172809 -41.65348199
-0.003688455106 0.2550023687 -37.11271558
-0.01763198976 0.2668836329 -36.76276433
0.004141033144 0.3109122435 -56.06205511
0.00366037106 0.3251364144 -60.02973535
0.005653199952 0.3255690074 -60.9371922
0.0184896538 0.3402365985 -69.96820391
0.01464063195 0.3375278434 -67.57546696
0.01142496662 0.3354166454 -65.74209247
0.006395452069 0.340592385 -64.87267163
0.00130405092 0.3449900711 -63.78992672
-0.0006038708098 0.3416689905 -61.97745203
0.0005223129977 0.3304585685 -59.08926959
-0.0007735194416 0.3274402127 -57.94008229
-0.004303615019 0.3008773761 -48.29299279
-0.003962783173 0.295953392 -47.05311415
0.009731192777 0.3042925306 -57.19823863
0.01212188352 0.325898827 -64.85125931
0.0195332016 0.3175791842 -67.31714704
0.02255458609 0.3152867834 -68.62422042
0.046639931 0.2969494261 -79.54974881
0.1241343832 0.2504387381 -118.8477125
0.1559267323 0.09904433878 -92.5512622
0.1852627027 0.150199995 -129.780314
0.170233647 0.2312036894 -141.5153651
0.08745843436 0.2786908198 -90.64212305
0.04724765249 0.3304772711 -74.09802631
0.07755870148 0.3196901604 -95.80347654
0.1144699862 0.2893281639 -118.10443
0.09712646859 0.3154210614 -111.4053487
0.06777858052 0.2849451161 -77.06175243
0.08695843573 0.2197705892 -74.97183098
0.1358389845 0.1804113204 -108.7325822
-0.1935608179 0.1151917588 223.1167785
0.03284224505 0.2886332646 -73.59172482
0.04132108727 0.3102442613 -88.25059065
0.03291882653 0.312248246 -80.54193388
0.03317349559 0.2839984802 -72.59866467
0.08434746641 0.1217334982 -83.9740124
0.08403426041 0.2942148917 -132.5958838
0.03155807218 0.2339930411 -57.40397461
0.02065649282 0.1994944746 -35.32865183
0.0225079067 0.1844668263 -33.14315454
0.0204855399 0.1846495104 -30.38852446
0.03469627592 0.2318086977 -61.1454535
0.04082988623 0.2672993025 -78.13977724
0.02849560732 0.2579878249 -60.66734221
0.004613129891 -0.03197298706 47.2590706
0.008895898217 -0.02329555673 44.40944804
0.01814096591 -0.02120172732 43.23624046
0.04453344699 -0.02324847835 42.55538335
0.05209936908 0.2814911203 -50.31999613
-0.008767354808 0.2983894314 -48.23329715
-0.01668721625 0.2977585366 -46.95119765
-0.03003446476 0.3106748375 -49.19987814
-0.008893695552 0.2849587443 -44.15257588
-0.01353619982 0.2656591557 -37.52171842
-0.005603168657 0.2827434566 -44.97383987
-0.001670560625 0.2989371709 -51.00893858
-0.00289976919 0.3185151954 -56.48910681
0.002219431692 0.3134760239 -56.39045992
0.006053474553 0.321716217 -59.66555597
0.0039714617 0.3247139366 -60.43968435
0.01818976534 0.3340215932 -67.9411133
0.007796749843 0.3326126975 -63.16359956
0.002752704627 0.3376989135 -62.86973637
0.01571346578 0.341422154 -69.49207683
0.0114121557 0.3416398705 -67.41858823
0.008332413714 0.3353810346 -64.30927051
0.00539499846 0.2624220193 -38.47984181
-0.007097757919 0.3287282796 -53.86534409
-0.009953885556 0.04623709926 38.73731678
-0.00317147159 0.3112408994 -50.42251393
-0.00146490342 0.3085579384 -51.97984076
-0.006830750917 0.3357349924 -56.59167917
-0.0001509225301 0.3358375218 -60.5505154
0.0144440101 0.3255003271 -66.14085315
0.01228065735 0.3140711397 -61.27858848
0.02026977096 0.3131780134 -66.79035655
0.1253200834 0.2665673523 -124.8452529
0.2104443344 0.1471858465 -147.7417961
0.215325092 0.1441353912 -149.4490775
0.1941553419 0.1520574192 -135.6438681
0.09478560882 0.2182298503 -78.21788213
0.06582427903 0.2496585728 -65.16679922
0.09596981271 0.2650927408 -95.73875178
0.1233158838 0.2628962963 -116.932543
0.09418704692 0.2863950918 -98.92320436
0.05166252915 0.2662341195 -56.1612362
0.04430812711 0.1913664783 -26.97817728
0.09649193389 0.1816619654 -72.35705873
-0.2609785402 0.124915936 284.8344464
0.06070836161 0.1120928178 -23.45044065
0.06841175341 0.2839944067 -107.6810247
0.03654614444 0.3152265342 -84.6379293
0.03030349147 0.2995476803 -73.8534785
-0.005289271284 0.2468104507 -20.60916088
0.03574814055 0.2749695768 -73.40903123
0.01555897746 0.3029771308 -59.66870799
0.01820116796 0.2997972598 -62.49108657
0.01391892916 0.3063995807 -59.83077011
0.03698008979 0.2625503829 -73.86281202
0.03227799305 0.3344029508 -90.17509302
0.03612253739 0.277317683 -76.27357571
-0.01646888504 0.243781658 -1.635728135
0.009983159308 -0.03276479195 47.43128036
0.01322360069 -0.02850921538 45.9102991
0.0241250514 -0.03095046264 46.13303635
0.0256627577 0.02940742898 69.41571762
0.024866338 0.01355312105 74.91833529
-0.001270474722 0.3050173413 -51.26700588
-0.005327506541 0.2510286129 -32.94479838
-0.03770824093 0.2331051162 -22.51989745
-0.01855194127 0.2629829718 -36.07515526
0.005517728775 0.2771539155 -44.89770958
-0.00095400484 0.2777894609 -44.45801878
0.02038120096 0.2961862088 -55.17819167
0.009908392836 0.329247847 -63.32311279
0.01502356954 0.3307787073 -65.38112768
0.009810755209 0.3275327697 -62.6061146
0.0105353554 0.3317352904 -64.44643373
0.02179448503 0.3353990347 -69.82365543
0.009514169632 0.3397736486 -66.38018811
0.006857924381 0.3281367519 -61.40101458
0.01129614075 0.3255394604 -62.38728038
0.007765146571 0.3217207617 -59.56163771
0.005799474019 0.3128424055 -55.66143464
0.006192276212 0.2928951286 -48.75593209
-0.004449011082 0.2935051218 -44.03869227
-0.00283438315 0.3056399821 -48.83903498
-0.004795787994 0.3251919893 -54.71033401
-0.0103733893 0.3357169001 -55.06469507
-0.01425622984 0.3179738023 -46.64157862
0.004525678604 0.3111613953 -55.78196349
0.01081515206 0.3213270293 -62.58676429
0.0121956331 0.3185338884 -62.37584187
0.01067100137 0.3196979638 -61.94107317
0.008589136041 0.3159190129 -59.29787423
0.19940015 0.1860190495 -152.0963727
0.2074675995 0.1575134758 -148.6220307
0.2093698357 0.1225971239 -137.8582039
0.1496648547 0.1365357175 -95.0580716
0.1000255065 0.1861344977 -72.74044314
0.09255360584 0.2373168165 -83.73480986
0.1266390561 0.2696136989 -122.5520365
0.1076205149 0.2553124215 -101.3080034
0.2105264098 -0.01259711676 -98.98667131
-0.1067774374 0.3086385373 95.04165399
0.2857496942 0.8178287044 -445.3490389
-0.08468857435 0.05510863911 153.8793873
-0.09003391617 0.07696663889 151.5389372
4.070833333 5.527864583 -5866.449479
0.04071554672 0.3087213743 -87.26616312
0.1652309448 0.06119072175 -104.2783723
0.0005016166114 0.1367959399 52.09917952
-0.002888298988 0.1179176593 62.09768309
0.0219665608 0.2488847286 -48.74287341
0.02345569816 0.2805805364 -61.20095844
-0.01213674287 0.3663339612 -49.28526228
0.02141353316 0.3362645348 -77.92207826
0.02247397594 0.3309557191 -76.63562785
-0.03789720164 0.3066021275 4.205246957
-0.06357269604 0.2856664022 42.47704182
0.006377846485 0.006193207604 78.94156919
0.007033665381 0.005667934594 79.09885473
0.01077147186 0.002907087927 79.88873844
0.02274133764 0.005664373966 78.07080616
0.004838910569 0.004365751552 79.59961064
0.01111053603 0.2403768357 -31.83102557
-0.00919316981 0.2297027433 -25.92846523
-0.01422353184 0.2582728311 -35.46065388
0.01504361031 0.2922687799 -52.20042309
0.01211561556 0.3035819814 -55.04575891
0.009022440165 0.297860047 -52.77012405
0.01527694077 0.2842881446 -49.66341148
0.03128718179 0.2998130503 -59.02660991
0.03207909763 0.3038663239 -60.85841783
0.008704397844 0.3337376895 -64.091768
0.002163763823 0.3325543677 -61.16840013
0.0001834367372 0.3315641378 -60.31303433
0.001529913406 0.3345556804 -62.25885529
0.01436344739 0.3114305617 -58.66235919
0.01303107919 0.3043107929 -55.98699128
0.02022778497 0.3248447201 -66.31420181
0.003378649737 0.3146798569 -55.18688615
-0.00338675254 0.3050795141 -48.47103161
0.001621427425 0.3098659226 -53.15178548
0.003088853076 0.3160056746 -55.97146486
0.007877930331 0.3606211385 -74.51589115
-0.001014911204 0.336617912 -60.96004396
-0.009682488767 0.3459395957 -59.19131068
0.002734705823 0.3256378161 -59.56854291
0.01467821121 0.3128708725 -62.56197935
0.02157695127 0.3015205573 -62.93132086
0.01629245571 0.3145766433 -63.88623201
0.009452229427 0.3061498314 -56.46808384
0.08933202175 0.2436262867 -91.83225571
0.1806548999 0.1906423847 -139.927075
0.2092919642 0.1341681752 -141.501547
0.1578594042 0.1487863705 -105.5336525
0.1135559412 0.1723274926 -78.51853419
0.1188504452 0.1621990954 -79.2602826
0.08273060276 -0.002699333892 24.18914751
0.06644430698 0.02454945529 28.16664838
0.1518765027 -0.03217638315 -27.27632204
0.214909066 0.03375582481 -107.7946891
0.2238413449 0.1240147234 -148.1741573
0.2342015597 0.08079330926 -141.4424997
0.2090577025 0.09569385881 -122.6549367
0.02579661448 0.09635107041 43.75779843
0.04846449336 0.1883616654 -16.30824567
0.03528775028 0.1704912013 4.086809321
-0.01729454605 0.1288561906 73.5759074
-0.03186081671 -0.06952523637 151.7104294
0.03781096571 0.2491536939 -66.98808423
0.05855126062 0.2618228204 -94.6359946
0.03774828906 0.2844673239 -78.23254827
0.03437019597 0.3253017284 -89.21603842
0.008149412265 0.2965162747 -48.0848743
-0.03239837374 0.3133741162 -4.833179137
-0.06453094965 0.2788395203 45.8688248
0.006507845537 0.005995297747 79.01005188
0.006757579519 0.006138811835 78.94209715
0.008117441971 0.004972271104 79.30485975
0.008888319789 0.003552133309 79.77633948
0.044251929 0.1498359693 -1.969394907
0.01229600644 0.2568081788 -37.6313927
-0.005539453709 0.2465036336 -31.73336283
-0.01384052479 0.2518585875 -32.91687366
0.006771751719 0.244262069 -33.61159541
0.01690252194 0.2690805175 -44.21756582
0.0135342022 0.2743392864 -45.58366025
0.01857770552 0.2615759735 -42.80961933
0.04484292386 0.2642617224 -50.41494897
0.0398405993 0.2823000792 -55.41608071
0.04461011943 0.3044036128 -64.77281549
0.01910804006 0.3204126931 -62.54109723
-0.001368702445 0.3088538582 -51.56709524
0.005048423123 0.3183940621 -57.49591592
0.0005229592808 0.316230473 -54.80551294
0.0107056802 0.3232070102 -61.52868406
0.006263649747 0.3099228279 -54.81389028
-0.001922878333 0.2993607658 -47.22700107
-0.006998478859 0.3057614955 -47.06899159
0.0008260762715 0.3029342658 -50.00577387
0.007389876875 0.3225437637 -60.59524881
0.004404284666 0.327890172 -60.84407116
-0.0003979322269 0.335861989 -61.10563322
-0.004384191368 0.3290048626 -56.23809589
-0.001043584803 0.3214773177 -55.72428154
0.004212260795 0.3100859743 -54.97153737
0.01782034154 0.27796619 -52.01447702
0.008372513341 0.2912367671 -50.35622589
0.0142834303 0.2737835092 -48.2642093
0.05447388114 0.2252085113 -59.4341662
0.191670928 0.1734792689 -142.0428529
0.2012541416 0.1582224946 -143.5941753
0.1450520464 0.1197505768 -85.1048244
0.1183474286 0.1514743095 -74.95850673
0.1218023162 0.1453494133 -75.76246326
0.06136074973 0.008329895782 38.4331373
0.07297358633 -0.001985385593 31.89320234
0.1568437609 -0.0114741461 -39.47149947
0.2374841065 0.01293229847 -120.8922205
0.2377820751 0.07175567114 -142.3341168
0.2169345629 0.03614441005 -109.3407932
0.1974776014 0.00725554226 -79.94209134
-0.2305850532 -0.1055977001 386.9935181
0.0197422914 0.2549681723 -49.19280689
0.01988310223 0.2549274633 -49.33388479
0.02150174846 0.2547905319 -51.0122737
0.0257311105 0.254612548 -55.53142618
0.03310837106 0.2543935842 -63.59604139
0.03895769077 0.2325177895 -62.02749636
0.0426102085 0.2032754786 -55.30903316
-0.01168895475 0.02648045537 121.0328159
-0.03219076087 0.2721993716 9.242388618
-0.042426023 0.2449891566 31.65074316
-0.06537773619 0.2824545063 45.97281783
