-0.02856264531 -0.03588810413 22.21180414
-0.048048844 -0.01604934182 22.44142724
-0.04997047181 -0.03279683267 22.28605274
-0.03671549016 -0.02918422767 21.55281711
-0.02268846329 -0.03725105538 20.33635253
-0.03256867185 -0.08832175715 22.67078592
-0.02249094504 -0.04957631866 20.0929711
0.001063117329 -0.02195881143 16.19259763
0.01619973144 -0.003571124711 13.33274427
0.03812605831 -0.02821917749 9.361194492
-0.01240279737 0.02208618894 19.06638569
-0.02415271171 0.03578421573 21.41037233
0.01795288662 -0.002237996804 11.36209786
0.02050292688 0.03300451833 10.7272018
0.007866918176 -0.03210260849 15.90662617
-0.0101565767 -0.01799428127 21.30057372
-0.005943291478 -0.05591497667 20.23597736
-0.008836274121 -0.07912624867 22.44762801
-0.009540177874 -0.0706910507 21.97337806
-0.001385518556 -0.02663988653 17.86023827
-0.00607253728 -0.02450547483 19.77023228
-0.01630987374 -0.005834971895 24.01932377
-0.02900263862 -0.01263928829 30.16185748
-0.02147526927 -0.04153452647 27.46224639
0.001321101682 -0.00232972855 5.341094345
-0.005946819713 -0.004813845704 9.192488519
0.008202795036 -0.00136777918 0.9722315761
0.01661590981 -0.007522642153 -3.663017409
0.018710734 -0.004772379253 -4.81459632
0.004042085393 -0.002351169297 4.333601866
-0.000718771942 0.01406977896 7.098921972
-0.01414168356 -0.001345471029 16.40256793
-0.008118460917 0.004128954495 12.00108535
-0.01524428083 -0.001119226014 16.92302921
-0.0175969347 0.01741437941 18.50683922
-0.002913584678 0.02812237608 6.974437425
0.01387240893 0.02588499179 -6.305820567
0.02844763066 0.05598792774 -18.2260168
0.01952883737 -0.07918713186 -0.8181385247
-0.001437136648 -0.005394869728 8.41592154
-0.008474422266 0.01265901907 14.2386073
0.007658639877 -0.003468273382 0.2828196215
0.4540321028 -0.0287131864 -404.4018087
0.03039163496 0.0001803812234 -21.08591153
0.05291296885 -0.0001689098171 -32.53898797
0.04891818221 -0.003808005541 -28.70284838
0.04654615001 0.01425511682 -27.26286427
0.0783252682 0.02017997818 -59.31123821
0.06673778758 0.01550531854 -47.25016087
0.0406085459 0.03752065228 -20.22667997
0.07778776342 0.02470264171 -60.44203719
0.05510056205 0.01652937126 -35.11860719
0.03355858758 0.006478754767 -10.82723869
0.03181583966 0.005426598126 -9.005554989
0.06043088793 0.003713075378 -42.39929576
0.04376073194 -0.004128760719 -22.05749847
0.0269025086 -0.02122019491 -1.029231574
-0.07094480116 -0.008477974595 118.0339417
-0.01168822624 -0.04733483928 22.16755008
-0.02177891346 -0.03560468501 22.16490099
-0.05918652504 -0.01755837433 22.70363695
-0.04213463852 -0.02806921279 21.95871122
-0.02184114571 -0.03179458148 20.20384607
-0.03169720622 -0.02915207244 20.5484078
-0.008662064569 -0.02520557461 17.45124937
0.007547161714 -0.03117640609 15.38803573
0.01859428484 -0.01596662352 13.16274699
0.0349818078 0.007974394095 9.530201603
0.03034972871 0.03462041407 9.172822619
0.00392607085 0.05615844935 14.49985932
-0.00152669491 0.05139652513 16.18041467
-0.03287528543 -0.01726920939 27.30266782
-0.02104982982 -0.05345298464 24.97214222
-0.01226800382 -0.05524635104 22.49479654
0.00815089948 -0.05164790486 14.31358001
0.02748802327 -0.0957037473 8.29364085
0.0249701569 -0.04554980414 7.374807164
-0.005431117221 -0.03422117577 20.00164076
0.005758726221 -0.02981937594 14.53780064
-0.02904509838 -0.008954468481 30.27444235
-0.02000969882 -0.02921913185 26.37791256
0.03881495983 -0.004898415192 -13.90519721
0.005148522567 0.001048026147 3.17831609
-0.003909719535 -0.001318294112 8.124258485
-0.003020464704 -0.005146068484 7.65271663
0.01660757973 0.001184286772 -4.068363449
0.0260676729 -0.001491295253 -9.576386322
0.01622583777 0.0005557431158 -3.469407064
-0.004939846912 0.004054409315 10.15232376
-0.01760290096 0.0007112010414 18.5484835
-0.03016954825 0.004250845004 27.08350594
-0.01705963274 0.01862733937 17.63648708
-0.01109914141 0.01763195697 13.33252303
0.0001678033161 0.01440582591 5.020838339
0.02962300547 0.03475140456 -18.63054408
0.02891077339 0.03494189281 -17.92417606
0.0216774779 0.01882270678 -11.52822135
-0.006722526203 0.01018876506 12.72905842
-0.003650313392 0.00431162101 10.09702303
-0.0002284671353 0.02029426606 6.41551024
0.4458332271 -0.03192862906 -396.7073659
0.0621146308 0.0009069343235 -41.40054396
0.06504164185 -0.001049968828 -44.12021327
0.04813064394 0.00940309366 -28.3207463
0.06887707768 0.02875915033 -50.3387934
0.07602390119 0.01926296506 -57.152633
0.06048069001 0.01756696795 -40.64772336
0.0490737864 0.007723490435 -28.46768405
0.05944004276 0.01354331267 -40.10603462
0.046224887 -0.001420065166 -24.891481
0.0323131889 -0.002499824674 -9.210943981
0.0330300955 -0.003897522125 -10.10923415
0.05238788296 -0.009231093481 -32.4994626
0.04450576441 -0.01219756958 -22.82576699
0.03138840558 -0.01599378958 -6.996185855
-0.03873510016 -0.02010834717 78.48440264
-0.001562784602 -0.03451539305 21.19415718
-0.0009799391272 -0.02447607612 20.88813653
-0.06190737501 -0.003218375168 22.76088814
-0.04565126311 -0.001355140819 20.80562553
-0.0258661786 -0.008989061553 19.77546289
-0.03908509206 -0.01320057057 21.15934867
-0.01860210715 -0.01455736793 18.58741497
0.001783451709 -0.0275988378 16.20815482
0.05976428831 0.0007404312078 4.819749228
0.0578039601 0.03422549625 3.801648204
0.04895016871 0.05442136405 4.313767392
0.01683331393 0.05616195546 12.15350735
-0.02483229305 0.02207452876 24.75831471
-0.06116658193 0.02826804186 33.98088795
-0.0383331219 -0.02221682764 28.70019285
-0.05011291779 0.007328917824 32.25805567
-0.004331608809 -0.03264877902 18.18206831
0.03098640305 -0.02625293877 4.842897919
0.01226438072 -0.01599024062 11.63738868
-0.01240882781 -0.01611914685 21.65307332
-0.07103239273 -0.04003210452 48.32755401
-0.1355976071 -0.354625641 93.63158252
0.001408544495 -0.01648020429 5.457934697
0.01546120741 -0.008918998895 -2.130239847
0.01689818728 -0.01370395938 -2.472251865
0.008839046745 -0.003192279847 1.179045394
0.007031288581 0.01572017843 1.198912237
0.01081204696 0.02256872761 -1.326480698
0.0122340843 0.005985984673 -1.312587543
0.00801041416 -0.004057394365 1.909512688
0.003003937436 -0.008766048351 5.340190548
-0.00516503751 0.01760194143 9.329324898
-0.009765040521 0.01824730873 12.57940143
-0.01824049058 0.07121761192 16.30211487
-0.01381146546 0.02801123543 14.81705914
-0.01314397009 0.02361876956 14.49502546
0.02160738632 0.01732106089 -11.6379252
0.01272030097 0.001251886875 -3.593567756
0.01731049187 -0.007664510949 -7.019410172
0.001849023685 0.01546826781 15.6457118
0.007714598075 0.03070869643 9.462982719
0.03322155112 0.009425261599 -23.1703513
0.3286622181 -0.03716143491 -288.8416726
0.105675048 -0.009491906791 -82.52802667
0.04188141656 0.1304690517 -28.87200436
0.06507180122 0.007168293264 -44.37171405
0.05267235749 0.015385057 -32.84290754
0.07977416199 0.03729254091 -61.39008536
0.04856095531 -0.005028133578 -27.19791522
0 0 -1
0.05305063468 0.002702001456 -32.85285697
0.04201299112 -0.007915004758 -19.95468179
0.03046224078 -0.006772887488 -6.952004303
0.02828058378 -0.01435523794 -3.990121062
0.04388768199 -0.01449016395 -22.11329881
0.04349070339 -0.01389052451 -21.30052792
0.01395075024 -0.01820776325 13.98848174
-0.02105803548 -0.02178105287 56.78201943
0.0195165752 -0.02080784624 19.9516368
0.02287348805 -0.01112224156 19.38666289
-0.06671889535 2.588725759e-05 22.81744891
-0.0463115848 0.002163668896 20.4451449
-0.03340105332 -0.005370826859 20.22549637
-0.237870129 -0.4460928312 75.33259599
-0.02454715243 -0.02474742733 20.16281418
-0.02747886072 -0.06187214463 23.58231046
0.06536707226 -0.02194960305 4.833180807
0.08386107256 0.02071732704 -0.8059144886
0.06561820576 0.03404193573 1.963432573
0.007836389516 0.01982126956 16.70472669
-0.02766059782 0.009438542227 26.42106954
-0.03165522322 0.02119144486 26.622249
-0.04326279242 0.03743404868 28.85609129
-0.1475499132 -0.02050278162 67.39901348
0.02082929304 -0.03789305951 9.647917224
0.02724598239 -0.01656604234 6.359099769
0.001578590272 -0.02742806205 16.75671812
0.0320571312 -0.02908483438 4.173115006
0.007907450411 0.02421802324 10.39099866
-0.04205699199 -0.06707473003 30.24446761
-0.02005913663 -0.01429377586 16.07757636
0.0005022211797 0.007285020306 4.351142492
0.02261072429 0.008700428286 -7.025651543
0.02578667026 0.01979853687 -9.82316233
0.01847727648 0.01159731215 -4.975903868
0.01010320483 0.007693093886 0.1339887517
0.003065168364 0.00135621112 4.777883457
-0.0009043621961 -0.002238191998 7.515685972
0.001272641386 -0.005954700581 6.322725613
-0.004766435125 -0.0002032325087 10.11277521
-0.007080320378 0.01458980878 10.51973899
0.2576248608 0.09918336754 -181.4024004
0.07714952692 -0.009845778791 -40.05486572
0.04019998106 -0.009710060139 -12.33943582
0.005471265143 -0.004788935935 14.18908111
0.0004642954655 0.003946643603 17.2447841
-0.001850375528 0.01201019449 19.1721115
0.00581491963 0.01811968698 12.07954364
0.01133859718 0.00471900643 8.331628742
0.010726479 4.183686198e-06 9.187544804
0.1041628382 -0.008763300473 -86.10875607
0.1555581644 0.03401758658 -132.0752387
0.08137639992 -0.01647718276 -58.32148823
0.04665257434 -0.01311475754 -24.82535979
0.05094763483 0.00205228244 -30.66791322
0.05655837298 -0.006131381538 -35.56710186
0.0478605092 -0.008409628843 -26.51622013
0.05058946563 -0.007555301645 -29.27964905
0.05020511552 0.0009148016073 -29.57372982
0.03989952245 0.007502049884 -18.70094556
0.03324459954 -0.0001019340327 -10.61412013
0.02084660229 0.002859683611 3.201539068
0.05015455006 -0.008926247495 -29.95111237
0.02508290916 -0.005863993436 -0.2166300357
0.003780544428 -0.01929636357 26.12931419
-0.02696709546 -0.008672106856 62.88845506
0.0206272774 0.01048895165 17.16344124
0.03047066647 -0.003852043775 18.220704
-0.04804006932 0.01412969313 20.35533044
-0.0454591318 -0.01699533854 22.17059915
-0.01833720255 -0.01223373485 19.66700063
0.3292902391 0.01898114795 -29.16067202
-0.04444621582 -0.04233536242 24.81588496
-0.09651278284 -0.0782627665 35.57393404
-0.08249704654 -0.01169227728 26.13371066
0.09139508553 0.01384522575 -2.217677589
0.0458961868 0.007996976823 8.497977805
0.004332507012 -0.001761948345 19.10806292
-0.01734883125 0.01409722714 22.96635429
-0.02410061537 0.02301923915 24.1087693
-0.06393068379 0.009328254293 37.76303181
-0.151772127 -0.01191526105 67.90205213
0.02698901695 -0.03243228777 6.420106109
0.03820660989 -0.0372813352 3.444610621
0.004346377339 -0.03429810797 16.66322573
-0.005481576047 -0.04813852554 21.44616734
0.002653526214 -0.02546916397 16.58247241
-0.002495730815 -0.001942940701 6.613670897
-0.0004617729872 0.001166012073 5.310309027
0.007452603118 0.004075270778 1.190313112
0.02009714898 -0.002112360106 -4.667921734
0.01956278776 -0.00477050347 -4.173562249
0.01500047379 0.003063747963 -2.297107099
0.006474937336 -0.0005127782019 2.880982386
0.005664266744 0.001342939965 3.178522183
-0.003253805594 0.003993978944 8.371531434
-0.00680028447 -0.003704402344 11.43290859
-0.001062632062 -0.01505071967 8.775609783
-0.002681882084 -0.004700597705 8.915933563
0.0176527672 0.02256981883 -8.413034002
0.02956207211 -0.003441301513 -5.287002134
0.04099083993 -0.006527053929 -13.15635728
0.02278422012 0.002985650646 0.06501300117
0.008461493276 0.009588054938 10.91015314
0.001513795752 -0.01245488676 18.79964042
-0.005942353095 -0.008061203661 24.53737132
0.003900631221 -0.004172063425 15.5884336
0.05380349214 0.01257004034 -42.15612136
0.0680612355 0.01234729187 -55.10472735
0.1036384883 -0.009427645457 -80.26281674
0.07698991364 -0.01668333976 -54.23231841
0.05343817609 -0.01415206751 -31.70834351
0.05872005401 -0.006500495257 -37.7983432
0.05559783913 -0.002861247731 -35.03806738
0.05568621332 -0.007062533097 -34.67616706
0.05001410789 -0.006170688056 -28.79209812
0.04883673044 -0.006877267316 -27.49840255
0.04153744831 -0.0004896165466 -20.01463429
0.03487476099 0.004982773446 -12.79060477
0.03152478048 0.0166549816 -10.16164754
0.04418698147 0.02405907985 -25.56321444
0.02440326439 0.0280237412 -2.248239023
0.01282751804 0.0194405151 12.22098661
-0.02154080287 0.03575779616 52.63243355
-0.01208215753 0.08775315769 9.400567009
0.02073831083 0.02612785134 15.19477692
-0.04808631203 -0.008115598215 13.63057754
-0.04802354062 -0.06320325566 46.30309255
-0.03715142803 -0.01502798087 21.58552724
0.1665336201 -0.004273945142 -7.868970495
0.05380627661 -0.01099816644 8.583176988
-0.06238759393 -0.06010958244 27.89634647
-0.06489946968 -0.02152941913 23.9563717
0.0610692477 -0.02364131158 8.360008075
0.02945322023 0.04414383541 7.753759288
-0.01921639323 0.03270381144 20.79675574
-0.01946127248 -0.002129660945 25.35452478
-0.01815139539 0.00634143389 23.81554607
-0.04582313118 0.03179207815 29.12850196
-0.1308877005 0.02550845318 57.91162346
-0.119407514 -0.01796835622 56.44141969
0.07786579544 -0.001079123212 -17.19899481
0.04513108192 -0.01901118994 -1.183194747
-0.01194182625 -0.02961788884 14.61557116
-0.003920941655 0.01517314672 5.118356747
0.002886113491 0.01115786535 2.528229534
0.003406749973 0.005775002964 2.929222707
-0.0004682243583 0.006026369881 4.85268212
0.006199818336 -0.002586682082 2.379576577
0.02476054945 -0.01071404532 -6.689316335
0.02435150502 -0.008479831089 -6.474517541
0.003893473118 -0.006393807042 5.158470367
0.007796809295 -0.01288691756 3.346781393
0.0001122993417 -0.004283016671 7.123724244
-0.001239789741 0.007962980872 6.321020671
0.004568976437 0.004666994435 2.606008949
0.0008569339846 0.01395270382 4.034844746
0.5774047691 -0.007786510688 -406.2975499
0.04255475158 0.005889180994 -15.77593132
0.0239135966 -0.0355762258 3.216549275
0.02481404047 -0.0340237998 2.643601961
0.01022177436 -0.04735920746 15.44620312
0.00326161213 -0.03214126586 19.53547301
-0.005711970361 -0.02645982962 26.31972105
-0.01986810779 -0.0003053005841 35.68802317
0.04297629481 0.04663485147 -36.10438973
0.05802479924 0.07680571053 -53.0317636
0.09358274371 -0.01220638548 -70.1946889
0 0 -1
0.06574059931 -0.003881438685 -44.74875734
0.05610951052 -0.003050770244 -35.40630886
0.05127155826 -0.00374456298 -30.47906702
0.05680630869 -0.002516908762 -36.40112518
0.05129945505 -0.000416091564 -30.80506037
0.05678702926 0.003720982289 -37.17944704
0.04960715783 0.002091039138 -28.80536657
0.04244825924 0.0150297522 -22.36708994
0.04375528073 0.01167033845 -23.56465827
0.03706564285 0.01540810437 -15.80936981
0.03443423362 0.02690604618 -13.83354112
0.0257952985 0.02430102383 -3.501700332
-0.01939550947 0.03030064185 50.67738333
-0.04785179887 0.1719679841 -0.7515419577
-0.04345410286 0.09236604482 9.689729712
-0.02280376018 -0.01804264384 38.53334899
-0.03971131504 -0.01921987362 39.65661032
-0.0597505028 -0.04999688694 45.2189199
-0.04760036856 -0.08041610927 48.53715277
-0.05626224484 -0.07611255673 48.58884083
-0.05434471523 -0.03899926451 43.24134363
-0.07301098863 -0.0273224473 44.6936845
-0.08517160331 0.02546939042 39.64930122
-0.06915535178 0.1061522678 23.46168724
-0.1324379621 0.08441580526 40.29308159
-0.04244698336 0.0450585288 26.09930567
-0.03029900826 0.033918266 23.83293563
-0.03763831296 0.02091807429 27.9817321
-0.06272749962 0.01496945794 37.27648971
-0.0147984544 -0.01557625084 18.92401437
0.07671672166 -0.0156666481 -14.72799414
0.03675418677 -0.01382259428 1.775743005
-0.0331482077 0.04496230341 14.09751865
-0.07371872666 0.1164231419 21.64744272
-0.02447623626 0.06898778481 7.371375305
-0.008488159791 0.03541294363 4.626302166
-0.0195565853 0.03921931828 9.76138998
0.006162277926 0.007980599632 0.9200794401
0.03217248557 0.003568946849 -12.67717206
0.02036725665 0.01984307903 -8.225528312
0.001402289068 0.01090550312 4.084464601
0.002103277203 0.0134792047 3.167997849
0.01110251688 0.002799338615 -0.9688559951
0.01546006553 0.01399671164 -5.656021415
0.01274073719 0.02653445579 -5.680060123
-0.01750677063 0.02966582635 15.06787204
-0.01230502404 0.02895310734 11.5258708
0.03506939809 0.01038426239 -10.63121004
0.01340765203 0.010223941 5.317142953
0.01645649687 -0.04867973602 10.26937569
0.02739483405 -0.05163999505 1.740639387
0.00907938138 -0.04352636668 15.92794271
-0.003449933598 -0.01924679983 22.90302542
-0.007308488496 -0.02243907153 26.77192734
0.05069932301 0.1224159534 -52.9806662
0.1196362719 0.08767593858 -109.9887566
0.1108589002 0.004154463498 -88.83592635
0 0 -1
0.06926394204 0.001421792589 -48.57361978
0.05418431434 0.003034143695 -34.20292108
0.04571694012 0.008129182619 -26.4147912
0.05634611432 0.00228582733 -36.6316871
0.05086395924 0.001760766353 -30.51478981
0.06354989461 0.00698705687 -45.00694376
0.04820053602 0.01490605589 -28.9627081
0.0471554669 0.02194523207 -28.821406
0.0419979552 0.02034418254 -22.74724522
0.04856625998 0.01226723587 -29.20015597
0.03022662901 0.01762586388 -7.609250905
0.01783165122 0.02277227979 6.562941697
-0.01804058243 0.0368347813 48.28803323
0.07704469756 0.1697428987 -0.6190161964
0.7450981907 0.07710237046 -9.828137589
0.00590178589 -0.0005475018277 33.97683801
-0.05504394743 -0.0126133399 39.79433245
-0.07737472273 0.00738628468 37.78143533
-0.08737309387 -0.01395986814 42.25370061
-0.04974457584 -0.01742211842 38.4915343
-0.03392188008 -0.03105445032 38.65327655
-0.07701335741 -0.01933971033 44.33157363
-0.08167032158 -0.01391623871 44.21336658
-0.06246350985 0.03617284509 31.98083673
-0.01921713857 0.03769724421 21.15089871
-0.0569335348 0.01097910769 35.21790212
-0.04783525029 0.006148614525 33.30612265
-0.03567218311 -0.00457346175 31.14368433
-0.01401399447 0.004218428499 22.68580201
0.009626259432 0.02819179504 2.936205552
0.05878255213 -0.01173136325 -8.844370168
0.07836686155 -0.0164264011 -14.71018866
-0.05624873667 0.1082922986 15.86178559
-0.02236810628 0.09118652471 4.137140795
-0.04691396519 0.05901204824 20.78846941
-0.03231088637 0.08059537879 9.710946619
-0.04985154172 0.05722174498 22.17678718
-0.008577999053 0.05630025192 1.061387445
0.04777810165 0.07971912167 -33.01487376
0.01616761644 0.07858655272 -15.33160813
-0.03644226814 0.0688221815 17.02804427
0.007835536131 0.0227253342 -1.81610893
0.01165679098 0.02672653792 -4.599363395
0.0200984871 0.03526780859 -11.86744743
0.03486561161 0.05706847793 -25.18302947
-0.002708359835 0.0406431275 2.917833101
-0.0153586211 0.02950607365 13.52104283
0.06804483657 0.008190630953 -27.18227364
-0.01523277333 0.02357889767 32.7937778
-0.02705736273 0.05338483646 36.96052259
0.03275457706 -0.003955870523 -10.26325035
0.03205846862 -0.002345107095 -9.378425381
0.01814344249 0.02080425088 -1.584087087
-0.003215020196 0.02737246377 15.36614797
-0.01372635624 0.06062329303 19.82682332
-0.02587102417 0.1365526264 17.86556921
0.0265741719 0.06036128718 -18.53923521
0.07086904537 0.01461546899 -51.40375438
0.06139031413 0.01085105401 -42.46017397
0.05412935642 0.01008196491 -35.22319777
0.05809327347 0.01465188485 -39.85600004
0.05444324062 0.01800558815 -36.73414633
0.04920120756 0.008479864687 -29.63516537
0.05878732159 0.00541503229 -39.64636638
0.07803265934 0.004317089141 -60.37060612
0.05232983514 0.04450034095 -38.11713531
0.04080425649 0.05592440881 -26.72882699
0.03669988915 0.05311454208 -21.5177985
0.03858346872 0.01396773747 -17.33075691
0.02355868007 0.01376399176 0.7877563655
0.008224680241 0.03841459177 15.47570884
0.08650243815 0.08238015889 14.66030339
0.11438926 0.06333051826 17.71239812
-0.00671804246 0.009106237041 33.32406136
-0.05828383121 0.002019174636 37.57434336
-0.06729588117 0.003524743477 37.81652386
-0.06232233707 0.01946223176 34.36519142
-0.07041436588 0.01714212827 35.92772558
-0.05021869739 0.004498966848 34.78455996
-0.06014803832 0.001955529102 37.47145091
-0.07755576717 0.01871428471 37.49409702
-0.05484798571 0.01609421134 33.13810981
-0.0452780772 0.01364563583 31.60315073
-0.06439221013 -0.004513655384 39.98566543
-0.04769494261 0.004575404187 33.24537873
-0.03455183379 0.01010845432 28.17963583
-0.06803907973 -0.007092445276 42.51517147
-0.0444643831 0.08176513817 14.03554878
0.01890703225 0.02790189107 -0.3926772209
0.06823461954 0.006740581929 -14.60973565
-0.02437793867 0.08860821053 5.237389073
0.01080219347 0.07489155681 -8.093415934
0.1011475388 0.1785831612 -67.18173488
-0.01908322007 0.07194752302 11.7969246
-0.02663494516 0.07779039734 14.62266338
-0.2643933828 0.2564289598 102.355548
0.01378175733 0.1167668379 -19.33350507
-0.01543336959 0.09553441958 1.634643999
-0.06115728256 0.1415684611 19.0994002
-0.05197602776 0.08998288127 22.58584298
0.00973018718 0.04427601684 -6.890397014
0.06708203358 0.05832529721 -47.43469519
0.1179063455 0.1233992777 -93.0147326
0.1510785748 0.1066463742 -112.2285614
0.2295774297 0.05206124704 -153.3955683
0.103663583 0.01007262634 -53.67885239
0.002320687615 0.01957325259 20.30575973
-0.03865397917 0.06354879137 43.95262431
0.00260951083 0.0266444848 18.45313919
0.0240989018 0.02068139161 -6.721703549
0.03526450458 0.0291195825 -17.54952732
0.02281711738 0.04434292925 -9.117439545
0.01509877529 0.08050331304 -9.36286002
-0.04063549538 0.0760205247 42.43179537
-0.002160531453 0.02207697067 14.75527996
0.0604129 0.03265736627 -45.31463987
0.05970623916 0.01144629465 -40.98242951
0.05853133308 0.01178374302 -39.83841871
0.06985388027 0.02867645101 -54.11946696
0.03689134336 0.01340187159 -17.36964473
0.05435424556 0.00306001683 -34.02483338
0.05438612186 -0.001564914457 -33.6498924
0.08636307216 0.0007954231243 -69.11505426
0.0868259234 0.01287642798 -70.98182216
0.05361938348 0.02466853956 -35.07973074
0.008459464043 0.02700171711 16.25934628
0.02439387653 0.00248099267 1.730980145
0.04081034177 0.009665865028 -19.4725109
0.05324119918 0.02419436684 -37.5274063
0.05392888453 0.03498410371 24.12310331
0.07222790325 0.02060358411 26.77892857
0.01850851241 0.003062176837 32.85731097
-0.04025727938 0.01162559004 34.63672621
-0.06247738662 0.01127271148 35.90599316
-0.05300799766 0.01069056872 35.07997274
-0.07023708189 0.01623939059 36.23483445
-0.04807406388 0.0112900668 33.42668824
-0.06294550342 0.009127662349 36.71211017
-0.07208676747 0.01149860594 37.67592709
-0.0486886331 0.03236583265 28.62538423
-0.06216804039 0.007829936439 36.8428037
-0.06142000154 -0.000632562174 38.23079395
-0.05412282781 0.00893769677 34.31578178
-0.04652364418 0.01153684621 31.47447919
-0.08011881913 0.02294136861 40.43941594
-0.1161597599 0.0464318352 47.56949905
-0.06601192065 0.03268887471 31.50201454
0.0303061187 0.04607032833 -7.37334012
-0.06317601931 0.04026946534 32.38103236
0.05507178309 0.1327042826 -36.83123376
0.06786790976 0.125473198 -40.96464697
0.009842024221 0.07875611728 -2.984889855
-0.03218378117 0.06610251012 20.10335646
0.0008666137999 0.1912679636 -27.56876868
0.003624290365 0.1771963813 -26.38846686
0.004980507731 0.1811583033 -27.75394579
-0.009788236301 0.2211033539 -27.83682847
-0.001992724718 0.201298079 -29.22563125
0.02000008159 0.3135790473 -66.14232491
0.06940856076 0.1959192282 -74.7262067
0.07946453447 0.1637098443 -74.83323566
0.2617615154 0.05910653004 -178.9899008
0.2446459232 0.03209946839 -160.3665517
0.01188053293 0.006440350195 15.57156508
0.01094048385 0.005908211524 16.40655017
-0.004983493308 0.01078916254 27.6227534
0.007479980785 0.006818246124 18.50161214
0.02707924983 0.02959392623 -11.05597309
0.04647177803 0.033368988 -28.02162453
0.05042310224 0.03832565474 -32.09806264
0.05879168876 0.06882955617 -45.50979257
0.07454380575 0.08194494481 -62.24527328
0.0897617547 0.03780061964 -66.94788515
0.06636221732 0.06003936152 -49.2777787
0.05063316581 0.07394151647 -37.08892871
0.04394886603 0.07559480352 -30.39865548
0.05958741817 0.2114143898 -74.61896563
0.04600974648 0.2899030839 -76.6287835
0.04592508504 -0.01363394117 -22.037962
0.0472861605 -0.0231514256 -21.80602174
0.07556626543 -0.03088561426 -51.32027355
0.09484597021 -0.01017363687 -76.33573601
0.06296056041 0.04750097898 -42.35736507
0.09336295566 0.04236994109 -77.21508645
0.05619802347 0.06829607917 -38.84485991
0.04047652527 -0.01557776517 -14.43939543
0.03033496185 0.4928727453 -102.022493
0.04038718611 0.02768630707 25.83141856
0.04545437665 0.02111751102 27.14973608
0.01507629893 0.002489389906 33.2890649
-0.04575903781 0.003950814737 36.66846502
-0.06803176655 0.01460519828 35.68409528
-0.0596154693 0.005203548763 36.84507128
-0.05384989313 0.01640977267 33.9921128
-0.07353911818 0.0226600302 35.53972488
-0.05961562779 0.01086029117 35.57154974
-0.06317683999 0.006597017611 37.20021859
-0.05369245199 0.007434799838 34.79032776
-0.05850269689 0.01192982326 34.85783853
-0.05905538985 0.0238592897 32.32386597
-0.03094303367 0.01782212319 25.37827601
-0.01889290232 0.07237489913 8.983947601
-0.02003959962 0.1204170254 -1.910751194
-0.03391952729 0.1818764987 -11.46797769
-0.001165610752 0.2661246664 -42.52783545
-0.001883503722 0.2259969672 -33.31197212
-0.00131266292 0.1150662181 -8.889678935
0.01359337103 0.1963290818 -33.32326177
0.04013657661 0.1057836226 -23.91773916
-0.0130841458 0.09697985968 3.426676242
-0.05686507356 0.1340436922 16.43176685
-0.01806681841 0.2828884566 -38.35953869
-0.002541881316 0.2777247406 -45.04016753
0.01460532313 0.2709443733 -52.89562929
-0.008909220342 0.2839223747 -41.934063
0.0114318394 0.3153903265 -61.33663833
0.002872018541 0.3166347643 -56.30222497
0.01231525551 0.3073791309 -60.35235037
0.02375609359 0.2808646737 -61.834217
0.03481624784 0.267362462 -66.17155945
0.2553048634 0.003299422456 -162.2027509
0.00715150799 -0.01514697636 23.55526299
0.002661941525 -0.001666154379 24.16881585
0.009634029167 0.0005074374002 18.18571802
0.006997957722 0.02963157158 13.02464377
-0.01419728861 0.3015812384 -34.7317414
0.02095256427 0.3005742267 -64.1462251
0.03988471647 0.2570885048 -70.61167037
-0.04503569474 0.2291643338 11.51742112
0.06771483534 0.08102482758 -56.22485773
0.07238341351 0.03999645223 -51.30358783
0.07093193751 0.02927920353 -47.26384765
0.05838521096 0.02874879701 -35.08197847
0.07480092142 0.0224098428 -50.00557588
0.08966688656 0.007093193308 -61.6785353
0.07546129618 0.004644909971 -46.46548328
0.07763328142 0.009644196579 -50.01766013
0.0777371407 0.005562072072 -49.26729469
0.07366799322 -0.003847627922 -42.6932432
0.06995237481 0.01588612965 -43.17073714
0.06594896889 0.02798392908 -41.2597858
0.06529657121 0.04081871014 -43.50591992
0.0740764746 0.05952913236 -58.17605556
0.07803325497 0.03857536187 -58.21132004
0.0468990162 0.07089541776 -27.70654241
0.03603908219 0.02753103226 25.9429615
0.03703618416 0.02402521316 26.79783081
-0.008080035513 -0.002427709371 35.77967199
-0.0488423647 0.006206944057 36.2685118
-0.05539737299 0.01109366336 35.4002749
-0.05864273186 0.01583186832 34.2939085
-0.03883136273 0.0102581311 33.21025832
-0.05712582426 0.0258295588 32.63887352
-0.06579129498 0.02192629113 33.93062237
-0.06465092421 0.02927497586 31.82274209
-0.05619310901 0.01411210485 33.84196481
-0.03607002452 0.07337605966 14.44474233
0.002801027835 0.1490894412 -14.94227631
0.003383942068 0.2129770464 -30.98303704
-0.004436579184 0.265679337 -42.18427246
-0.01343071263 0.2199576948 -27.48331037
-0.01618224081 0.2325489511 -29.5629726
-0.01171655844 0.2553637537 -36.30416244
-0.01133340571 0.2515277002 -35.30055682
-0.007864037062 0.2434058579 -34.84552779
-0.007939444561 0.2532692959 -37.31871068
0.01790650453 0.2522851405 -48.79921414
0.01807669403 0.3316308432 -68.81511488
0.01609404415 0.3322938482 -68.0449375
0.01789214188 0.3175596794 -65.16992051
0.009333911431 0.3163636598 -60.33015286
0.01414718263 0.3087193306 -61.22137815
0.005830699446 0.315262496 -57.82388658
0.004062206413 0.3144169129 -56.3126827
0.004708807097 0.3175805989 -57.77444246
0.005517763392 0.3255336349 -60.25849412
0.009832998013 0.3115255369 -59.57777215
0.01410284767 0.2974069098 -59.06231743
0.02957934597 0.2906037521 -68.20329855
0.01544443665 0.3110974442 -63.20911246
0 0 -1
0 0 -1
0 0 -1
0 0 -1
0.02668871213 0.3020494246 -69.66848516
0.02836507801 0.2857158569 -66.91995543
0.01743141594 0.3034587815 -61.47400048
0.02113015096 0.3227788598 -69.63032828
0.02567052677 0.3142664914 -71.87045226
0.01524467451 0.301047338 -58.43282962
0.01786370699 0.2939285648 -59.33277344
0.05302547466 0.2421640921 -81.3011742
0.0503561801 0.05922367415 -33.71250763
0.06382799811 0.04471899075 -44.0172377
0.07069874569 0.009833480848 -42.73886856
0.08564095579 0.03668673893 -65.70727323
0.08195352743 0.01791152699 -57.28566285
0.07225155254 0.03105947067 -49.66776949
0.06453728098 0.02598505171 -39.50774179
0.0734348815 0.02010444501 -48.43679759
0.07416162775 0.02198357758 -49.70299633
0.0829665808 0.02349001651 -60.75468156
0.08259263477 0.03511090644 -63.0576928
0.02467582161 0.02428187899 26.93603365
0.01978710508 0.01733013324 28.97740284
-0.01216217542 0.009783370037 32.9703569
-0.04434553643 0.01981676384 32.13914071
-0.05719349815 0.0418789047 27.01781611
-0.04664879618 0.00682977127 35.3470329
-0.04065764596 -0.03438006042 44.88065345
-0.05236958583 0.03818937816 27.5467154
-0.000989236705 0.1338272401 -7.145849598
0.0007573304099 0.1756264161 -19.33574893
0.004844068978 0.2828626631 -48.90704318
-0.002872409942 0.3057111406 -53.5135929
0.007110229791 0.2856831192 -51.18811447
0.0006413740733 0.264163458 -43.61626281
-0.005266030689 0.2726218724 -43.83151287
-0.005820215383 0.2745525039 -44.06690206
-0.002972943211 0.2644658451 -41.98778807
-0.005977033454 0.2729569412 -43.31038783
-0.009033467067 0.2725894398 -41.9090849
-0.006761939917 0.2676373403 -41.46212434
0.01534214327 0.3231017607 -65.68357902
0.02370271778 0.3372211761 -73.0345707
0.01824309278 0.3299142601 -68.51003034
0.01722640631 0.3180692914 -64.72815457
0.01241603022 0.3293954922 -65.32801802
0.01337827639 0.3254609067 -64.68485083
0.01097379037 0.3281871299 -64.08477297
0.002603126527 0.3301552923 -59.65257733
0.006234683283 0.3246589752 -60.41237553
0.000372862242 0.3252311608 -56.82715084
0.00853168377 0.3229687995 -61.54749321
0.005075995102 0.3227493602 -59.13744627
0.009558520964 0.3178978479 -61.03951544
0.01732652391 0.3122519822 -65.12603737
0.02749619323 0.3056230098 -70.76554823
0.01911117488 0.3091801893 -65.3725417
0.02117315434 0.3044921625 -65.81793678
0.02131771723 0.3018924934 -65.0366202
0.02745405359 0.3105030232 -72.45019268
0.02375532472 0.3066212086 -68.42371215
0.0210695536 0.3020773267 -64.87174284
0.0273338477 0.2918886607 -67.60979821
0.02819727437 0.2920413102 -68.4094736
0.03763023857 0.2785306512 -73.49801476
0.02709217701 0.2924714999 -67.31793137
0.01288873471 0.3085996209 -58.11071979
0.02307059161 0.3059762752 -67.30486979
0.01614180687 0.3068495816 -60.47743478
0.01552768509 0.3330800383 -67.03438761
0.02028161547 0.3388512066 -73.61303753
0.01956787868 0.305155147 -63.92400235
0.02451740804 0.2307907189 -49.05414098
0.07011768383 0.1150146458 -69.16804262
0.05551281294 0.04748201038 -34.80681128
0.06066243608 0.04535477712 -40.08999817
0.08086523577 0.03424853644 -61.16635236
0.08912823345 0.05462425155 -76.84106602
0.1017231886 0.03755594103 -87.50258369
0.02321998771 0.02223521774 27.52332589
0.04189092774 0.01905503937 27.26442896
0.006975861862 0.04778423157 20.96388439
0.01461360327 0.1038518667 3.870276822
0.005204875027 0.1557967543 -10.58501103
-0.01739799303 0.2437170086 -34.46894019
-0.0153803308 0.2793874018 -45.01702419
-0.00479422126 0.3139931165 -57.02615347
0.01622353805 0.2877407104 -53.30934008
0.01924522487 0.2461237642 -42.18743645
0.03442302966 0.281112327 -55.05031387
0.01282178781 0.2877647808 -51.68281874
-0.008119847108 0.2980428218 -49.55600025
-0.01328096433 0.2888302808 -45.52139154
-0.01273027477 0.2803609044 -43.29632955
-0.006678074132 0.2862643754 -46.90443973
-0.004239707621 0.2892072241 -48.55338119
0.01511362267 0.3144559405 -63.09461518
0.02280670881 0.3335997602 -71.51132739
0.01512155724 0.3327171158 -68.20301335
0.02211695378 0.3402965433 -73.20769546
0.0188001696 0.3372696847 -70.84821895
0.01702653526 0.3400625112 -70.772462
0.0178045686 0.3365721703 -70.22078057
0.01713778712 0.3325836249 -68.67997833
0.014066367 0.3330651607 -67.19990658
0.008232147492 0.3221584914 -60.67919788
0.005630550648 0.3206924538 -58.78767894
0.003807317443 0.3200702319 -57.42739199
0.001441088309 0.324165651 -57.17460322
0.008356846939 0.3294471086 -63.20371245
0.007474933315 0.3237347017 -60.93745185
0.006948706125 0.3227989117 -60.30494847
0.002506489426 0.3256515542 -58.02695229
0.006414446258 0.3220912172 -59.84351936
0.01845428738 0.3080546678 -64.68636669
0.02324409902 0.3027305794 -66.85095471
0.02400464365 0.3074717048 -68.86533864
0.02594418898 0.3020165577 -68.91332038
0.02665518922 0.3061933505 -70.68002024
0.02635121228 0.3033078309 -69.63954927
0.0208871925 0.3111687612 -67.07143741
0.01720837141 0.3095547574 -63.31279485
0.02802766375 0.3004355898 -70.77334432
0.02406553324 0.2910290963 -64.32509663
0.02609314328 0.2891960585 -65.7007374
0.02817484099 0.2834078868 -65.88756517
0.02084235088 0.3015508663 -63.67021787
0.01693664738 0.3153267123 -63.35935889
0.02109489047 0.3180876489 -68.74770351
0.01262563916 0.3227073697 -61.00334356
0.005234323647 0.3195148205 -52.29158177
-0.001906511344 0.3287918074 -46.70683952
-0.001177323144 0.3171336279 -44.24861715
0.036603329 0.2871112317 -79.19770681
0.05677470803 0.3186871151 -112.4474179
0.03583234046 0.1208524321 -30.27293815
0.04892491038 0.05256951598 -26.45918575
0.02321998771 0.02223521774 27.52332589
0.3125901835 0.05277265905 5.230383279
0.05417693982 0.07609816485 9.916407099
0.03733332257 0.1278113275 -4.527819782
0.02072766304 0.2397229421 -36.87284154
0.01942415971 0.2994887426 -55.46142071
-0.01999111679 0.2677572474 -40.37697334
-0.01264136121 0.2905168674 -48.51071918
-0.00340117715 0.2772810732 -45.7449908
0.004644454634 0.3001013277 -54.47901911
0.009795882707 0.2773036708 -48.24172262
-0.002821915304 0.2685778691 -42.3943163
-0.007978626653 0.267439323 -40.81660783
-0.008819491732 0.2799393469 -44.41871278
-0.01025372634 0.2867579001 -46.0279231
0.003221907118 0.307607686 -56.76530118
0.01010478051 0.318517424 -62.297126
0.02689338694 0.3346393569 -73.24304352
0.01645905111 0.3252816038 -66.26149797
0.01942266366 0.3346241236 -70.33276437
0.02465047635 0.3384333129 -73.87836112
0.01827736 0.3352687414 -70.02273389
0.0150705508 0.3242058338 -64.9412234
0.01498326594 0.3288406495 -66.41585446
0.01128465357 0.3265765828 -63.78078881
0.01146433621 0.3295099463 -64.70455204
0.002171968496 0.3248425463 -58.09133964
0.008140784547 0.3257182193 -61.88276379
0.006941899416 0.3234464698 -60.51118578
0.00848399809 0.3309106409 -63.73248889
0.004105249698 0.3303566444 -60.79107386
0.00304667071 0.3260676538 -58.72965681
0.002366277862 0.3299828326 -59.34292303
0.009842642739 0.3332204995 -65.6563868
0.01104658224 0.3262188171 -64.37683696
0.004937105368 0.325974672 -59.87462866
0.0181453932 0.3135686177 -66.24230879
0.02184635775 0.305721967 -66.64752111
0.02304478996 0.2996670371 -65.72642353
0.01800992394 0.3004966039 -61.66644989
0.02580919392 0.3036776758 -69.31570892
0.02506741041 0.3053913116 -69.13805789
0.0251069565 0.3111883677 -70.95905599
0.019535402 0.3140156369 -66.70477937
0.02526633798 0.3059357791 -69.83152036
0.02467657136 0.3139038085 -71.771946
0.02027485865 0.3000299646 -63.23828267
0.02770120571 0.2910204768 -67.99727883
0.03046339595 0.2795059806 -67.20689787
0.02656523007 0.28116868 -63.50521397
0.02927479245 0.2717497089 -63.37708005
0.01149635708 0.3176932468 -58.16633464
0.006517651625 0.3296848457 -56.35102131
0.01815354306 0.3323763501 -70.69037758
0.04280307561 0.3277617528 -98.33012942
0.05703914724 0.3175313641 -111.7232019
0.07530848599 0.2871700065 -124.1607775
0.06199662588 0.2641029985 -100.7412106
0.0003038079652 0.1826456625 -10.4995953
0.3709324034 0.05652707361 2.167792347
0.00142430599 0.08874195367 17.76082553
0.01098014701 0.1146134592 8.460112093
0.004682329912 0.2469407055 -35.39819044
-0.01661989893 0.2831356884 -45.32309514
-0.003060701077 0.2863015467 -48.30824121
-0.007340778551 0.2826972847 -46.1050941
-0.01185889952 0.2825908297 -45.45319946
-0.005780714486 0.2824135662 -46.46565643
-0.002375368261 0.2836748217 -47.66931931
0.0006777478705 0.2846167173 -48.63134228
0.0001520113557 0.2908414249 -50.7481928
0.01657013133 0.3069111218 -60.66383084
0.02655516852 0.3261671006 -70.1180743
0.01895767133 0.3317865373 -69.46350595
0.02060389915 0.3350238837 -71.1344302
0.02690713964 0.3323172701 -72.52324594
0.01996373732 0.3320829651 -69.71608663
0.0152124995 0.3306361098 -67.32576196
0.02377114434 0.328317468 -70.23801466
0.01387805564 0.3227144044 -63.86177187
0.01831451843 0.317580331 -64.17266809
0.0131554837 0.3261895841 -64.62109298
0.01375733496 0.3236592265 -64.08052486
0.009954177037 0.3226532003 -61.72910315
0.009829513954 0.3225633357 -61.68778949
0.01448131372 0.3177221235 -62.83487798
0.00630713125 0.3307599269 -62.28221739
0.009653841523 0.3305578013 -64.39868164
0.004669497669 0.3252762194 -59.41667783
0.004894508211 0.3297693073 -61.11629295
0.008394030927 0.3267257283 -62.47675325
0.00380419563 0.3228017283 -57.79875965
0.004831462929 0.3208253913 -57.95360123
0.002465753697 0.3276211888 -58.47447578
0.008666426825 0.3197893254 -60.57445666
0.01178228246 0.3184555247 -62.78596626
0.02635570797 0.301274181 -68.93087786
0.02602755564 0.3020836937 -68.83617904
0.02276603268 0.2947455248 -63.64238578
0.03133783624 0.3020810606 -73.70870935
0.03143824799 0.3047211278 -74.70173509
0.0252134008 0.305921617 -69.32953548
0.02055277885 0.3113576196 -66.74461617
0.02215457117 0.3133938366 -69.04743058
0.01568314291 0.3268096798 -67.17634686
0.01374254916 0.3234679608 -64.09257693
0.01437382153 0.3128522801 -61.21232332
0.01332524051 0.3018323255 -56.46749483
0.02315523967 0.2858637401 -61.81609443
0.02516543136 0.2634549619 -56.30245013
0.0334046252 0.2642754573 -65.3948727
0.03693424198 0.2715956168 -72.19010262
0.04150442188 0.2913791197 -84.37957981
0.04373124006 0.2769416979 -82.35023656
0.03438139291 0.2771606414 -71.02358147
0.03462687756 0.2626742808 -66.53037713
0.0002182664872 0.1827661278 -10.53955428
7.26553411e-05 0.1825067939 -10.43946314
0.02152557141 0.03589064958 34.38559204
0.03562661916 0.02264289658 38.03554647
-0.01648231805 0.2329010016 -27.47291486
-0.005055985962 0.2655037779 -40.85765003
-0.005545040903 0.2490529312 -35.03125177
-0.00308113965 0.246246284 -34.41888895
-0.004792972079 0.266501141 -41.2386148
-0.001598498151 0.2791327142 -46.48766687
0.005511409597 0.277253202 -47.31233395
0.01050482997 0.2922412984 -53.856208
0.01804681942 0.3116381977 -62.54364142
0.03051412352 0.3187617583 -68.50855368
0.02918172132 0.3260855612 -70.62517394
0.0274631635 0.3283317243 -70.96318727
0.02140016106 0.3327784096 -70.58629334
0.02319327972 0.3296852303 -70.16701887
0.01897665242 0.324157895 -66.61732994
0.01998866926 0.3343567315 -70.61452851
0.01821791618 0.3262265478 -67.12375065
0.0159439166 0.3180265749 -63.20084456
0.01900806113 0.3205533213 -65.52466572
0.00786818249 0.3211444711 -60.19929908
0.01025359051 0.3175663502 -60.08650636
0.005922301554 0.3135753261 -56.30457937
0.01274106779 0.3190607488 -62.09291888
0.01266461022 0.3246137095 -64.06476878
0.006554313014 0.32237898 -59.62566829
0.007292224421 0.3286454319 -62.27037926
0.006659412369 0.3196209512 -58.67842551
0.005171877083 0.3257528013 -59.8638336
0.008216950281 0.3262571931 -62.0868542
0.001940400402 0.3219865426 -56.16250471
0.006678167206 0.3184115354 -58.35587521
0.006786692449 0.3232369435 -60.19094672
0.003243166471 0.3300343721 -59.84853111
0.00188730951 0.3230550067 -56.33136346
0.01027892438 0.3122987596 -59.37041952
0.01900710202 0.2889493351 -58.45053867
0.0292620021 0.2934138852 -68.90714388
0.03028546301 0.2958701128 -70.51874655
0.026405248 0.2927403193 -65.90683713
0.02332135899 0.3002265349 -65.62466807
0.02673366146 0.2985267677 -68.21847043
0.02481674574 0.2964229753 -65.68388075
0.02389494749 0.3110823642 -69.98452388
0.01889438928 0.3136038042 -65.74179471
0.008754275338 0.3203263403 -57.71268107
0.01021635136 0.3198085677 -59.12956919
0.02294762576 0.3172577405 -72.33930197
0.02429849695 0.2867561877 -63.26989965
0.02426001913 0.270139207 -57.50142425
0.02630060188 0.2659547005 -58.34576006
0.03415245549 0.2477835481 -61.26722007
0.04242421891 0.2449230233 -69.61234109
0.04448150406 0.2624310534 -78.41142574
0.04694026808 0.274871735 -86.07563183
-0.0001111834186 0.1830046541 -10.62009598
-0.0003650984856 0.1823806562 -10.37991443
-0.001624613414 0.1813948728 -9.954935602
-0.01110594835 0.1981148226 -15.3536007
-0.02530076793 0.2200850731 -22.26454641
-0.014467706 0.2151955068 -21.59150407
-0.007424143048 0.245671916 -33.62835277
-0.004697369342 0.2543168037 -36.86438067
-0.00873698644 0.2522825657 -35.41552313
0.0005161090749 0.2562677861 -38.6982192
0.01767020592 0.2602524952 -43.97114296
0.01565031877 0.2726032054 -48.03723575
0.03478286714 0.3030199658 -63.99496125
0.02615276865 0.3056819321 -62.422095
0.02900362124 0.3024519447 -62.21728846
0.03296675107 0.2978683548 -61.88007684
0.02208436585 0.3210196209 -66.62970945
0.02020322638 0.3129519437 -63.00413815
0.02274069598 0.3113571506 -63.43535391
0.01627195669 0.3272142244 -66.52234818
0.0119880108 0.323986262 -63.55768731
0.01687626019 0.3184577977 -63.71882624
0.01651364148 0.3145855231 -62.16929598
0.01226035492 0.3157942774 -60.48750936
0.005461307607 0.3044768894 -52.80494731
0.009126733719 0.3027585939 -54.2088348
0.007783195014 0.3016932507 -53.01941861
0.01109749583 0.3050061133 -56.11561431
0.006116029648 0.3179883516 -57.75737745
0.0063582701 0.3026722599 -52.37893854
0.008854025067 0.3148963638 -58.4688662
0.00847274255 0.3183398757 -59.49132434
0.003056774093 0.3145752016 -54.28091712
-0.001670961085 0.3039446455 -47.08542816
0.007876977812 0.304106788 -54.19291243
0.008715386367 0.3110422358 -57.25611643
0.002181673586 0.3173915697 -54.47320824
-0.00112654521 0.298804012 -45.17751243
0.01392646098 0.2919506246 -55.04582641
0.006986517453 0.2869678056 -47.47581183
0.02814334231 0.2614355708 -56.48513453
0.03604243081 0.2805184148 -70.2017429
0.02836995602 0.2825965849 -64.04374221
0.02373516448 0.2799306662 -58.83314768
0.02782242005 0.2575765133 -54.63390301
0.03257111294 0.2727481699 -64.86718116
0.02607434171 0.2936321242 -65.91997007
0.01778079586 0.2882093199 -55.5582792
0.009426946174 0.2955805121 -49.55752958
0.008332737356 0.3121525528 -54.4977699
0.01048261245 0.3006259371 -52.71172025
0.01018056203 0.3134940026 -56.91766381
0.002265557786 0.2658297463 -30.90920725
0.02109661593 0.2583308325 -49.51067897
0.02967057642 0.2552636866 -58.31200882
0.03037431253 0.2169482954 -45.26342525
0.04831920637 0.2394742513 -75.132699
0.05394261599 0.2596117367 -89.35415737
