0 58 3
0 2 3
2 3 3
3 4 3
4 5 3
5 6 3
6 7 3
7 9 3
9 68 3
11 68 3
11 12 3
12 14 3
14 16 3
16 17 3
17 75 3
75 78 3
78 134 3
24 134 3
24 26 3
26 28 3
28 29 3
29 30 3
30 32 3
32 33 3
33 34 0
34 36 1
36 37 3
37 38 1
38 40 0
40 41 2
41 42 3
42 101 3
44 101 3
44 45 0
45 47 0
47 48 3
48 49 3
49 50 0
50 51 3
51 53 3
53 54 3
54 113 3
57 113 3
14 70 3
2 58 3
30 31 3
31 32 3
24 81 3
16 73 3
53 111 3
113 114 3
12 69 3
57 114 3
7 66 3
9 66 3
14 73 3
110 111 3
14 69 3
45 103 0
45 105 0
53 110 3
47 105 3
7 65 3
65 66 3
78 135 3
24 83 3
26 83 3
36 93 3
103 105 3
75 77 3
34 93 1
38 97 0
29 203 3
40 97 3
51 110 3
16 74 3
28 203 3
17 74 3
104 105 3
32 91 1
44 102 0
45 102 0
81 134 3
33 91 1
70 73 3
29 88 1
30 88 1
36 94 3
38 96 0
41 99 3
53 112 3
54 112 3
4 62 3
5 62 3
34 92 1
37 96 3
96 97 3
40 99 2
42 100 3
2 60 3
3 60 3
6 64 3
7 64 3
9 67 3
77 78 3
26 142 3
28 142 3
33 92 1
93 94 3
97 99 2
100 101 3
103 104 3
49 107 3
111 112 3
3 62 3
64 65 3
66 67 3
73 74 3
37 94 3
37 95 3
48 107 2
50 107 1
50 108 3
51 108 3
58 60 3
112 113 3
57 115 3
3 119 3
5 64 3
67 68 3
74 75 3
95 96 3
48 105 3
48 164 0
62 64 3
81 83 3
81 141 3
83 141 3
62 119 3
83 142 3
91 92 3
42 99 3
105 164 3
107 164 0
107 108 0
114 115 3
69 70 3
78 81 3
88 203 0
94 95 3
99 100 3
60 119 3
70 129 3
81 137 3
88 145 3
31 91 1
92 93 0
102 103 2
11 69 3
202 203 3
145 203 0
11 126 3
108 110 3
68 126 3
31 88 1
69 126 3
77 193 3
78 193 3
78 137 3
31 148 1
91 148 3
99 156 3
112 170 3
113 172 3
62 121 3
64 121 3
70 126 3
81 139 3
108 167 3
110 167 3
111 170 3
62 120 3
139 141 3
99 157 3
100 157 3
114 173 3
115 173 3
120 121 3
142 203 3
31 146 1
102 160 1
103 162 3
114 172 3
44 160 3
104 162 3
105 163 3
101 160 3
104 163 3
163 164 3
112 172 3
172 173 3
119 120 3
75 132 3
193 194 3
78 194 3
88 146 3
97 155 3
97 156 3
60 118 3
73 131 3
96 155 3
107 165 0
111 169 3
58 118 3
66 124 3
67 124 3
70 131 3
74 131 3
74 132 3
137 194 3
137 139 3
110 169 3
169 170 3
58 116 3
64 122 3
65 123 3
146 148 3
91 149 3
92 149 3
94 152 3
95 153 3
96 153 3
110 168 3
0 116 3
121 122 3
122 123 3
123 124 3
67 125 3
68 125 3
93 151 3
93 152 3
95 152 3
156 157 3
100 159 3
167 168 3
168 169 3
118 119 3
92 151 0
151 152 3
103 160 1
116 118 3
124 125 3
145 146 3
92 207 0
152 153 3
153 155 3
155 156 3
162 220 3
164 165 3
108 165 3
173 230 3
137 196 3
139 196 3
83 201 3
142 201 3
151 207 3
153 213 3
103 220 3
162 163 3
172 230 3
141 201 3
149 207 0
145 204 0
148 149 3
155 213 3
103 219 1
131 132 3
194 195 3
203 204 3
148 205 0
101 159 3
160 219 3
116 175 3
118 175 3
132 191 3
137 195 3
159 160 3
219 220 0
165 167 3
125 126 3
77 132 3
100 216 3
146 205 0
157 216 1
132 190 3
142 202 3
157 215 1
159 216 3
190 191 3
120 178 3
129 131 3
141 198 3
142 144 3
212 213 3
167 224 3
121 178 3
131 189 3
195 196 3
198 201 3
153 212 3
165 224 3
132 189 3
139 198 3
144 202 3
189 190 3
152 210 3
153 210 3
170 172 3
70 185 3
144 201 3
148 206 0
116 232 3
124 183 3
125 183 3
77 251 3
205 206 3
156 214 3
118 176 3
119 176 3
193 251 3
151 209 3
215 216 3
160 218 3
163 222 3
164 222 3
0 232 2
152 209 3
157 214 3
159 218 3
167 225 3
168 225 3
119 178 3
121 179 3
122 180 3
123 181 3
129 188 3
131 188 3
132 251 3
196 254 3
153 211 3
218 219 3
163 221 3
168 226 3
169 227 3
170 228 3
119 177 3
178 179 3
179 180 3
180 181 3
124 181 3
126 185 3
129 187 3
146 204 0
204 205 3
210 211 3
211 212 3
155 214 3
159 217 3
220 221 3
224 225 3
226 227 3
227 228 3
172 228 3
175 176 3
176 177 3
177 178 3
124 182 3
188 189 3
209 210 3
213 214 3
217 218 3
165 222 3
181 182 3
182 183 3
129 185 3
207 209 3
214 272 3
216 217 3
221 222 3
149 206 0
165 223 3
223 224 3
225 226 3
206 207 3
222 223 3
185 187 3
175 232 3
126 183 3
214 215 1
187 188 3
132 250 3
250 251 3
173 405 2
185 244 3
187 244 3
191 250 3
202 260 3
230 405 2
230 288 3
196 198 3
203 260 3
207 266 3
209 266 3
228 230 3
178 235 3
201 202 3
205 262 1
213 271 1
214 271 1
228 287 3
230 287 3
177 235 3
198 256 3
204 262 1
271 272 0
201 260 3
212 271 1
287 288 3
288 405 3
182 241 3
183 241 3
126 241 3
201 259 3
206 265 3
207 265 3
210 268 3
216 274 3
219 278 0
220 278 3
185 241 3
198 255 3
259 260 3
209 268 3
215 274 3
218 277 3
219 277 3
175 233 3
176 233 3
185 243 3
190 249 3
191 249 3
212 270 3
277 278 0
178 236 3
179 237 3
180 238 3
181 239 3
182 240 3
241 357 3
187 245 3
188 246 3
189 247 3
190 248 3
249 250 3
194 251 3
206 264 3
209 267 3
211 269 3
270 271 1
217 275 3
218 276 3
221 279 3
222 280 3
232 233 3
235 236 3
236 237 3
237 238 3
238 239 3
239 240 3
243 244 3
244 245 3
245 246 3
246 247 3
247 248 3
248 249 3
255 256 3
266 267 3
268 269 3
269 270 3
215 272 0
215 331 3
274 275 3
275 276 3
278 279 3
279 280 3
223 280 3
228 286 3
196 253 3
265 266 3
267 268 3
272 331 1
276 277 3
225 284 3
226 284 3
286 287 3
240 241 3
253 254 3
205 264 3
223 225 3
227 284 3
194 253 3
195 253 3
264 265 3
274 331 3
196 255 3
223 284 3
251 253 3
254 255 3
227 286 3
262 264 3
176 235 3
253 310 3
223 340 3
288 346 3
201 316 3
259 316 3
346 405 3
185 357 3
227 342 3
233 235 3
254 310 3
223 339 3
284 340 3
284 342 3
227 344 3
243 357 3
251 310 3
201 256 3
203 262 1
280 339 3
233 292 3
235 292 0
286 344 3
256 315 3
201 315 3
284 341 3
342 344 3
315 316 3
339 340 3
340 341 3
287 346 3
251 309 3
309 310 3
243 301 3
271 329 3
241 299 3
244 301 3
250 309 3
260 318 3
265 324 3
266 324 3
272 329 1
278 336 3
299 357 3
259 318 3
331 332 3
274 332 3
280 338 3
236 294 3
240 298 3
254 313 3
255 313 3
279 337 3
279 338 3
286 345 3
287 345 3
233 291 3
235 294 3
237 295 3
238 296 3
239 297 3
241 298 3
244 302 3
245 303 3
246 304 3
247 305 3
248 306 3
249 307 3
250 308 3
256 314 3
259 317 3
260 262 1
262 321 3
267 325 3
268 326 3
269 327 3
270 328 3
272 330 3
275 334 3
276 334 3
277 334 3
278 337 3
291 292 3
294 295 3
295 296 3
296 297 3
297 298 3
301 302 3
302 303 3
303 304 3
304 305 3
305 306 3
306 307 3
307 308 3
254 312 3
313 314 3
316 317 3
317 318 3
264 380 3
265 380 3
324 380 3
324 325 3
325 326 3
326 327 3
269 328 3
270 329 1
330 331 1
275 332 3
277 392 3
277 336 0
337 338 3
338 339 3
232 290 3
232 291 3
235 293 0
298 299 3
308 309 3
310 311 3
254 311 3
312 313 3
260 321 3
264 321 3
327 328 3
270 387 1
275 333 3
334 392 3
336 392 1
292 293 3
311 312 3
314 315 3
321 380 3
328 387 1
329 330 0
332 333 3
329 387 0
333 334 3
293 294 1
336 337 3
290 291 3
357 415 3
357 358 3
243 358 3
291 349 3
318 377 3
260 377 3
344 345 3
290 349 3
301 358 3
321 377 3
344 401 3
292 349 3
342 401 3
284 400 3
346 404 3
333 392 3
341 400 3
342 400 3
294 353 3
327 385 3
295 353 3
336 393 3
392 393 0
298 357 3
321 378 3
321 379 3
379 380 3
337 395 3
338 395 3
341 399 3
336 394 3
290 348 3
310 369 3
311 369 3
332 390 3
337 394 3
404 405 3
294 352 1
352 353 0
296 354 3
297 354 3
309 368 3
310 368 3
314 372 3
315 372 3
377 378 3
378 379 3
324 381 3
325 383 3
326 383 3
326 384 3
327 384 3
328 386 3
292 350 3
295 354 3
297 357 3
312 370 1
380 381 3
386 387 3
330 387 1
399 400 3
344 402 3
349 350 3
293 350 3
293 409 1
294 409 2
301 359 3
302 360 3
303 361 3
304 362 3
305 363 3
306 364 3
307 365 3
308 366 3
309 367 3
313 371 3
315 373 3
316 374 3
317 375 3
318 376 3
324 382 3
330 388 3
331 388 0
331 389 0
331 390 3
333 390 3
340 398 3
345 402 3
358 359 3
359 360 3
360 361 3
361 362 3
362 363 3
363 364 3
364 365 3
366 367 3
368 369 3
312 369 3
312 371 3
371 372 3
373 374 3
317 374 3
375 376 3
382 383 3
387 388 0
388 389 3
393 394 3
339 398 3
345 403 3
287 403 3
308 365 3
367 368 3
370 371 0
372 373 3
376 377 3
328 385 3
389 390 1
340 399 3
346 403 3
348 349 3
381 382 3
383 384 3
401 402 3
352 409 2
353 354 3
384 385 3
390 392 3
394 395 3
338 396 3
339 396 3
403 404 3
374 375 3
395 396 3
396 398 3
398 399 3
400 401 3
402 403 3
365 366 3
297 414 3
357 414 3
354 414 3
385 386 0
390 449 3
392 449 3
390 448 3
392 450 0
371 429 3
393 450 1
352 410 3
362 420 1
369 370 2
370 429 0
409 410 3
361 419 1
362 419 1
380 438 3
381 438 3
384 442 3
358 415 1
382 440 3
383 440 3
383 442 3
389 448 1
400 457 3
354 412 3
369 427 3
377 436 3
378 436 3
379 437 3
385 442 3
449 450 0
398 456 3
399 457 3
358 417 3
359 417 3
419 420 3
368 427 3
370 428 0
377 435 3
378 437 3
380 437 3
448 449 3
396 456 3
402 460 3
348 464 3
414 415 3
364 422 3
365 422 3
367 425 3
373 431 3
375 433 3
376 433 3
386 445 3
387 445 3
395 453 3
399 456 3
401 459 3
401 460 3
412 414 3
366 425 3
369 428 3
374 431 3
374 432 3
437 438 3
386 444 3
393 451 3
394 453 3
400 459 3
348 406 3
349 407 3
350 408 3
353 412 3
360 417 3
368 426 3
427 428 3
371 430 3
372 430 3
372 431 3
375 432 3
435 436 3
381 439 3
382 439 3
383 441 3
442 443 3
385 443 3
385 444 0
388 447 3
389 447 3
447 448 1
396 454 3
402 461 3
403 461 3
406 464 3
406 407 3
349 408 3
419 477 0
363 422 3
367 484 3
368 484 3
430 431 3
441 442 3
443 502 3
443 444 0
388 446 3
394 451 3
394 452 3
396 453 3
459 460 3
350 409 2
409 466 0
415 417 0
360 418 3
361 418 3
362 421 3
363 421 3
376 435 3
438 439 3
445 446 0
446 447 3
456 457 3
404 463 3
405 463 3
407 408 3
353 410 1
418 419 1
420 421 0
421 422 3
366 424 3
425 484 3
426 484 3
426 427 3
440 441 3
444 445 3
450 451 0
460 461 3
404 462 3
431 432 3
432 433 3
436 437 3
439 440 3
451 452 3
403 462 3
462 463 3
418 477 3
422 481 3
365 481 3
366 423 3
424 425 3
400 458 3
458 459 3
353 411 3
414 471 3
417 418 3
365 423 3
457 458 3
461 462 3
408 409 2
411 412 3
423 424 3
429 430 3
452 453 3
415 474 2
417 474 1
421 479 3
412 471 0
423 481 3
428 429 3
433 434 3
376 434 3
376 492 2
453 454 3
434 492 3
435 492 3
422 479 3
429 486 1
454 456 3
353 468 3
415 473 3
428 486 1
409 468 2
410 468 0
411 468 3
473 474 2
425 483 3
420 479 0
451 509 3
466 468 1
450 509 2
452 510 3
457 514 3
407 465 3
408 465 3
483 484 3
436 495 2
453 510 3
456 514 3
424 483 3
437 495 2
446 504 1
414 473 1
427 485 3
428 485 3
447 504 1
459 517 3
442 502 3
444 502 2
445 503 3
451 510 3
456 513 3
460 517 3
406 465 3
408 466 3
429 488 3
430 488 3
433 492 3
441 499 3
444 503 3
453 511 3
458 517 3
460 518 3
414 472 3
479 480 3
422 480 3
431 488 3
431 489 3
440 499 3
448 506 3
449 507 3
454 511 3
454 513 3
461 518 3
461 519 3
412 470 3
470 471 0
471 472 3
480 481 3
423 482 3
424 482 3
435 494 3
436 494 3
438 495 2
446 503 1
447 506 1
448 507 3
450 507 1
510 511 3
517 518 3
462 519 3
462 520 3
463 520 3
464 465 3
420 477 0
420 536 2
479 536 3
481 482 3
485 486 2
488 489 3
431 490 3
432 490 3
433 491 3
491 492 3
494 495 3
438 497 2
439 497 2
509 510 3
518 519 3
519 520 3
465 466 3
411 470 3
472 473 2
489 490 3
433 490 3
492 493 3
435 493 3
438 496 2
514 515 3
457 515 3
458 515 3
493 494 3
496 497 3
502 503 2
454 512 3
458 516 3
482 483 3
490 491 3
495 496 3
506 507 3
511 512 3
515 516 3
427 484 3
429 487 1
488 546 2
442 499 3
520 521 3
486 487 2
487 488 0
512 513 3
463 521 3
484 485 3
487 546 0
499 502 3
450 566 2
513 514 3
418 535 2
440 497 2
503 504 2
507 566 0
516 517 3
411 469 3
469 470 3
440 556 2
502 560 1
468 469 3
418 474 1
497 556 3
447 563 1
418 533 1
499 556 2
502 558 1
504 562 1
504 563 3
506 563 3
506 564 3
533 535 3
499 558 1
503 561 1
504 561 1
509 566 3
474 533 3
558 560 2
561 562 3
507 564 0
507 565 3
520 578 3
468 525 3
502 561 1
466 524 2
466 525 1
477 536 3
560 561 3
477 535 3
482 540 3
559 560 3
472 530 1
473 531 1
479 537 3
480 537 2
499 557 1
558 559 3
565 566 0
518 576 3
468 526 3
471 530 1
530 531 3
474 532 3
492 550 3
493 551 3
494 551 3
557 558 3
509 567 3
519 576 3
466 523 2
523 524 3
474 531 3
484 543 2
485 543 2
489 547 2
491 550 3
493 550 3
566 567 3
517 575 3
465 523 2
524 525 3
471 529 1
531 532 3
532 533 3
536 537 3
490 547 2
494 552 3
495 552 3
519 577 3
480 538 2
481 540 3
486 543 2
495 553 3
556 557 1
510 567 3
510 568 3
511 568 3
514 572 3
515 572 3
521 579 3
470 528 1
537 538 3
481 538 2
483 542 3
484 542 2
487 545 3
546 547 3
551 552 3
552 553 3
563 564 3
564 565 1
511 569 3
512 570 3
513 570 3
513 571 3
513 572 3
515 573 3
576 577 3
519 578 3
529 530 3
481 539 2
482 541 2
483 541 2
542 543 3
545 546 3
496 553 3
567 568 3
512 569 3
571 572 3
572 573 3
517 576 3
521 578 3
464 522 3
464 523 1
539 540 3
491 548 3
497 555 3
568 569 3
569 570 3
516 573 3
516 575 3
575 576 3
577 578 3
471 528 1
538 539 3
541 542 3
550 551 3
555 556 3
562 563 0
570 571 3
522 523 3
540 541 3
547 548 3
490 548 3
548 550 3
496 555 3
528 529 3
486 602 2
535 536 3
543 602 3
487 602 3
548 607 3
550 607 3
578 579 3
469 528 3
496 612 3
573 575 3
545 602 3
555 612 3
553 612 3
563 621 1
469 526 3
469 584 3
562 621 3
564 623 2
526 584 3
565 623 2
578 635 3
573 632 3
575 632 3
542 600 3
567 626 3
568 626 3
572 631 3
578 636 3
543 600 3
543 601 3
557 615 3
558 615 3
559 618 3
560 618 3
573 631 3
577 635 3
635 636 3
524 581 1
525 584 3
469 585 3
528 585 3
533 591 3
535 593 3
536 594 2
600 601 3
570 628 3
576 634 3
576 635 3
579 636 3
464 581 1
523 581 1
524 584 2
468 584 2
584 585 3
531 589 3
531 590 3
532 590 3
532 591 3
535 594 2
537 595 3
561 618 3
569 628 3
575 634 3
634 635 3
524 583 1
583 584 3
529 587 3
530 589 3
536 595 2
539 597 3
564 622 2
571 631 3
581 583 3
528 587 3
529 588 3
530 588 3
533 592 2
538 595 3
540 597 3
540 598 3
541 598 3
601 602 3
546 604 3
563 622 2
622 623 3
567 624 3
631 632 3
464 580 1
528 586 3
589 590 3
535 592 3
593 594 3
545 604 3
547 605 3
551 609 3
555 614 3
556 614 3
556 615 1
566 624 3
567 625 3
569 626 3
571 628 3
575 633 3
579 637 3
580 581 3
582 583 3
585 586 3
594 595 3
538 597 3
542 598 3
546 605 3
550 608 3
550 609 3
559 616 3
561 619 3
562 620 3
565 624 2
624 625 3
625 626 3
569 627 3
627 628 3
632 633 3
633 634 3
636 637 3
581 582 3
586 587 3
587 588 3
590 591 3
591 592 3
607 608 3
608 609 3
552 609 3
552 611 3
553 611 3
555 613 3
558 616 3
559 617 3
620 621 3
626 627 3
598 600 3
604 605 3
547 606 3
548 606 3
613 614 3
592 593 3
595 597 3
552 610 3
611 612 3
612 613 3
614 615 1
618 619 3
588 589 3
605 606 3
609 610 3
610 611 3
616 617 3
562 619 3
617 618 3
621 622 0
628 629 3
597 598 3
623 624 3
630 631 3
606 607 3
571 630 3
571 629 3
629 630 3
619 620 3
615 616 3
602 604 3
616 675 3
617 675 3
597 654 3
632 690 3
604 661 3
598 654 3
602 661 3
609 668 3
610 668 3
630 689 3
631 689 3
631 690 3
590 648 2
590 649 2
591 649 2
595 654 3
606 664 3
615 674 3
622 680 3
623 681 3
583 640 3
588 646 3
589 646 3
592 649 3
607 664 3
616 674 3
621 680 0
622 681 3
637 694 3
582 640 3
583 642 3
587 646 3
648 649 3
598 657 3
600 659 3
601 659 3
607 666 3
608 666 3
611 669 3
612 669 3
613 672 3
614 672 3
636 694 3
584 642 3
585 643 3
586 643 3
589 647 2
593 651 2
594 651 3
594 653 3
595 653 3
600 657 3
602 659 3
605 663 3
606 663 3
607 665 3
610 669 3
618 675 3
689 690 3
633 690 3
635 693 3
592 650 2
593 650 2
602 660 3
604 662 3
665 666 3
609 666 3
612 671 3
613 671 3
615 672 2
618 676 3
618 677 3
619 677 3
620 678 3
621 678 3
625 683 3
626 685 3
634 692 3
636 693 3
580 638 3
581 638 3
584 643 3
586 644 3
587 645 3
600 658 3
659 660 3
605 662 3
612 670 3
671 672 3
615 673 3
676 677 3
619 678 3
621 679 3
624 683 3
634 693 3
581 639 3
581 640 3
640 642 3
643 644 3
644 645 3
646 647 3
647 648 3
649 650 3
650 651 3
651 653 3
653 654 3
657 658 3
658 659 3
660 661 3
661 662 3
664 665 3
668 669 3
669 670 3
670 671 3
673 674 3
678 679 3
679 680 0
627 685 3
692 693 3
638 639 3
624 681 3
626 683 3
633 692 3
693 694 3
642 643 3
645 646 3
598 656 3
663 664 3
666 668 3
680 681 3
624 682 3
637 695 3
639 640 3
656 657 3
674 675 3
681 682 3
683 685 3
627 686 3
628 686 3
629 686 3
694 695 3
654 656 3
672 673 3
677 678 3
685 686 3
629 746 3
630 746 3
630 747 3
689 747 1
675 676 3
682 683 3
690 692 3
662 663 3
746 747 3
654 713 3
640 699 3
656 713 3
663 721 3
642 699 3
664 721 3
664 723 3
686 744 3
686 746 3
690 749 3
692 749 3
654 712 3
665 723 3
669 727 3
744 746 3
685 743 3
680 738 3
683 743 3
690 748 1
653 711 3
712 713 3
666 725 3
668 727 3
679 738 2
748 749 0
639 698 2
654 711 3
657 715 3
662 720 3
663 720 3
668 725 3
689 748 1
638 697 2
639 697 2
640 698 3
650 707 2
656 715 3
668 726 3
673 731 2
681 738 3
694 753 3
695 753 3
643 701 3
646 703 3
658 715 3
659 717 3
726 727 3
674 731 2
693 751 3
693 752 3
694 752 3
697 698 3
645 703 3
650 708 2
651 709 2
658 717 3
660 717 3
670 729 3
671 729 3
671 730 3
672 730 3
681 740 3
682 740 3
686 743 3
747 748 2
692 750 3
638 696 2
699 700 3
642 700 3
651 708 2
653 709 3
658 716 3
660 718 3
661 719 3
662 719 3
664 722 3
670 727 3
673 730 2
682 741 3
683 741 3
696 697 3
698 699 3
643 700 3
700 701 3
644 701 3
644 702 3
708 709 3
711 712 3
715 716 3
661 718 3
721 722 3
666 724 3
674 732 2
676 734 3
681 739 3
743 744 3
744 745 3
750 751 3
751 752 3
645 702 3
648 705 1
649 707 1
707 708 3
656 714 3
716 717 3
717 718 3
720 721 3
722 723 3
665 724 3
730 731 3
731 732 3
675 734 3
677 734 3
738 739 3
741 743 3
745 746 3
701 702 3
702 703 3
648 706 1
649 706 1
714 715 3
718 719 3
723 724 3
724 725 3
670 728 3
675 732 2
675 733 2
739 740 3
749 750 3
647 705 1
705 706 3
706 707 3
713 714 3
725 726 3
727 728 3
729 730 3
733 734 3
678 737 2
679 737 2
728 729 3
740 741 3
647 703 3
709 711 3
719 720 3
737 738 3
742 743 3
752 753 3
703 705 3
732 733 3
741 742 3
703 762 3
725 784 3
720 778 3
726 784 3
677 735 2
678 735 2
705 762 3
709 768 3
711 768 3
721 778 3
735 737 3
761 762 3
709 767 3
734 735 3
737 795 3
703 761 3
735 795 3
701 759 2
767 768 3
735 794 3
742 801 3
743 801 3
700 759 2
711 769 3
719 777 3
720 777 3
794 795 3
746 804 3
747 804 3
712 769 3
724 783 3
725 783 3
734 792 2
744 801 3
724 782 3
783 784 3
733 792 3
735 792 3
705 763 3
706 763 3
707 765 3
708 766 3
709 766 3
716 774 3
717 774 3
723 782 3
732 790 3
745 804 3
747 805 3
697 756 3
698 756 3
699 756 2
702 760 3
703 760 3
766 767 3
721 779 3
722 780 3
723 780 3
782 783 3
727 784 3
731 790 3
732 791 3
733 791 3
735 793 3
738 797 3
739 797 3
741 799 3
742 799 3
745 803 3
804 805 3
750 809 3
751 809 3
752 809 3
752 810 3
706 764 3
768 769 3
715 773 3
716 773 3
717 775 3
718 775 3
722 779 3
727 785 3
731 789 3
792 793 3
738 796 3
740 799 3
744 803 3
748 805 2
749 807 3
696 754 0
697 755 3
699 757 2
701 760 3
707 764 3
712 771 3
713 771 3
714 771 3
773 774 3
723 781 3
784 785 3
727 786 3
728 786 3
729 787 3
730 788 3
730 789 3
793 794 3
796 797 3
740 798 3
742 800 3
750 807 3
809 810 3
753 810 3
754 755 1
755 756 3
756 757 3
760 761 3
708 765 3
712 770 3
718 777 3
777 778 3
778 779 3
779 780 3
780 781 3
786 787 3
787 788 3
790 791 3
791 792 3
797 798 3
798 799 3
799 800 3
748 807 2
700 757 2
759 760 3
763 764 3
769 770 3
785 786 3
789 790 3
748 806 2
753 811 3
762 763 3
770 771 3
781 782 3
800 801 3
803 804 3
750 808 3
765 766 3
808 809 3
764 765 3
715 771 3
788 789 3
805 806 3
806 807 3
807 808 3
774 775 3
737 796 3
810 811 3
771 773 3
700 758 2
775 777 3
795 796 3
744 802 3
802 803 3
757 758 3
758 759 3
801 802 3
771 830 3
773 830 3
777 835 3
778 835 3
795 853 3
766 824 3
774 832 3
794 853 3
765 824 3
767 824 3
773 832 3
784 841 3
792 850 3
757 816 2
758 816 2
823 824 3
783 841 3
791 850 3
797 855 3
809 867 3
810 867 3
759 816 2
765 823 3
779 837 3
780 837 3
786 844 3
791 849 3
796 853 3
798 855 3
756 814 1
767 825 3
768 825 3
769 827 3
769 828 3
770 828 3
775 834 3
783 840 3
785 844 3
787 844 3
790 849 3
792 851 3
793 851 3
796 855 3
800 859 3
801 859 3
808 867 3
755 814 1
762 820 3
764 822 3
764 823 3
768 827 3
768 826 3
773 831 3
831 832 3
775 833 3
777 834 3
782 840 3
840 841 3
802 860 3
803 861 3
808 866 3
754 812 1
755 813 1
757 815 2
759 817 2
760 817 2
760 818 2
762 819 3
763 820 3
826 827 3
771 828 3
774 833 3
778 836 3
779 836 3
780 838 3
781 838 3
784 842 3
785 843 3
787 845 3
788 846 3
789 847 3
790 848 3
849 850 3
850 851 3
793 852 3
794 852 3
796 854 3
798 856 3
799 857 3
799 858 3
800 858 3
859 860 3
802 861 3
803 862 3
804 862 3
804 863 3
805 863 3
807 865 3
808 865 3
811 869 3
812 813 3
813 814 3
756 815 3
815 816 3
761 818 3
761 819 3
763 821 3
764 821 3
822 823 3
825 826 3
771 829 3
832 833 3
834 835 3
835 836 3
836 837 3
781 840 3
841 842 3
842 843 3
844 845 3
845 846 3
846 847 3
847 848 3
852 853 3
853 854 3
855 856 3
856 857 3
857 858 3
806 863 3
806 865 3
810 868 3
810 869 3
816 817 3
824 825 3
827 828 3
829 830 3
830 831 3
848 849 3
858 859 3
861 862 3
867 868 3
868 869 3
817 818 3
820 821 3
821 822 3
828 829 3
833 834 3
851 852 3
854 855 3
862 863 3
865 866 3
814 815 3
837 838 3
843 844 3
866 867 3
863 865 3
819 820 3
860 861 3
818 819 3
838 897 3
781 897 3
840 897 3
814 873 3
819 877 3
863 922 3
815 873 3
820 877 3
820 879 3
821 879 3
865 922 3
828 886 3
830 888 3
852 910 3
823 881 3
824 881 3
827 886 3
831 888 3
853 910 3
872 873 3
815 874 2
816 874 3
818 877 3
822 880 3
842 900 3
843 900 3
858 916 3
859 917 3
867 926 3
813 871 3
814 871 3
814 872 3
817 875 3
818 875 3
822 881 3
825 883 3
827 885 3
833 891 3
850 909 3
851 910 3
853 911 3
854 912 3
858 917 3
861 920 3
862 920 3
868 926 3
821 880 3
824 882 3
826 884 3
826 885 3
829 888 3
834 891 3
834 893 3
835 893 3
836 894 3
837 895 3
838 895 3
841 899 3
844 902 3
845 902 3
847 905 3
851 909 3
855 912 3
857 916 3
863 920 3
869 927 3
812 870 3
812 871 3
873 874 3
824 883 3
825 884 3
829 887 3
832 891 3
834 892 3
836 893 3
837 894 3
838 896 3
840 898 3
842 899 3
843 901 3
845 903 3
846 904 3
848 905 3
848 907 3
849 907 3
850 908 3
854 911 3
855 913 3
856 914 3
856 915 3
857 915 3
860 918 3
861 919 3
863 921 3
866 924 3
868 927 3
870 871 3
817 874 3
880 881 3
882 883 3
883 884 3
884 885 3
886 887 3
891 892 3
892 893 3
895 896 3
898 899 3
899 900 3
901 902 3
902 903 3
903 904 3
847 904 3
848 906 3
907 908 3
909 910 3
910 911 3
911 912 3
913 914 3
917 918 3
918 919 3
920 921 3
867 924 3
871 872 3
874 875 3
881 882 3
887 888 3
831 890 3
832 890 3
893 894 3
897 898 3
900 901 3
904 905 3
906 907 3
912 913 3
915 916 3
916 917 3
919 920 3
865 924 3
879 880 3
885 886 3
894 895 3
896 897 3
908 909 3
914 915 3
922 923 3
865 923 3
890 891 3
905 906 3
921 922 3
923 924 3
924 983 3
831 947 3
890 947 3
926 927 3
875 877 3
888 947 3
924 926 3
926 983 3
926 984 3
875 934 3
877 934 3
877 936 3
877 935 3
877 879 3
912 970 3
913 970 3
983 984 3
874 933 3
934 935 3
875 933 3
879 936 3
879 937 3
881 939 3
882 940 3
883 940 3
901 959 3
915 972 3
918 976 3
919 976 3
880 937 3
882 939 3
884 942 3
885 942 3
892 950 3
897 955 3
898 955 3
899 958 3
900 958 3
900 959 3
904 962 3
909 1025 3
914 972 3
922 980 3
923 981 3
924 981 3
883 941 3
884 941 3
885 943 3
886 943 3
887 945 3
888 946 3
890 949 3
891 949 3
893 950 3
893 951 3
894 951 3
896 955 3
902 960 3
903 962 3
908 1025 3
910 968 3
915 973 3
916 973 3
917 975 3
918 975 3
920 978 3
921 980 3
922 981 3
927 984 3
870 928 3
871 929 3
872 930 3
873 931 3
874 931 3
880 938 3
880 939 3
886 944 3
888 945 3
946 947 3
894 952 3
895 953 3
896 954 3
898 956 3
899 957 3
903 960 3
905 963 3
906 964 3
907 965 3
908 966 3
909 968 3
911 968 3
911 969 3
911 970 3
913 971 3
972 973 3
916 975 3
919 978 3
921 978 3
921 979 3
927 985 3
928 929 3
929 930 3
930 931 3
933 934 3
937 938 3
942 943 3
943 944 3
944 945 3
949 950 3
950 951 3
952 953 3
953 954 3
955 956 3
956 957 3
958 959 3
959 960 3
962 963 3
963 964 3
964 965 3
965 966 3
966 1025 3
968 969 3
916 974 3
939 940 3
941 942 3
945 946 3
890 948 3
951 952 3
954 955 3
957 958 3
969 970 3
970 971 3
974 975 3
978 979 3
979 980 3
980 981 3
984 985 3
935 936 3
936 937 3
938 939 3
940 941 3
947 948 3
948 949 3
914 971 3
903 1019 3
973 974 3
975 976 3
931 933 3
960 1019 3
962 1019 3
968 1025 3
931 990 3
933 990 3
976 978 3
924 1040 3
971 972 3
981 1040 3
983 1040 3
933 991 3
978 1036 3
990 991 3
978 1035 3
930 988 3
935 994 3
936 994 3
939 997 3
953 1011 3
976 1035 3
1035 1036 3
931 988 3
934 992 3
935 992 3
938 997 3
947 1005 3
948 1005 3
952 1011 3
971 1030 3
979 1037 3
980 1038 3
984 1042 3
929 988 3
943 1002 3
944 1002 3
946 1005 3
959 1017 3
962 1020 3
963 1020 3
963 1022 3
964 1022 3
969 1027 3
972 1030 3
978 1037 3
979 1038 3
983 1042 3
985 1042 3
937 994 3
941 999 3
942 1000 3
945 1003 3
951 1009 3
955 1013 3
960 1017 3
965 1022 3
966 1024 3
1024 1025 3
970 1028 3
971 1028 3
973 1032 3
974 1032 3
975 1032 3
981 1039 3
928 986 3
929 987 3
931 989 3
933 992 3
938 996 3
940 997 3
940 999 3
942 999 3
943 1000 3
945 1002 3
946 1003 3
948 1006 3
949 1007 3
950 1008 3
952 1009 3
954 1011 3
954 1012 3
954 1013 3
956 1013 3
957 1015 3
958 1016 3
960 1018 3
965 1023 3
968 1027 3
971 1029 3
973 1031 3
975 1033 3
976 1034 3
1036 1037 3
1037 1038 3
980 1039 3
986 987 3
987 988 3
988 989 3
940 998 3
999 1000 3
943 1001 3
1002 1003 3
1005 1006 3
1006 1007 3
1007 1008 3
1008 1009 3
952 1010 3
1011 1012 3
956 1014 3
956 1015 3
1015 1016 3
959 1016 3
1017 1018 3
1018 1019 3
1019 1020 3
963 1021 3
1022 1023 3
1023 1024 3
970 1027 3
1028 1029 3
1029 1030 3
1030 1031 3
1031 1032 3
1032 1033 3
975 1034 3
989 990 3
937 996 3
996 997 3
997 998 3
1000 1001 3
1001 1002 3
1009 1010 3
1010 1011 3
1012 1013 3
1016 1017 3
1034 1035 3
1038 1039 3
1039 1040 3
983 1041 3
985 1043 3
998 999 3
1014 1015 3
1021 1022 3
1033 1034 3
1040 1041 3
1041 1042 3
1042 1043 3
991 992 3
1013 1014 3
1020 1021 3
1027 1028 3
994 996 3
