0 1 3
1 2 3
2 3 3
3 4 3
4 5 0
5 6 3
6 7 3
7 8 3
8 9 2
9 10 2
10 11 3
11 12 3
12 13 3
13 14 3
14 15 3
15 16 3
16 17 3
17 18 3
18 19 3
19 20 3
20 21 3
21 22 3
22 23 3
23 24 0
24 26 3
26 27 3
27 28 3
28 29 3
29 30 3
30 31 3
31 32 3
32 33 3
33 34 3
34 35 1
35 36 3
36 37 3
37 38 3
38 39 2
39 40 2
40 41 3
41 99 3
42 99 3
42 43 3
43 44 3
44 46 3
46 47 3
47 48 3
48 49 3
49 50 3
50 51 3
51 52 3
52 53 3
53 54 3
54 55 3
55 56 3
56 57 3
38 97 3
39 97 3
23 81 3
46 103 3
4 62 3
22 81 3
23 82 3
24 82 1
24 83 3
26 83 3
44 103 3
3 62 3
6 64 3
13 71 3
81 82 3
38 95 3
5 64 3
8 66 3
9 67 3
12 71 3
16 75 3
17 75 3
29 87 3
30 88 3
37 95 3
10 67 3
14 71 3
28 87 3
30 87 3
31 88 3
46 104 3
47 104 3
52 110 3
1 60 3
2 60 3
15 73 3
18 76 3
20 78 3
21 78 3
35 94 3
36 94 3
39 98 2
40 98 3
53 110 3
55 113 3
2 61 3
3 61 3
9 66 2
12 70 3
14 73 3
16 74 3
17 76 3
95 97 3
42 101 3
43 101 3
48 106 3
49 106 3
54 112 3
55 112 3
56 113 3
56 114 3
0 58 3
1 58 3
6 65 3
7 65 3
7 66 3
10 68 3
11 69 3
12 69 3
14 72 3
19 77 3
19 78 3
21 79 3
22 80 3
24 141 3
26 85 3
27 85 3
28 86 3
31 89 3
32 90 3
33 91 3
34 92 3
42 100 3
47 105 3
49 107 3
53 111 3
53 112 3
57 114 3
65 66 3
66 67 1
67 68 3
68 69 3
72 73 3
15 74 3
74 75 3
76 77 3
77 78 3
79 80 3
80 81 3
26 84 3
85 86 3
86 87 3
87 88 3
88 89 3
89 90 3
90 91 3
91 92 3
35 92 0
94 95 3
41 98 3
99 100 3
100 101 3
103 104 3
104 105 3
105 106 3
106 107 3
57 115 1
70 71 3
71 72 3
78 79 3
83 141 3
83 84 3
84 85 3
51 109 3
112 113 3
64 65 3
69 70 3
75 76 3
82 141 0
35 150 3
109 110 3
110 111 3
111 112 3
113 114 3
60 61 3
61 62 3
92 150 3
95 96 0
97 98 3
44 101 3
73 74 3
96 97 1
44 160 3
50 109 3
114 115 1
58 60 3
101 160 3
4 64 0
50 107 3
103 160 3
94 150 3
50 167 3
4 121 3
67 124 3
98 99 1
109 167 3
62 121 3
64 122 1
66 124 1
94 152 3
60 117 3
4 122 3
98 157 1
113 171 3
58 117 3
99 157 3
112 171 3
70 128 3
121 122 3
69 128 3
95 152 3
159 160 3
61 119 3
61 120 3
62 120 3
65 123 3
68 126 3
69 126 3
72 130 3
84 142 3
101 159 3
103 161 3
112 170 3
60 119 3
64 123 3
71 130 3
78 135 3
83 142 3
104 161 3
107 167 3
111 170 3
114 172 3
119 120 3
77 135 3
80 138 3
107 165 3
114 171 3
115 173 0
79 138 3
89 148 3
90 148 3
106 165 3
170 171 3
114 173 3
60 118 3
72 131 3
73 131 3
78 136 3
79 136 3
82 140 3
91 149 3
99 158 3
100 158 3
58 116 3
117 118 3
118 119 3
66 123 3
124 125 3
67 125 3
69 127 3
71 128 3
71 129 3
75 133 3
76 134 3
135 136 3
79 137 3
81 139 3
140 141 0
85 142 3
85 143 3
86 144 3
87 145 3
88 146 3
89 147 3
90 149 3
150 152 3
96 154 3
97 154 0
160 161 3
104 162 3
105 163 3
106 164 3
171 172 3
172 173 3
116 117 3
120 121 3
125 126 3
126 127 3
75 132 3
133 134 3
134 135 3
136 137 3
137 138 3
80 139 3
139 140 3
143 144 3
144 145 3
145 146 3
146 147 3
147 148 3
92 149 3
97 155 3
101 158 3
161 162 3
162 163 3
163 164 3
164 165 3
165 167 3
111 169 3
127 128 3
74 132 3
142 143 3
95 154 0
123 124 1
129 130 3
74 131 3
138 139 3
148 149 3
152 153 3
154 155 3
158 159 3
122 123 0
141 142 3
110 168 3
169 170 3
95 153 3
111 168 3
128 129 3
130 131 3
132 133 3
98 155 3
157 158 3
168 169 3
131 132 3
153 154 3
98 214 1
123 181 1
155 214 3
157 214 3
122 181 3
110 167 3
128 186 3
167 168 3
129 186 3
150 210 3
152 210 3
118 176 3
119 176 3
135 193 3
119 177 3
122 180 3
149 150 3
121 180 3
180 181 3
132 191 3
133 191 3
139 197 3
155 213 3
127 186 3
129 187 3
138 197 3
140 197 3
141 198 3
150 209 3
154 212 3
170 228 3
171 228 3
127 185 3
130 187 3
131 189 3
133 192 3
134 192 3
140 198 0
209 210 3
153 210 3
212 213 3
213 214 3
159 217 3
165 224 3
167 224 3
121 179 3
126 185 3
130 189 3
136 193 3
149 208 3
161 219 3
165 223 3
171 230 1
172 230 1
173 230 1
173 231 1
116 174 3
117 175 3
117 176 3
120 179 3
124 181 3
124 182 3
125 183 3
126 184 3
185 186 3
131 190 3
132 190 3
135 192 3
136 194 3
137 194 3
137 195 3
138 196 3
141 199 3
142 200 3
143 201 3
144 202 3
145 203 3
146 204 3
147 205 3
148 206 3
149 206 3
150 208 3
153 212 2
153 211 2
211 212 3
158 216 3
158 217 3
160 219 3
162 220 3
163 221 3
164 222 3
167 225 3
171 229 3
230 231 3
174 175 3
175 176 3
176 177 3
120 177 3
120 178 3
179 180 3
125 182 3
183 184 3
186 187 3
190 191 3
195 196 3
196 197 3
199 200 3
200 201 3
201 202 3
202 203 3
203 204 3
204 205 3
205 206 3
149 207 3
157 216 3
216 217 3
159 218 3
160 218 3
219 220 3
220 221 3
221 222 3
222 223 3
223 224 3
224 225 3
168 225 3
228 229 3
229 230 1
177 178 3
181 182 3
191 192 3
192 193 3
193 194 3
194 195 3
197 198 0
198 199 3
206 207 3
208 209 3
218 219 3
178 179 3
189 190 3
207 208 3
210 211 3
170 227 3
184 185 3
169 227 3
227 228 3
182 183 3
217 218 3
187 189 3
168 227 3
168 284 3
225 284 3
227 284 3
187 246 3
157 273 3
225 283 3
189 246 3
192 251 3
214 273 3
216 273 3
283 284 3
227 285 3
284 285 3
192 250 3
194 252 3
195 252 3
197 255 0
180 238 3
191 250 3
250 251 3
198 255 3
179 238 3
189 247 3
191 249 3
193 252 3
204 262 3
218 277 3
219 277 3
223 282 3
224 282 3
225 282 3
228 285 3
230 288 2
176 234 3
177 234 3
193 251 3
195 253 3
199 257 3
205 262 3
175 233 3
176 233 3
252 253 3
198 256 3
198 257 3
200 257 3
219 278 3
220 278 3
231 288 2
174 232 0
184 242 3
185 243 3
186 244 3
187 244 3
249 250 3
196 254 3
197 254 3
255 256 3
200 258 3
201 259 3
202 260 3
203 261 3
205 263 3
206 263 3
210 268 1
211 268 1
211 270 3
212 270 3
213 272 3
214 272 3
216 274 3
222 280 3
223 281 3
229 287 1
230 287 2
232 233 1
177 235 3
181 239 3
183 242 3
242 243 3
243 244 3
246 247 3
190 248 3
251 252 3
195 254 3
258 259 3
259 260 3
260 261 3
261 262 3
262 263 3
206 323 1
217 274 3
221 278 3
221 279 3
221 280 3
280 281 3
281 282 3
228 286 2
234 235 3
181 238 3
190 247 3
248 249 3
253 254 3
256 257 3
206 265 1
207 265 1
273 274 3
217 275 3
277 278 3
282 283 3
285 286 1
229 286 2
178 236 3
238 239 3
182 239 3
182 298 3
265 323 3
218 275 3
286 287 1
178 235 3
182 297 3
247 248 3
206 322 2
208 266 1
272 273 3
274 275 3
278 279 3
279 280 3
244 246 3
254 255 0
263 322 2
212 272 3
233 234 3
178 238 3
239 297 3
322 323 2
208 265 1
182 242 3
257 258 3
265 266 3
244 303 3
254 313 0
209 267 1
270 272 3
287 288 3
235 236 3
255 313 3
208 267 1
210 267 1
266 267 3
178 295 3
238 295 3
242 298 0
246 303 3
267 268 3
211 327 1
297 298 3
268 327 3
218 334 3
267 325 3
275 334 3
242 299 3
268 325 3
277 334 3
236 295 3
298 299 1
247 303 3
250 308 3
288 347 3
249 308 3
266 324 3
267 324 3
272 330 3
281 339 3
247 305 3
248 305 3
252 311 3
253 311 3
270 330 3
273 331 3
274 331 3
282 339 3
235 293 3
242 300 3
243 300 3
248 306 3
249 306 3
266 323 3
268 326 3
274 332 3
278 336 3
287 346 3
288 346 3
234 293 3
243 301 3
249 307 3
252 310 3
254 311 3
256 314 3
257 314 3
262 320 3
324 325 3
325 326 3
326 327 3
270 327 1
270 328 3
331 332 3
277 336 3
232 290 3
238 296 3
239 296 3
299 300 3
244 301 3
307 308 3
251 308 3
251 310 3
257 315 3
258 316 3
259 317 3
260 318 3
261 319 3
263 320 3
278 337 3
279 337 3
280 338 3
283 341 3
286 344 2
287 345 3
346 347 3
233 290 0
236 293 3
300 301 3
310 311 3
313 314 3
315 316 3
316 317 3
317 318 3
318 319 3
319 320 3
272 331 3
279 338 3
338 339 3
282 340 3
283 342 3
284 342 1
285 342 1
285 344 1
344 345 3
345 346 3
305 306 3
263 321 3
323 324 3
328 330 3
275 332 3
336 337 3
339 340 3
283 340 3
306 307 3
314 315 3
320 321 3
327 328 0
340 341 3
341 342 3
342 344 1
303 305 3
277 335 3
301 303 3
303 360 3
308 310 3
330 331 3
334 335 3
295 296 3
301 360 3
335 336 3
296 297 3
310 367 3
337 338 3
308 367 3
321 322 2
328 386 3
330 386 3
233 349 1
234 349 1
275 391 3
332 391 3
334 391 3
341 399 3
234 350 1
293 350 1
342 401 3
313 370 3
293 351 1
236 351 1
254 370 0
330 388 3
344 401 3
290 349 1
236 352 1
349 350 3
351 352 3
295 352 1
295 354 1
296 354 1
295 353 1
310 368 3
311 368 3
386 388 3
338 396 1
345 403 3
290 348 1
350 351 3
301 359 3
331 389 3
332 389 3
334 392 3
342 400 3
344 403 3
346 403 3
347 405 3
297 354 1
359 360 3
303 361 3
306 365 3
307 365 3
366 367 3
313 371 3
314 371 3
315 373 3
323 380 2
330 389 3
391 392 3
337 396 3
341 400 3
401 402 3
344 402 3
403 461 3
348 349 3
352 353 3
297 356 1
300 359 3
360 361 3
308 366 3
367 368 3
311 369 0
316 373 3
322 380 3
388 389 3
341 398 3
346 405 3
353 354 3
303 363 3
305 363 3
306 364 3
307 366 3
311 370 0
370 371 3
314 372 3
316 374 3
317 375 3
318 376 3
319 377 3
319 378 3
320 378 3
323 381 3
324 382 3
325 383 3
326 384 3
326 385 3
327 385 3
332 390 3
335 392 3
398 399 3
399 400 3
400 401 3
303 362 3
363 364 3
368 369 0
371 372 3
372 373 3
374 375 3
375 376 3
376 377 3
377 378 3
323 382 3
324 383 3
383 384 3
384 385 3
390 391 3
336 394 3
337 394 3
337 395 3
340 398 1
402 403 3
298 300 1
362 363 3
369 370 3
373 374 3
321 378 3
381 382 3
328 385 1
389 390 3
335 394 3
395 396 3
339 396 1
339 397 1
339 398 1
361 362 3
365 366 3
321 379 3
322 379 2
382 383 3
385 386 0
394 395 3
396 397 3
364 365 3
379 380 2
403 405 3
354 413 3
297 413 1
378 379 3
380 381 2
397 398 3
298 359 1
356 413 3
298 356 1
298 416 1
392 394 3
359 416 1
356 416 3
389 446 3
356 415 3
415 416 3
388 446 3
382 441 3
381 441 3
380 438 0
349 407 3
366 424 3
403 462 3
405 462 3
405 463 3
348 407 3
356 414 3
359 418 1
360 418 1
361 419 1
362 420 1
367 424 3
383 442 3
384 442 3
385 442 3
385 443 0
389 447 3
462 463 3
350 407 3
413 414 3
361 420 1
386 443 3
390 447 3
402 460 3
403 460 3
350 408 3
353 411 3
416 418 3
379 438 3
383 441 3
446 447 3
391 450 3
392 450 3
396 454 3
351 408 3
351 410 3
352 410 3
354 411 3
360 419 1
419 420 3
368 426 3
369 426 1
376 434 3
392 451 3
397 456 3
348 406 3
407 408 3
353 410 3
354 412 3
363 420 3
363 421 3
364 421 3
367 425 3
371 429 3
372 430 3
373 431 3
373 432 3
374 432 3
377 434 3
390 448 3
394 451 3
394 453 3
395 453 3
398 456 3
399 457 3
400 457 3
406 407 3
410 411 3
411 412 3
412 413 3
414 415 3
418 419 3
364 422 3
368 425 3
370 429 3
429 430 3
430 431 3
374 433 3
375 433 3
375 434 3
391 448 3
395 454 3
397 454 3
401 460 3
420 421 3
421 422 3
365 424 3
424 425 3
447 448 3
450 451 3
460 461 3
365 422 3
365 423 3
431 432 3
453 454 3
422 423 3
423 424 3
441 442 3
442 443 0
448 450 3
394 452 3
401 457 3
401 517 3
370 426 1
433 434 3
451 452 3
452 453 3
398 457 3
457 516 3
401 516 3
460 517 3
461 462 3
432 433 3
408 410 3
438 439 1
516 517 3
378 434 3
416 474 3
425 426 3
418 474 3
381 439 3
386 502 1
397 513 3
456 513 3
381 438 0
441 498 3
443 502 1
388 502 1
388 503 1
448 507 1
456 457 3
418 475 3
370 486 3
381 498 3
498 499 3
502 503 3
446 503 1
448 506 1
370 485 3
429 486 3
379 495 3
438 496 1
439 498 3
503 504 3
406 464 3
426 485 3
485 486 3
434 493 3
378 493 3
378 494 3
379 494 3
438 495 3
439 496 3
441 499 3
446 504 1
407 466 3
408 466 3
408 467 3
474 475 3
429 487 3
493 494 3
494 495 3
454 513 3
517 518 3
461 519 3
466 467 3
410 467 3
410 468 3
486 487 3
443 501 1
447 506 1
448 508 1
450 508 1
451 509 1
460 518 3
462 519 3
467 468 3
411 468 3
411 469 3
412 469 3
412 471 3
413 471 3
414 471 3
414 472 3
501 502 3
507 508 3
450 509 1
462 520 3
463 520 3
468 469 3
471 472 3
415 472 3
415 473 3
416 473 3
418 477 3
419 477 3
430 487 3
506 507 2
508 509 3
452 509 1
463 521 3
472 473 3
442 499 3
520 521 3
423 481 3
424 481 3
431 489 3
439 497 3
439 555 3
442 501 1
447 504 1
447 505 1
412 470 3
420 477 3
420 478 3
421 478 3
421 480 3
422 480 3
423 480 3
424 482 3
424 483 3
425 483 3
430 489 3
432 489 3
497 555 3
498 555 3
442 500 3
505 506 1
452 511 3
453 511 3
456 514 3
457 514 3
407 464 3
469 470 3
470 471 3
473 474 3
477 478 3
480 481 3
481 482 3
482 483 3
499 500 3
500 501 1
504 505 0
457 515 3
461 518 3
418 476 3
495 496 1
496 497 3
475 476 3
476 477 3
513 514 3
426 483 3
487 489 3
514 515 3
519 520 3
478 480 3
454 511 3
515 516 3
518 519 3
407 523 3
433 548 3
434 548 3
464 523 3
466 523 3
495 554 1
432 548 3
483 485 3
489 548 3
496 554 3
478 537 3
480 537 3
487 546 1
489 546 1
489 547 3
499 555 1
509 568 3
452 568 1
454 570 3
513 570 3
546 547 3
513 571 3
485 544 3
517 574 3
466 524 3
468 527 3
469 527 3
475 533 3
499 557 3
511 568 1
511 570 3
570 571 3
516 574 3
467 524 3
474 533 3
482 540 3
486 544 3
555 557 3
483 540 3
495 553 3
493 548 3
500 616 1
503 561 3
467 526 3
468 526 3
473 531 3
480 538 3
486 546 1
500 557 3
501 616 3
502 560 3
503 560 3
504 561 3
567 568 3
470 528 3
471 528 3
471 529 3
472 530 3
472 531 3
477 535 3
477 536 3
478 536 3
481 538 3
485 543 3
544 546 3
496 555 3
501 559 3
501 560 3
506 508 2
509 567 3
514 571 3
514 572 3
520 579 3
521 579 3
464 522 3
467 525 3
526 527 3
469 528 3
529 530 3
474 531 3
476 535 3
483 543 3
553 554 3
504 562 3
506 564 1
508 565 3
515 572 3
515 574 3
520 578 3
522 523 3
524 525 3
528 529 3
530 531 3
481 539 3
493 551 3
556 557 3
559 616 3
560 561 3
561 562 3
505 562 1
505 563 1
505 564 1
519 577 3
519 578 3
476 533 3
482 539 3
548 551 3
554 555 3
555 556 3
571 572 3
518 577 3
578 579 3
523 524 3
527 528 3
535 536 3
537 538 3
557 616 1
559 560 3
518 576 3
577 578 3
539 540 3
483 599 2
547 548 3
494 551 3
508 564 1
508 567 3
511 569 1
569 570 0
515 573 3
525 526 3
538 539 3
540 599 3
543 544 3
562 563 3
563 564 3
564 565 0
573 574 3
474 590 3
548 549 3
494 553 2
531 590 3
533 590 3
536 537 3
549 551 3
568 569 3
572 573 3
517 576 3
517 575 3
575 576 3
476 592 3
576 577 3
533 592 3
535 592 3
535 651 3
536 651 3
574 575 3
546 604 3
483 600 2
547 604 3
561 619 3
543 600 3
551 610 2
494 610 2
562 619 3
553 610 2
533 591 3
591 592 3
599 600 3
560 619 3
568 626 3
523 581 3
524 581 3
565 623 3
508 624 3
567 624 3
527 585 3
528 585 3
544 603 3
551 609 2
565 624 3
579 637 3
536 594 3
546 603 3
549 609 3
557 615 3
569 627 2
578 637 3
522 581 3
524 582 3
525 582 3
525 583 3
526 584 3
531 589 3
547 606 2
548 606 2
609 610 3
554 612 3
555 612 3
556 615 3
563 622 3
564 622 2
570 627 1
525 584 3
528 586 3
529 587 3
530 587 3
530 588 3
589 590 3
538 596 3
549 606 3
615 616 1
559 617 3
572 630 3
573 630 3
578 636 3
522 580 3
527 584 3
529 586 3
588 589 3
536 595 3
537 595 3
560 617 3
562 620 3
563 620 3
565 622 3
623 624 3
571 629 3
574 632 3
580 581 3
581 582 3
540 598 2
553 612 2
616 617 3
560 618 3
618 619 3
569 626 2
629 630 3
573 632 3
583 584 3
590 591 3
538 595 3
539 596 3
539 598 2
556 612 3
567 625 2
567 626 3
570 629 3
575 632 3
577 636 3
584 585 3
585 586 3
586 587 3
587 588 3
594 651 3
594 595 3
543 601 3
622 623 3
624 625 0
626 627 1
636 637 3
582 583 3
600 601 3
544 601 3
604 606 3
619 620 3
625 626 3
598 599 3
617 618 3
573 689 3
592 651 3
553 670 3
630 689 3
603 604 3
577 693 3
595 596 3
606 609 3
610 670 3
627 629 0
632 689 3
576 693 3
601 603 3
575 691 3
575 692 3
636 693 3
609 666 3
612 670 2
632 691 3
691 692 3
576 692 3
606 666 3
563 679 3
596 654 2
539 654 2
620 679 3
622 679 2
692 693 3
606 663 2
606 664 3
606 665 3
556 672 2
627 686 2
604 663 3
665 666 3
556 671 2
615 672 3
629 686 1
636 694 3
586 644 3
663 664 1
664 665 3
669 670 3
612 671 2
671 672 3
619 677 3
693 694 3
636 695 3
637 695 3
585 644 3
604 662 3
609 667 3
610 669 3
620 677 3
627 685 2
585 643 3
603 661 2
662 663 3
666 667 3
610 667 3
626 685 1
592 650 3
654 655 3
539 655 2
599 657 3
601 659 3
601 660 3
603 660 2
661 662 0
625 684 1
626 684 1
583 641 3
587 644 3
589 647 3
595 653 2
595 654 2
598 655 3
659 660 3
660 661 3
670 671 3
580 639 3
581 639 3
582 641 3
584 641 3
588 646 3
590 647 3
591 649 3
592 649 3
594 652 3
615 673 1
629 687 1
582 640 3
588 647 3
610 668 3
672 673 1
616 673 3
616 674 3
618 677 3
620 678 3
679 680 3
622 680 3
625 683 1
684 685 3
630 687 1
580 638 3
581 640 3
587 645 3
587 646 3
590 649 3
649 650 3
594 653 2
653 654 3
600 657 3
667 668 3
668 669 3
673 674 3
616 675 3
617 675 3
618 676 3
677 678 3
678 679 3
622 624 3
624 682 1
624 683 1
686 687 3
632 690 3
640 641 3
584 642 3
644 645 3
598 656 3
598 657 3
617 676 3
676 677 3
682 683 3
683 684 3
685 686 3
630 688 1
689 690 3
690 691 3
694 695 3
638 639 3
585 642 3
646 647 3
650 651 3
652 653 3
656 657 3
600 659 3
675 676 3
641 642 3
643 644 3
645 646 3
651 652 3
655 656 3
674 675 3
687 688 3
688 689 0
624 680 1
639 640 3
657 659 3
680 682 3
642 643 3
647 649 3
657 658 3
658 659 3
689 747 1
680 739 3
682 739 3
650 708 3
683 741 3
686 745 2
687 745 3
688 747 3
651 708 2
684 741 3
682 741 3
675 733 3
672 730 3
684 743 3
685 743 3
657 715 3
663 721 1
671 730 3
673 730 0
674 733 3
686 743 3
649 707 2
650 707 3
658 715 3
662 721 1
664 721 3
641 699 3
642 699 3
707 708 3
671 729 3
673 731 3
674 731 3
678 737 3
686 744 3
692 750 3
640 699 3
642 700 3
651 710 2
652 710 2
656 715 3
662 720 1
665 723 3
670 729 3
679 737 3
689 748 3
691 750 3
693 750 3
694 753 3
695 753 3
639 698 3
640 698 3
643 700 3
643 701 3
644 701 3
647 706 2
649 706 3
651 709 2
654 712 3
656 714 3
658 716 3
659 716 3
661 720 3
664 723 3
666 723 3
680 738 3
743 744 3
744 745 3
690 748 3
638 696 3
639 696 3
639 697 3
644 702 3
709 710 3
653 711 3
655 712 3
714 715 3
659 717 3
660 718 3
661 719 3
720 721 3
664 722 3
666 724 3
667 725 3
668 726 3
669 726 3
674 732 3
676 734 3
676 735 3
677 735 3
678 736 3
682 740 3
688 746 3
691 749 3
693 751 3
694 751 3
694 752 3
696 697 3
698 699 3
700 701 3
701 702 3
645 702 3
645 703 3
708 709 3
717 718 3
718 719 3
719 720 3
721 722 3
722 723 3
723 724 3
724 725 3
725 726 3
729 730 3
730 731 1
675 734 3
735 736 3
736 737 3
679 738 3
738 739 3
739 740 3
740 741 3
684 742 3
687 746 3
748 749 3
750 751 3
751 752 3
752 753 3
699 700 3
647 705 2
652 711 3
653 712 3
669 727 3
731 732 3
734 735 3
749 750 3
645 704 3
646 705 2
706 707 3
711 712 3
655 714 3
715 716 3
716 717 3
726 727 3
670 727 3
670 728 3
728 729 3
732 733 3
742 743 3
747 748 0
697 698 3
702 703 3
646 704 3
705 706 3
741 742 3
687 804 3
746 804 3
712 714 3
727 728 3
745 804 3
703 704 3
710 711 3
737 738 3
733 734 3
746 747 3
704 705 3
712 770 3
714 770 3
742 800 3
739 797 3
741 800 3
702 760 2
705 762 3
705 764 3
732 790 3
733 790 3
740 797 3
743 801 3
745 803 3
803 804 3
747 804 3
747 806 0
748 806 2
698 755 3
703 760 3
704 762 3
706 764 3
715 773 3
737 795 3
738 795 3
740 798 3
741 798 3
744 801 3
697 755 3
698 757 3
699 757 3
700 757 3
701 760 2
760 761 3
703 761 3
711 770 3
714 771 3
714 773 3
735 794 3
736 794 3
709 767 3
714 772 3
730 788 3
734 792 3
734 793 3
738 797 3
743 800 3
744 802 3
745 802 3
750 808 3
752 811 3
753 811 3
696 754 3
700 758 3
703 762 3
707 765 3
708 767 3
710 767 3
711 769 3
716 774 3
719 777 3
720 778 3
721 779 3
722 780 3
723 781 3
724 782 3
729 787 3
729 788 3
731 788 2
733 791 3
733 792 3
735 793 3
738 796 3
797 798 3
741 799 3
800 801 3
749 806 2
749 807 2
751 809 3
752 810 3
754 755 3
701 758 3
708 765 3
769 770 3
771 772 3
772 773 3
773 774 3
717 774 3
717 775 3
718 775 3
718 777 3
777 778 3
778 779 3
779 780 3
780 781 3
781 782 3
725 782 3
725 784 3
726 784 3
728 787 3
787 788 3
790 791 3
792 793 3
737 794 3
795 796 3
796 797 3
798 799 3
799 800 3
801 802 3
750 807 2
751 808 3
751 810 3
698 756 3
757 758 3
706 765 3
770 771 3
808 809 3
755 756 3
761 762 3
731 790 3
794 795 3
807 808 3
756 757 3
758 760 3
762 764 3
727 784 3
809 810 3
810 811 3
791 792 3
802 803 3
793 794 3
806 807 3
764 765 3
774 775 3
758 759 3
759 760 3
708 766 3
711 767 3
782 784 3
804 863 3
765 766 3
767 769 3
788 790 3
747 863 3
766 767 3
775 777 3
728 784 3
762 822 3
764 822 3
767 826 3
765 822 3
769 826 3
806 863 1
784 843 3
728 843 3
728 844 3
787 844 3
760 762 3
762 821 3
780 839 3
781 839 3
782 841 3
784 841 3
843 844 3
821 822 3
767 825 3
769 827 3
779 838 3
780 838 3
782 840 3
784 842 3
794 852 3
795 852 3
799 858 3
802 860 3
806 864 3
825 826 3
770 827 3
777 835 3
838 839 3
782 839 3
840 841 3
841 842 3
842 843 3
787 845 3
800 858 3
801 860 3
863 864 0
807 864 3
757 815 2
762 819 3
775 834 3
777 834 3
777 836 3
779 837 3
844 845 3
788 845 3
790 848 2
795 853 3
797 855 3
798 855 3
756 815 2
760 819 3
773 831 3
834 835 3
778 836 3
778 837 3
837 838 3
788 846 3
788 847 3
790 847 2
790 849 3
791 849 2
852 853 3
798 857 3
799 857 3
759 817 3
759 818 3
760 818 3
819 821 3
772 830 3
835 836 3
857 858 3
801 859 3
859 860 3
811 869 3
817 818 3
770 828 3
771 828 3
773 830 3
774 831 3
836 837 3
839 840 3
845 846 3
847 848 3
792 849 2
801 858 3
807 866 2
808 866 2
810 869 3
754 812 3
755 813 3
756 813 3
830 831 3
795 854 3
796 854 3
803 861 3
812 813 3
758 817 3
818 819 3
771 830 3
774 832 3
775 832 3
848 849 3
792 851 2
792 794 2
794 851 0
796 855 3
855 856 3
798 856 3
858 859 3
803 860 3
803 862 3
804 862 3
863 921 0
808 867 2
809 867 2
810 868 2
758 815 3
766 824 3
766 825 3
826 827 3
860 861 3
861 862 3
864 921 3
807 923 3
809 868 2
824 825 3
832 834 3
846 847 3
856 857 3
862 863 3
864 923 3
868 869 0
827 828 3
831 832 3
854 855 3
866 867 3
867 868 3
862 920 3
766 822 3
849 851 3
853 854 3
866 923 2
819 820 3
851 852 1
815 817 3
861 920 3
813 815 3
820 821 3
832 891 3
834 891 3
819 877 3
818 876 3
818 877 3
820 877 3
840 898 3
841 898 3
828 830 3
854 912 3
855 912 3
866 924 2
815 873 3
822 824 3
831 889 3
832 889 3
852 910 3
923 924 3
815 872 3
822 881 3
830 889 3
849 908 3
851 908 3
813 872 1
817 873 3
817 875 3
824 881 3
830 887 3
830 888 3
876 877 3
828 887 3
888 889 3
841 899 3
818 875 3
887 888 3
898 899 3
842 899 3
851 909 3
851 910 3
822 880 3
880 881 3
828 886 3
832 890 3
834 892 3
837 896 3
838 896 3
852 911 3
858 916 0
859 916 0
859 917 0
860 917 0
863 920 3
872 873 3
875 876 3
827 885 3
886 887 3
889 890 3
890 891 3
891 892 3
835 892 3
836 894 3
837 895 3
839 896 3
848 906 3
908 909 3
909 910 3
853 911 3
854 911 3
860 918 0
861 919 3
812 870 1
813 871 1
873 932 3
817 932 3
820 878 3
828 885 3
835 893 3
835 894 3
836 895 3
839 898 3
843 901 3
844 902 3
845 902 3
849 906 3
849 907 3
855 913 0
916 917 3
917 918 3
920 921 2
870 871 3
871 872 3
821 879 3
822 879 3
826 885 3
885 886 3
842 900 3
843 900 3
901 902 3
846 904 3
847 905 3
847 906 3
907 908 3
911 912 2
855 914 0
856 914 0
861 918 0
867 924 2
869 927 1
875 932 3
825 883 3
826 884 3
893 894 3
894 895 3
895 896 3
839 897 3
900 901 3
845 904 3
847 904 3
912 913 2
857 915 0
919 920 3
867 925 2
868 927 2
877 878 3
820 879 3
883 884 3
884 885 3
892 893 3
896 897 3
897 898 3
899 900 3
904 905 3
905 906 3
913 914 3
857 914 0
858 915 0
924 925 3
878 879 3
906 907 3
914 915 3
915 916 3
879 880 3
902 904 3
918 919 3
824 883 3
910 911 3
921 923 3
868 925 2
881 883 3
868 984 2
925 984 3
927 984 3
880 938 3
881 938 3
879 938 3
884 941 3
883 940 3
883 941 3
887 945 3
888 945 3
896 954 3
897 954 3
902 961 3
904 961 3
886 945 3
890 949 3
891 949 3
902 960 3
876 934 3
881 940 3
885 943 3
901 960 3
920 978 2
872 931 3
873 931 3
877 934 3
878 936 3
886 943 3
890 948 3
892 949 3
897 955 3
898 955 3
898 957 3
899 957 3
911 969 2
919 977 2
920 977 2
921 978 3
875 934 3
877 935 3
878 935 3
879 936 3
889 948 3
960 961 3
910 969 3
916 975 3
917 975 3
870 928 3
871 929 3
872 930 3
879 937 3
881 939 3
940 941 3
884 942 3
885 942 3
886 944 3
888 946 3
889 947 3
892 950 3
893 951 3
895 953 3
895 954 3
900 957 3
900 958 3
901 959 3
918 975 3
918 977 3
977 978 3
928 929 3
929 930 3
930 931 3
931 932 3
875 933 3
933 934 3
935 936 3
936 937 3
937 938 3
938 939 3
939 940 3
941 942 3
945 946 3
946 947 3
947 948 3
948 949 3
950 951 3
894 951 3
901 958 3
959 960 3
904 962 3
905 962 3
915 973 3
916 974 3
925 983 3
934 935 3
949 950 3
953 954 3
958 959 3
961 962 3
905 963 3
907 965 3
908 967 3
909 967 3
914 973 3
973 974 3
974 975 3
975 977 3
921 980 3
923 980 3
924 980 3
983 984 3
942 943 3
943 944 3
944 945 3
954 955 3
957 958 3
962 963 3
906 963 3
906 964 3
906 965 3
910 967 2
912 969 2
925 980 3
963 964 3
964 965 3
932 933 3
955 957 3
907 967 3
894 1010 3
965 967 3
967 969 3
980 983 3
951 1010 3
953 1010 3
955 1014 3
957 1014 3
913 969 3
913 970 3
921 1038 3
969 970 3
913 971 3
914 971 3
970 971 3
971 973 3
967 1024 3
975 1034 3
977 1034 3
978 1038 3
980 1038 3
927 1043 3
965 1024 3
967 1026 3
969 1026 3
980 1040 3
984 1043 3
983 1040 3
978 1037 3
980 1039 3
1037 1038 3
1039 1040 3
984 1042 3
971 1030 3
978 1036 3
983 1042 3
931 990 3
932 990 3
947 1005 3
957 1015 3
973 1030 3
1036 1037 3
933 990 3
934 992 3
938 996 3
940 999 3
941 999 3
942 1000 3
942 1001 3
943 1001 3
946 1005 3
1014 1015 3
967 1025 3
977 1036 3
930 988 3
931 989 3
935 992 3
937 995 3
939 996 3
940 998 3
941 1000 3
944 1001 3
950 1009 3
951 1009 3
957 1016 3
958 1016 3
964 1023 3
965 1023 3
1024 1025 3
1025 1026 3
970 1028 3
1038 1039 3
1042 1043 3
930 989 3
933 991 3
934 991 3
936 995 3
937 996 3
939 997 3
998 999 3
944 1002 3
945 1004 3
946 1004 3
947 1006 3
948 1006 3
949 1007 3
950 1007 3
1009 1010 3
953 1011 3
954 1012 3
963 1021 3
971 1028 3
977 1035 3
928 986 3
929 987 3
929 988 3
988 989 3
935 993 3
936 994 3
1001 1002 3
945 1002 3
945 1003 3
950 1008 3
1011 1012 3
955 1013 3
959 1017 3
960 1018 3
961 1019 3
962 1020 3
962 1021 3
964 1021 3
1026 1027 3
969 1027 3
969 1028 3
971 1029 3
973 1031 3
974 1032 3
975 1033 3
1033 1034 3
1034 1035 3
1035 1036 3
983 1041 3
1041 1042 3
986 987 3
987 988 3
989 990 3
991 992 3
993 994 3
994 995 3
996 997 3
939 998 3
1000 1001 3
1002 1003 3
1006 1007 3
1008 1009 3
1012 1013 3
1013 1014 3
1015 1016 3
1016 1017 3
1017 1018 3
1018 1019 3
1019 1020 3
1020 1021 3
1023 1024 3
1028 1029 3
1029 1030 3
1030 1031 3
1031 1032 3
1032 1033 3
1040 1041 3
992 993 3
995 996 3
999 1000 3
1004 1005 3
1005 1006 3
1007 1008 3
990 991 3
997 998 3
1003 1004 3
1010 1011 3
1027 1028 3
1021 1023 3
