0 1 3
1 2 3
2 3 3
3 5 1
5 6 3
6 7 3
7 8 3
8 9 3
9 10 3
10 11 3
11 12 3
12 13 3
13 14 3
14 16 0
16 17 3
17 18 3
18 19 3
19 20 3
20 21 3
21 22 3
22 23 3
23 25 3
25 26 3
26 27 3
27 28 3
28 87 3
30 87 3
30 31 3
31 32 3
32 33 3
33 35 3
35 36 3
36 37 3
37 38 3
38 39 1
39 40 3
40 41 1
41 42 3
42 43 3
43 44 3
44 45 3
45 46 3
46 48 3
48 49 3
49 50 3
50 51 3
51 52 3
52 54 3
54 56 3
56 57 3
23 82 3
25 82 3
43 101 3
3 62 1
5 62 3
35 92 3
16 75 3
33 92 3
46 105 3
48 105 3
14 73 3
14 72 3
16 73 3
72 73 3
18 75 3
33 91 3
37 95 3
54 113 3
56 113 3
10 68 3
17 75 3
91 92 3
38 95 3
46 104 3
52 111 3
54 111 3
11 68 3
11 70 3
12 70 3
82 83 3
25 83 3
35 93 3
40 98 1
45 104 3
2 61 3
3 61 3
8 66 3
9 66 3
13 70 3
13 72 3
22 81 3
23 81 3
92 93 3
44 102 3
49 107 3
50 109 3
51 109 3
51 110 3
52 110 3
9 67 3
81 82 3
40 99 1
41 99 3
48 107 3
50 107 3
110 111 3
56 114 3
57 114 3
10 67 3
20 78 3
21 78 3
21 80 3
22 80 3
27 87 3
98 99 3
45 102 3
48 106 3
106 107 3
50 108 3
54 112 3
113 114 3
0 58 3
1 59 3
2 60 3
61 62 1
5 63 3
6 63 3
6 64 3
7 64 3
7 65 3
19 77 3
30 88 3
31 88 3
36 93 3
36 94 3
44 101 3
107 108 3
108 109 3
111 112 3
112 113 3
57 115 3
58 59 3
2 59 3
60 61 3
62 63 3
64 65 3
7 66 3
66 67 3
18 77 3
77 78 3
80 81 3
94 95 3
39 97 1
42 99 3
45 103 3
104 105 3
105 106 3
109 110 3
114 115 3
63 64 3
83 85 3
25 85 3
27 86 3
86 87 3
31 89 3
93 94 3
38 96 3
39 96 0
97 98 3
42 100 3
101 102 3
103 104 3
26 85 3
27 85 3
32 89 3
95 96 3
99 100 3
65 66 3
67 68 3
85 86 3
87 88 3
88 89 3
102 103 3
70 72 3
96 97 1
43 100 3
100 101 3
59 60 3
11 127 3
70 127 3
21 137 3
80 137 3
68 127 3
78 137 3
16 132 3
73 132 3
75 132 3
70 129 3
72 129 3
33 148 3
96 154 1
97 154 3
59 117 3
70 128 3
91 148 3
75 133 3
83 140 3
89 148 3
32 148 3
93 151 3
72 130 3
132 133 3
94 151 3
58 117 3
62 178 0
127 128 3
73 130 3
75 134 3
80 138 3
85 142 3
98 156 3
99 158 3
100 158 3
105 163 3
106 163 3
109 168 3
110 168 3
111 168 3
63 178 0
63 121 3
65 123 3
66 123 3
128 129 3
18 134 3
83 142 3
89 147 3
95 153 1
99 156 3
111 169 3
60 119 3
61 119 3
64 121 3
64 122 3
137 138 3
81 139 3
82 140 3
83 141 3
87 145 3
88 145 3
147 148 3
92 150 3
93 150 3
96 153 1
101 160 3
102 160 3
107 165 3
112 169 3
121 178 0
67 125 3
67 126 3
68 126 3
77 134 3
77 135 3
78 135 3
81 140 3
141 142 3
100 159 3
101 159 3
108 165 3
168 169 3
112 170 3
114 172 3
60 118 3
61 178 3
120 178 0
122 123 3
66 124 3
66 125 3
126 127 3
73 131 3
78 136 3
140 141 0
91 149 3
94 152 3
153 154 3
97 155 3
99 157 3
159 160 3
103 162 3
104 162 3
104 163 3
113 170 3
113 172 3
115 173 3
117 118 3
118 119 3
121 122 3
123 124 3
125 126 3
129 130 3
130 131 3
133 134 3
134 135 3
136 137 3
139 140 3
142 143 3
85 143 3
86 144 3
88 147 3
148 149 3
92 149 3
150 151 3
151 152 3
152 153 1
154 155 3
155 156 3
157 158 3
158 159 3
106 165 3
172 173 3
58 116 1
124 125 3
135 136 3
81 138 3
85 144 3
144 145 3
103 160 3
162 163 3
108 167 3
109 167 3
131 132 3
149 150 3
156 157 3
169 170 3
113 171 3
143 144 3
106 222 3
167 168 3
170 171 3
171 172 3
119 178 3
88 204 3
163 222 3
165 167 3
138 139 3
147 204 3
160 162 3
165 222 3
143 201 3
144 201 3
145 203 3
145 204 3
116 117 0
162 219 3
122 178 0
203 204 3
160 219 3
119 120 1
154 212 3
165 224 3
153 212 3
156 214 3
167 224 3
139 197 3
157 214 3
159 217 3
138 197 3
158 217 3
160 217 3
163 221 3
178 179 3
136 194 3
137 194 3
162 221 3
122 179 0
124 182 3
125 182 3
140 197 3
148 206 3
152 210 3
168 225 3
173 230 3
116 233 3
129 187 3
130 188 3
131 188 3
137 195 3
142 201 3
149 206 3
151 210 3
153 210 0
155 212 3
167 225 3
172 230 3
117 233 1
125 183 3
126 183 3
130 187 3
132 190 3
133 191 3
134 192 3
194 195 3
138 195 3
142 200 3
149 207 3
151 209 3
165 223 3
223 224 3
117 176 3
118 176 3
118 177 3
119 177 3
122 180 3
123 180 3
123 181 3
124 181 3
128 187 3
131 190 3
132 191 3
134 191 3
135 192 3
135 193 3
136 193 3
140 198 0
200 201 3
144 203 3
147 206 3
150 207 3
150 209 3
209 210 3
210 211 1
153 211 3
211 212 3
155 213 3
158 216 3
169 227 3
116 174 3
176 177 3
126 184 3
126 185 3
127 185 3
128 185 3
128 186 3
138 196 3
197 198 0
147 205 3
156 213 3
157 215 3
157 216 3
216 217 3
162 220 3
222 223 3
168 226 3
168 227 3
170 227 3
186 187 3
190 191 3
195 196 3
196 197 3
141 199 3
204 205 3
212 213 3
214 215 3
219 220 3
220 221 3
224 225 3
225 226 3
226 227 3
170 228 3
171 230 3
181 182 3
185 186 3
191 192 3
192 193 3
193 194 3
141 198 3
213 214 3
227 228 3
171 228 3
173 231 3
180 181 3
182 183 3
183 184 3
142 199 3
144 260 3
206 207 3
230 231 3
174 233 3
120 177 0
184 185 3
205 206 3
207 209 3
221 222 3
187 188 3
179 180 1
201 260 3
215 216 3
188 190 3
199 200 3
209 267 3
177 178 3
198 199 3
188 247 0
207 267 3
190 249 0
203 260 3
178 236 3
190 247 0
191 249 3
216 274 3
217 274 3
220 278 3
171 287 3
193 252 3
194 252 3
219 278 3
228 287 3
177 236 3
186 244 3
187 245 3
207 265 3
217 219 3
177 235 3
185 244 3
186 245 3
199 257 3
265 267 3
217 276 3
222 280 3
223 280 3
198 257 3
212 270 3
213 270 3
219 276 3
176 234 3
177 234 3
178 237 3
179 237 3
183 241 3
184 241 3
191 250 3
192 250 3
193 251 3
251 252 3
215 273 3
217 275 3
176 233 1
235 236 3
182 240 3
203 261 3
205 263 3
206 264 3
207 264 3
214 272 3
215 272 3
216 273 3
221 279 3
227 286 3
228 286 3
236 237 3
180 239 3
181 239 3
181 240 3
196 254 3
197 254 3
198 256 3
260 261 3
204 261 3
206 263 3
210 267 3
211 270 3
213 272 3
275 276 3
276 277 3
219 277 3
220 279 3
230 287 3
174 232 3
180 238 3
184 242 3
185 243 3
194 253 3
195 253 3
195 254 3
198 255 3
256 257 3
199 258 3
200 258 3
201 259 3
204 262 3
205 262 3
210 268 3
211 269 3
213 271 3
273 274 3
221 280 3
223 281 3
223 282 3
224 282 3
225 283 3
226 284 3
227 285 3
230 288 3
231 288 3
232 233 3
233 292 0
233 234 0
234 235 3
180 237 0
239 240 3
240 241 3
242 243 3
243 244 3
244 245 3
188 246 3
252 253 3
197 255 0
258 259 3
259 260 3
261 262 3
262 263 3
211 268 0
269 270 3
270 271 3
271 272 3
272 273 3
277 278 3
280 281 3
281 282 3
282 283 3
283 284 3
284 285 3
285 286 3
238 239 3
245 246 3
246 247 0
190 306 0
253 254 3
255 256 3
257 258 3
268 269 1
287 288 3
246 304 0
249 250 3
192 251 3
278 279 3
286 287 3
237 238 1
241 242 3
247 306 3
249 306 3
263 264 3
264 265 3
267 268 3
279 280 3
250 251 3
254 255 0
278 336 3
279 336 3
274 275 3
234 292 3
247 305 3
246 305 0
231 347 3
288 347 3
268 326 3
267 326 3
275 333 3
274 333 3
276 333 3
263 321 3
264 321 3
235 293 3
234 293 3
236 293 3
240 298 3
241 298 3
250 308 3
256 314 3
257 314 3
267 324 3
272 330 3
277 335 3
245 303 3
251 308 3
251 310 3
252 310 3
254 312 0
261 319 3
270 329 3
271 329 3
273 330 3
274 332 3
276 335 3
278 335 3
279 338 3
280 338 3
287 345 1
237 296 3
238 296 0
244 302 3
245 302 3
246 303 3
253 311 3
254 311 3
255 312 3
258 316 3
262 319 3
273 332 3
276 334 3
286 345 3
288 345 1
232 290 3
233 291 3
236 294 3
237 295 3
239 298 3
242 300 3
243 301 3
304 305 3
249 307 3
250 307 3
251 309 3
252 311 3
255 313 3
257 315 3
257 316 3
259 317 3
260 318 3
267 325 3
270 328 3
271 330 3
273 331 3
332 333 3
281 339 3
282 341 3
285 343 3
288 346 1
290 291 3
293 294 3
237 294 3
295 296 3
241 300 3
300 301 3
301 302 3
309 310 3
312 313 3
313 314 3
314 315 3
316 317 3
317 318 3
318 319 3
262 320 3
263 320 3
324 325 3
325 326 3
269 328 3
328 329 3
330 331 3
335 336 3
279 337 3
281 338 3
285 344 3
286 344 3
345 346 3
346 347 0
291 292 0
292 293 3
239 296 0
298 299 3
241 299 3
302 303 3
310 311 3
315 316 3
269 327 3
331 332 3
333 334 3
334 335 3
336 337 3
337 338 3
282 339 2
283 341 3
294 295 3
239 297 2
321 322 3
264 322 3
268 327 2
327 328 2
338 339 3
284 343 3
297 298 3
305 306 3
307 308 3
308 309 3
326 327 2
344 345 3
306 307 3
311 312 0
320 321 3
265 322 3
265 323 3
329 330 3
284 400 3
343 344 3
296 297 3
303 304 0
319 320 3
267 323 3
284 341 3
299 300 3
322 323 3
341 400 3
303 362 2
311 370 0
304 362 1
323 324 3
339 398 3
282 398 3
343 400 3
312 370 3
305 363 3
311 368 3
341 398 3
305 362 2
310 368 3
335 393 3
334 393 3
332 391 3
333 391 3
336 393 3
339 397 3
346 405 0
347 405 3
300 359 3
301 359 3
302 360 3
362 363 2
306 364 3
368 370 0
319 377 3
320 378 3
321 379 3
322 379 3
324 383 3
325 383 3
334 391 3
336 394 3
397 398 3
303 360 3
303 361 3
305 364 3
318 377 3
320 377 3
321 378 3
329 388 3
330 388 3
393 394 3
337 394 3
341 399 3
345 403 3
346 403 3
290 348 1
291 348 1
292 350 1
293 351 1
299 357 1
299 358 3
300 358 3
301 360 3
361 362 2
307 365 3
307 366 3
308 366 3
309 367 3
369 370 3
313 371 3
314 372 3
315 373 3
316 374 3
317 375 3
318 376 3
326 384 3
331 389 3
331 390 3
332 390 3
337 395 3
338 395 3
399 400 3
344 403 3
346 404 3
291 350 1
293 350 1
359 360 3
360 361 3
364 365 3
366 367 3
367 368 3
368 369 0
370 371 3
371 372 3
372 373 3
373 374 3
374 375 3
375 376 3
376 377 3
377 378 3
325 384 3
327 384 2
328 444 0
329 387 3
331 388 3
394 395 3
403 404 3
404 405 0
350 351 3
294 351 1
294 352 1
298 357 1
363 364 3
365 366 3
378 379 3
327 444 0
388 389 3
389 390 3
390 391 3
398 399 3
357 358 0
322 381 3
323 381 3
324 381 3
327 443 3
291 349 1
349 350 1
383 384 3
443 444 0
343 402 3
344 402 3
351 352 3
295 352 1
297 357 1
379 381 3
387 388 3
348 349 3
295 353 1
297 356 1
381 383 3
339 395 3
402 403 3
295 354 1
296 354 1
297 354 1
384 443 2
352 353 3
353 354 3
356 357 3
391 393 3
358 359 3
328 387 3
400 402 3
354 356 3
387 444 3
383 440 3
393 451 3
356 413 3
381 440 3
393 450 3
354 413 3
450 451 3
397 455 3
359 417 3
379 438 3
381 438 3
391 450 3
395 397 1
400 459 3
402 459 3
358 416 3
358 417 3
395 454 2
357 416 3
416 417 3
360 417 3
390 449 3
391 449 3
397 454 0
400 458 3
458 459 3
354 412 3
383 441 3
351 409 3
352 409 3
353 412 3
377 435 3
378 435 3
378 437 3
394 451 3
398 456 3
399 456 3
403 461 3
350 408 3
360 418 3
374 432 3
379 437 3
387 445 3
390 447 3
402 461 3
349 408 1
356 414 3
417 418 3
369 428 3
370 428 3
373 432 3
384 442 3
443 501 3
388 445 3
388 446 3
389 446 3
389 447 3
352 410 3
413 414 3
357 414 3
361 419 3
365 423 3
367 425 3
368 425 3
368 426 3
372 430 3
442 443 2
447 449 3
454 455 1
348 406 1
349 406 1
353 411 3
357 415 3
360 419 3
361 420 3
362 421 2
363 421 3
364 421 3
364 423 3
366 424 3
425 426 3
371 429 3
373 430 3
375 433 3
376 434 3
398 455 3
399 457 3
399 458 3
404 462 3
405 462 1
405 463 3
408 409 3
353 410 3
411 412 3
414 415 3
415 416 3
362 420 3
423 424 3
424 425 3
428 429 3
429 430 3
373 431 3
374 433 3
433 434 3
440 441 3
445 446 3
457 458 3
403 462 3
462 463 0
410 411 3
418 419 3
431 432 3
377 434 3
381 439 3
384 441 3
444 445 3
449 450 3
450 509 3
456 457 3
409 410 3
412 413 3
430 431 3
435 437 3
439 440 3
442 501 2
446 447 3
451 509 3
461 462 3
421 423 3
432 433 3
395 510 1
454 510 3
420 421 0
369 426 1
438 439 3
441 442 3
394 510 1
455 456 3
426 428 0
428 484 3
419 420 3
426 484 3
420 479 0
421 479 3
434 435 3
451 510 1
406 408 3
461 518 3
510 511 3
454 511 2
428 485 3
421 480 3
423 480 3
406 465 3
484 485 3
435 494 3
437 494 3
437 438 3
444 501 3
459 517 3
402 518 3
408 465 3
410 469 3
411 469 3
411 470 3
412 470 3
459 518 3
413 470 3
458 517 3
410 468 3
469 470 3
413 471 3
414 472 3
441 499 3
409 467 3
468 469 3
470 471 3
415 472 3
415 474 3
416 474 3
418 476 3
430 489 3
433 492 3
434 492 3
455 513 3
517 518 3
410 467 3
417 474 3
417 476 3
424 482 3
429 489 3
435 492 3
440 499 3
445 504 3
446 504 3
447 506 3
456 513 3
458 516 3
406 464 3
464 465 3
418 477 3
419 477 3
425 482 3
425 483 3
426 483 3
431 489 3
435 493 3
446 505 3
447 505 3
449 506 3
450 507 3
454 512 2
457 515 3
457 516 3
462 521 0
463 521 2
408 467 3
413 472 3
420 477 3
432 489 3
449 507 3
511 512 3
454 513 2
456 515 3
461 519 3
476 477 3
479 480 3
423 481 3
423 482 3
483 484 3
432 490 3
433 490 3
493 494 3
462 519 3
467 468 3
471 472 3
480 481 3
481 482 3
504 505 3
509 510 1
512 513 3
428 489 3
489 490 3
444 502 2
445 502 2
515 516 3
518 519 3
482 483 3
492 493 3
516 517 3
415 532 3
488 489 0
442 499 3
501 502 3
506 507 3
472 532 3
420 478 3
478 479 0
438 494 1
439 497 1
440 497 1
513 515 3
519 520 1
462 520 1
472 531 3
531 532 3
474 532 3
438 497 1
485 544 1
428 545 1
489 545 1
494 553 3
440 556 1
502 504 3
505 506 3
417 533 3
476 533 3
477 478 3
488 545 2
438 553 1
438 554 1
497 554 3
497 556 3
499 556 1
499 501 2
520 521 0
474 533 3
428 544 1
490 492 3
450 567 3
509 567 3
515 572 1
544 545 3
488 546 3
499 557 1
513 572 1
556 557 1
465 467 3
553 554 3
502 561 1
504 561 1
465 524 3
467 524 3
470 528 3
471 528 3
490 549 2
492 549 2
501 559 1
515 574 1
516 574 1
502 559 1
518 576 1
469 527 3
479 537 3
480 537 3
484 542 3
489 548 2
490 548 2
519 576 1
472 530 3
478 537 0
483 542 3
499 558 1
501 558 1
507 566 3
510 567 0
515 573 1
517 574 1
532 533 3
477 535 3
478 536 3
485 543 3
489 547 2
548 549 3
492 550 2
502 560 1
505 563 1
450 566 3
566 567 3
512 571 0
513 571 0
572 573 3
573 574 3
517 575 1
467 525 3
471 529 3
476 535 3
477 536 3
547 548 3
559 560 3
560 561 2
504 562 1
504 563 1
507 565 1
574 575 3
518 575 1
464 522 3
465 523 3
469 526 3
472 529 3
476 534 3
480 538 3
481 539 3
482 540 3
483 540 3
483 541 3
485 542 3
488 547 2
549 550 3
493 550 2
561 562 3
562 563 3
506 565 1
510 568 3
511 568 3
512 570 1
575 576 3
519 577 1
522 523 3
523 524 3
467 526 3
468 526 3
469 528 3
528 529 3
529 530 3
534 535 3
536 537 0
538 539 3
539 540 3
541 542 3
493 551 2
557 558 2
558 559 2
506 563 1
567 568 1
511 569 1
511 570 1
571 572 0
576 577 3
520 577 1
524 525 3
525 526 3
530 531 3
533 534 3
535 536 3
542 543 3
543 544 1
550 551 3
494 552 3
506 564 1
568 569 1
570 571 1
526 527 3
527 528 3
537 538 3
540 541 3
545 546 3
564 565 3
565 566 0
569 570 3
521 579 1
552 553 3
543 601 3
493 552 3
554 555 3
520 578 1
521 578 1
542 601 3
497 555 3
555 556 3
563 564 1
577 578 3
537 596 3
538 596 3
578 579 3
551 552 3
543 602 3
544 602 3
526 585 3
573 632 3
574 632 3
527 585 3
556 614 1
532 590 3
557 614 2
531 590 3
537 595 2
546 547 2
551 609 3
552 609 2
558 617 2
559 617 3
566 625 1
567 625 1
536 595 0
539 596 3
541 599 3
553 610 2
553 612 3
554 612 3
561 618 1
584 585 3
595 596 3
542 599 3
542 600 3
552 610 3
565 624 3
524 582 3
525 582 3
528 586 3
532 591 3
533 591 3
540 598 2
600 601 3
565 623 3
566 624 1
567 626 1
568 626 1
569 626 3
575 632 2
525 583 3
527 586 3
529 587 3
534 593 3
535 593 3
541 598 2
599 600 3
546 604 3
555 613 3
623 624 3
569 685 3
522 580 3
523 581 3
526 583 3
530 588 3
533 592 3
534 592 3
536 594 3
598 599 3
544 603 3
545 603 3
545 604 3
547 606 3
548 606 3
548 607 3
549 607 3
550 608 3
551 608 3
554 613 3
559 618 3
560 618 1
562 620 3
563 621 3
625 626 3
570 629 1
571 629 0
580 581 3
581 582 3
585 586 3
586 587 3
590 591 3
593 594 3
601 602 3
607 608 3
612 613 3
556 613 2
561 620 3
620 621 3
564 621 0
624 625 3
572 630 3
577 635 3
582 583 3
587 588 3
531 588 3
594 595 3
547 605 3
564 622 3
565 622 3
571 630 0
575 691 3
576 635 3
579 637 3
583 585 3
539 598 2
603 604 3
609 610 3
613 614 3
561 619 1
621 622 1
622 623 3
573 630 3
632 691 3
578 637 3
583 584 3
591 592 3
592 593 3
546 605 2
606 607 3
610 612 2
557 616 2
558 616 3
618 619 3
619 620 3
629 630 3
575 635 3
578 635 3
531 647 3
596 598 3
602 603 3
605 606 3
617 618 3
569 629 3
588 647 3
590 647 3
608 609 3
626 685 3
630 632 3
616 617 2
629 685 3
596 654 3
598 654 3
630 689 3
635 691 3
595 654 3
604 605 3
632 689 3
635 637 3
614 616 0
632 690 3
614 672 3
635 694 3
637 694 3
583 640 3
689 690 3
635 692 3
637 695 3
582 640 3
610 669 3
612 669 2
613 672 3
616 672 1
617 675 3
630 688 3
635 693 3
583 641 3
618 675 3
691 692 3
594 653 2
595 653 3
629 686 3
692 693 3
694 695 3
584 641 3
585 643 3
594 652 2
652 653 3
602 604 3
613 671 3
693 694 3
653 654 3
671 672 3
672 731 3
616 731 3
616 675 2
619 678 1
624 682 3
629 688 3
690 691 3
581 639 3
582 639 3
591 649 3
592 649 3
593 652 2
602 661 2
604 661 2
609 668 3
610 668 3
612 671 3
618 676 3
619 676 3
620 678 1
623 681 3
623 682 3
580 638 3
584 642 3
585 644 3
586 644 3
588 646 3
590 648 3
591 648 3
593 651 2
598 657 3
599 657 3
604 662 2
608 666 3
608 667 3
609 667 3
621 678 1
621 679 1
622 680 3
623 739 3
625 683 3
629 687 3
638 639 3
641 642 3
586 645 3
587 645 3
587 646 3
651 652 3
602 660 2
605 662 3
607 666 3
666 667 3
667 668 3
668 669 3
678 679 3
679 680 1
623 680 3
682 739 3
682 683 3
625 684 3
626 684 3
685 686 3
687 688 3
644 645 3
592 651 2
598 656 3
660 661 3
661 662 3
605 663 3
606 664 3
607 664 3
680 681 3
683 684 3
688 689 3
640 641 3
643 644 3
646 647 3
656 657 3
600 657 3
600 658 3
602 659 2
662 663 3
606 663 3
664 666 3
675 676 3
681 739 3
584 643 3
647 648 3
592 650 2
657 658 3
601 659 3
659 660 3
686 687 3
639 640 3
649 650 3
601 658 3
663 664 3
616 674 3
645 646 3
648 649 3
684 685 3
642 643 3
650 651 3
654 656 3
658 659 3
674 675 2
612 728 2
678 736 3
669 728 3
674 731 3
619 736 1
671 728 2
654 713 3
640 698 3
656 713 3
664 723 3
666 723 3
639 698 3
672 730 3
691 749 3
674 733 2
675 733 3
692 749 3
693 750 3
619 735 1
692 750 3
693 751 3
671 729 3
676 733 3
676 735 1
735 736 3
689 747 3
750 751 3
695 753 3
647 706 2
648 706 3
654 712 3
658 716 3
663 722 3
664 722 3
728 729 3
678 737 2
679 737 3
684 742 3
685 742 3
686 744 3
687 744 3
688 747 3
694 753 3
642 699 3
644 703 3
645 703 3
712 713 3
657 716 3
659 716 3
729 730 3
680 739 3
690 749 3
694 751 3
641 699 3
643 701 3
644 702 3
656 715 3
657 715 3
667 725 3
668 727 3
690 747 3
638 696 3
639 697 3
642 700 3
642 701 3
643 702 3
646 703 3
646 704 2
646 706 2
648 707 2
649 707 3
651 709 3
659 717 3
660 718 3
661 719 3
662 720 3
663 721 3
666 724 3
666 725 3
669 727 3
682 740 3
683 741 3
685 743 3
687 745 3
690 748 3
694 752 3
696 697 3
641 698 3
700 701 3
701 702 3
704 706 3
649 708 3
650 708 3
650 709 3
652 709 3
652 710 3
715 716 3
716 717 3
717 718 3
718 719 3
719 720 3
720 721 3
721 722 3
722 723 3
723 724 3
724 725 3
668 725 3
730 731 3
674 732 3
732 733 3
676 734 1
679 738 1
680 738 3
739 740 3
740 741 3
741 742 3
742 743 3
743 744 3
744 745 3
688 745 3
688 746 3
747 748 3
748 749 3
751 752 3
752 753 3
698 699 3
699 700 3
706 707 3
707 708 3
654 711 3
727 728 3
733 734 1
734 735 1
738 739 3
745 746 3
749 750 3
703 704 3
704 705 3
705 706 3
708 709 3
709 710 3
653 710 3
653 711 3
711 712 3
746 747 3
697 698 3
731 732 3
736 737 2
702 703 3
656 772 3
713 772 3
715 772 3
668 784 3
727 784 3
710 711 3
725 784 3
737 738 3
739 795 3
710 768 3
731 788 2
711 768 3
730 788 2
729 788 3
736 794 2
737 794 0
738 795 3
699 757 3
728 787 3
737 795 3
700 757 3
701 759 2
706 764 3
709 767 3
710 767 3
729 787 3
735 793 3
736 793 3
749 808 3
750 808 3
751 809 3
752 809 3
700 759 2
702 759 3
702 760 2
703 760 3
707 764 3
767 768 3
711 769 3
712 769 3
715 773 3
718 776 3
728 786 3
731 789 3
732 789 3
746 805 3
747 805 3
697 755 3
716 773 3
717 776 3
723 782 3
724 782 3
727 786 3
733 791 3
734 791 0
742 800 3
752 811 3
753 811 3
696 754 3
698 756 3
699 756 3
700 758 2
707 765 3
713 771 3
716 774 3
717 775 3
719 777 3
720 778 3
721 779 3
722 780 3
723 781 3
725 783 3
727 785 3
732 791 3
734 793 2
795 797 3
739 797 3
743 800 3
743 802 3
744 802 3
745 803 3
746 804 3
748 806 3
749 806 3
750 809 3
754 755 3
755 756 3
757 758 3
704 762 3
706 763 3
764 765 3
708 765 3
712 771 3
771 772 3
772 773 3
774 775 3
776 777 3
719 778 3
778 779 3
779 780 3
780 781 3
781 782 3
782 783 3
783 784 3
784 785 3
785 786 3
786 787 3
787 788 3
740 797 3
743 801 3
802 803 3
803 804 3
804 805 3
805 806 3
703 762 2
704 763 3
773 774 3
775 776 3
777 778 3
793 794 0
740 798 3
740 799 3
741 799 3
741 800 3
801 802 3
703 761 3
763 764 3
709 765 3
734 792 2
797 798 3
800 801 3
808 809 3
758 759 3
760 761 3
788 789 3
789 791 3
791 792 1
756 757 3
759 760 3
761 762 3
762 763 3
769 771 3
794 795 1
765 767 3
768 769 3
798 799 3
799 800 3
752 868 3
765 824 3
806 808 3
809 868 3
811 868 3
767 824 3
769 828 3
792 793 2
771 828 3
806 865 3
808 865 3
795 854 3
762 820 3
765 823 3
794 852 1
761 820 3
823 824 3
772 830 3
794 851 1
757 815 2
771 830 3
788 847 3
789 847 2
793 851 3
755 757 3
758 815 3
759 817 3
769 827 3
781 839 3
799 857 3
760 817 3
763 820 3
780 839 3
787 845 3
788 846 3
798 857 3
799 858 3
808 867 3
755 815 2
758 816 3
761 819 3
764 823 3
767 825 3
827 828 3
786 845 3
787 846 3
846 847 3
792 851 3
851 852 3
795 852 3
800 858 3
800 859 3
801 859 3
802 861 3
803 861 3
809 867 3
754 812 3
755 813 3
815 816 3
759 816 3
764 822 3
768 825 3
768 826 3
769 826 3
828 829 3
771 829 3
773 831 3
774 832 3
775 833 3
776 834 3
777 834 3
777 836 3
778 836 3
779 837 3
780 838 3
782 840 3
783 841 3
784 842 3
785 843 3
786 844 3
795 853 3
797 854 3
797 855 0
797 856 3
798 856 3
856 857 3
804 862 3
805 863 3
806 864 3
811 869 3
812 813 3
819 820 3
822 823 3
830 831 3
831 832 3
832 833 3
833 834 3
836 837 3
837 838 3
838 839 3
839 840 3
840 841 3
841 842 3
842 843 3
843 844 3
844 845 3
791 847 2
852 853 3
854 855 0
857 858 3
862 863 3
863 864 3
864 865 3
755 814 3
760 818 3
824 825 3
829 830 3
845 846 3
792 849 0
853 854 3
855 856 1
858 859 3
803 862 3
814 815 3
816 817 3
817 818 3
818 819 3
764 820 3
825 826 3
826 827 3
847 848 3
791 848 2
792 850 3
868 869 3
813 814 3
850 851 3
859 861 3
861 862 3
867 868 3
868 926 3
869 926 3
820 822 3
792 848 2
834 836 3
848 849 3
849 850 1
808 924 3
867 924 3
859 918 3
861 918 3
865 924 3
820 879 3
863 921 0
822 879 3
834 893 3
836 893 3
855 913 1
856 913 3
820 878 3
878 879 3
861 919 3
862 919 3
826 884 3
827 884 3
854 912 3
855 912 1
830 888 3
818 876 3
825 883 3
826 883 3
831 888 3
840 898 3
846 904 3
847 906 3
848 906 3
853 912 3
912 913 3
919 920 3
862 920 3
862 921 0
867 926 3
813 871 3
815 874 3
816 874 3
817 875 3
819 876 3
822 880 3
827 886 3
828 886 3
829 887 3
839 898 3
841 898 3
845 904 3
850 909 3
858 916 3
858 917 3
859 917 3
867 925 3
812 870 3
814 871 3
815 873 3
875 876 3
823 880 3
823 881 3
824 881 3
828 887 3
832 891 3
833 891 3
836 894 3
837 895 3
838 896 3
839 897 3
841 899 3
842 900 3
843 901 3
844 902 3
845 903 3
847 905 3
849 907 3
850 908 3
851 909 3
851 910 3
852 910 3
853 911 3
856 914 3
857 915 3
858 915 3
916 917 3
917 918 3
920 921 0
864 922 3
865 922 3
865 923 3
870 871 3
874 875 3
820 877 3
879 880 3
883 884 3
829 888 3
831 890 3
832 890 3
834 891 3
834 892 3
893 894 3
894 895 3
895 896 3
896 897 3
897 898 3
899 900 3
900 901 3
901 902 3
902 903 3
903 904 3
904 905 3
906 907 3
850 907 0
908 909 3
852 911 3
911 912 3
913 914 3
857 914 3
915 916 3
918 919 3
921 922 1
922 923 3
925 926 3
869 927 3
873 874 3
880 881 3
824 883 3
884 885 3
827 885 3
886 887 3
887 888 3
891 892 3
892 893 3
898 899 3
907 908 1
926 927 3
819 877 3
890 891 3
905 906 3
910 911 3
914 915 3
815 871 3
876 877 3
877 878 3
923 924 3
924 925 3
885 886 3
909 910 3
888 890 3
815 930 3
881 883 3
871 930 3
873 930 3
924 982 3
888 947 3
890 947 3
884 942 3
885 942 3
926 984 3
881 940 3
883 940 3
917 976 0
918 976 0
927 984 3
873 931 3
880 938 3
883 942 3
890 948 3
911 969 3
915 972 3
919 976 0
920 979 0
876 934 3
879 938 3
883 941 3
886 944 3
887 944 3
887 945 3
888 945 3
891 948 3
921 979 2
875 934 3
878 937 3
879 937 3
881 938 3
888 946 3
894 952 3
910 969 3
912 970 3
972 973 0
915 973 0
930 931 3
873 932 3
874 932 3
937 938 3
944 945 3
945 946 3
946 947 3
893 952 3
896 954 3
911 970 3
913 970 3
919 977 0
925 984 3
870 928 3
871 929 3
877 935 3
878 936 3
940 941 3
885 944 3
947 948 3
891 949 3
892 950 3
895 953 3
897 954 3
897 956 3
898 956 3
899 957 3
900 958 3
901 959 3
902 960 3
903 961 3
904 962 3
905 963 3
906 964 3
909 967 3
913 971 3
914 972 3
916 974 0
917 975 0
976 977 3
920 977 0
920 978 0
922 980 3
984 985 3
927 985 3
928 929 3
929 930 3
875 933 3
933 934 3
934 935 3
935 936 3
936 937 3
881 939 3
941 942 3
948 949 3
949 950 3
893 950 3
893 951 3
952 953 3
953 954 3
899 956 3
957 958 3
958 959 3
959 960 3
960 961 3
961 962 3
962 963 3
905 964 3
914 971 3
973 974 3
974 975 3
977 978 3
978 979 1
979 980 1
923 980 3
875 932 3
938 939 3
939 940 3
885 943 3
950 951 3
951 952 3
956 957 3
907 964 3
908 967 3
910 967 3
970 971 3
975 976 3
932 933 3
942 943 3
943 944 3
897 955 3
963 964 3
907 965 3
908 965 2
954 955 3
955 956 3
964 965 3
910 1025 3
931 932 3
969 1025 3
969 970 3
971 972 3
967 1025 3
923 981 3
925 1041 3
980 981 3
924 981 3
924 1041 3
984 1041 3
981 982 3
982 1040 3
982 1041 3
965 967 2
1025 1026 3
969 1026 3
981 1040 3
972 1031 2
973 1031 3
930 989 3
931 989 3
953 1011 3
974 1032 3
951 1009 3
952 1011 3
954 1011 3
970 1028 3
980 1039 3
937 996 3
938 996 3
963 1022 3
964 1022 3
964 1023 3
965 1023 3
969 1028 3
981 1039 3
930 988 3
950 1009 3
954 1012 3
955 1012 3
962 1020 3
963 1020 3
929 988 3
932 991 3
933 991 3
944 1002 3
1011 1012 3
1022 1023 3
967 1024 2
969 1027 1
1027 1028 2
971 1028 3
971 1029 3
988 989 3
934 992 3
936 994 3
943 1002 3
950 1008 3
965 1024 3
1028 1029 3
973 1032 3
984 1043 3
985 1043 3
934 991 3
935 992 3
937 994 3
948 1006 3
949 1006 3
1008 1009 3
952 1009 3
960 1018 3
961 1019 3
962 1019 3
972 1030 3
979 1038 1
980 1038 3
935 993 3
936 993 3
939 998 3
940 998 3
943 1001 3
945 1002 3
949 1007 3
952 1010 3
956 1015 3
957 1015 3
959 1017 3
961 1018 3
963 1021 3
1026 1027 1
971 1030 3
975 1032 3
1038 1039 3
984 1042 3
928 986 3
929 987 3
931 990 3
932 990 3
937 995 3
939 996 3
939 997 3
941 998 3
941 999 3
942 1000 3
1001 1002 3
945 1003 3
946 1004 3
947 1005 3
950 1007 3
1009 1010 3
1010 1011 3
955 1013 3
956 1014 3
958 1016 3
958 1017 3
1021 1022 3
1030 1031 2
975 1033 3
976 1034 3
977 1035 3
978 1036 3
979 1037 0
1040 1041 3
1041 1042 3
1042 1043 3
986 987 3
987 988 3
990 991 3
994 995 3
995 996 3
996 997 3
997 998 3
999 1000 3
1000 1001 3
1002 1003 3
945 1004 3
1004 1005 3
1005 1006 3
1007 1008 3
1012 1013 3
1013 1014 3
1014 1015 3
1015 1016 3
1017 1018 3
1018 1019 3
1019 1020 3
1020 1021 3
1029 1030 3
1032 1033 3
1033 1034 3
1034 1035 3
1035 1036 3
1036 1037 3
1037 1038 1
1039 1040 3
989 990 3
992 993 3
1006 1007 3
993 994 3
998 999 3
1016 1017 3
991 992 3
1003 1004 3
1023 1024 3
1024 1025 2
1031 1032 3
