0.01794914054 -0.004539171535 4.269646035
-0.01307424638 -0.03834098199 6.001981088
-0.01629669649 -0.005223399905 5.894921128
-0.02986106097 0.158824738 5.576428941
-0.03735722887 0.07547615842 8.82487207
-0.007115647575 0.05417048043 5.897615877
-0.05545146642 -0.04076013623 14.83870326
-0.01715927379 0.05398880822 5.428729892
-0.01283344326 0.06419972123 4.295626046
0.007238381164 0.04874834193 1.459672625
0.09357954465 0.02226676816 -19.2090386
0.05746739158 0.02620336654 -9.951916947
0.05824600004 -0.02504780989 -8.4196467
0.01146020446 -0.05746752783 4.442597461
-0.02302374233 -0.05402901875 15.0811891
-0.05534526307 -0.03028173151 24.69910116
-0.02323391347 -0.01770255546 12.85646566
-0.02456378099 -0.007637916138 12.32191172
-0.05584955567 0.107349872 23.26925263
-0.01071316269 0.002765547318 7.017372584
0.01366754149 0.03263082374 -3.899280927
0.006901467593 0.04626350821 -0.9082702424
-0.001723472618 0.02779758493 3.186682391
0.006932410035 0.05793607668 -1.839861217
-0.008032572153 0.03122856563 6.938307263
0.001235395479 0.03474982967 1.40299757
-0.008732428727 0.006332516794 7.364392784
0.01322813606 0.00282254881 -5.318206156
0.01432410592 0.02206185622 -6.395225918
0.2806382583 0.03068134954 -173.7209384
0.05060470162 0.269767712 -20.17767311
0.03619594727 0.2971487256 -11.21374077
0.02356823601 0.217063686 -1.811105301
0.0271239685 0.1696586654 -3.671703743
-0.006902407176 -0.02362829975 12.42877531
-0.02183853339 -0.02789443068 23.81225791
-0.004186358477 -0.04129195967 10.68662181
0.009199182124 0.001072212338 -0.6298686624
0.009724522293 -0.006928118025 -0.8987350172
0.002516321191 0.003009533094 4.919161175
-0.004443215965 0.008519313346 10.69229063
0.03121493169 -0.00265794761 -21.12638316
0.06039675492 -0.009648689013 -46.78666696
0.05962002121 -0.001944416838 -46.69650608
0.09012022999 -0.01208415513 -76.02468056
0.1101817294 -0.04498979671 -95.28156899
0.09324149672 -0.02783052236 -78.24214905
0.07700933971 -0.03677220788 -60.95812898
0.01725598713 -0.08217880716 1.144614161
-0.002575611561 0.02015265876 10.62354564
0.002877607368 0.004610174253 4.986871974
-0.000721350785 -0.001031808684 9.030853969
-0.009631352617 -9.70333582e-05 19.15537353
-0.002406542973 0.001482396964 10.88329642
-0.01808822458 0.02451119569 28.9211966
-0.01808822458 0.02451119569 28.9211966
0.01979689606 -0.05978006202 23.75458537
0.01577841069 -0.05574401419 28.58076564
0.1274287674 -0.202225248 16.0724579
-0.02134413504 -0.05406611751 14.44931173
-0.08933594688 0.07704817038 13.14606309
-0.08519306185 0.04487184912 12.83001185
-0.00489146643 0.07235407473 5.497854088
-0.04511066724 0.01080250168 12.33571121
-0.04474523336 0.0135119612 12.15065208
-0.008632611879 0.04368308489 4.397190135
0.01139833833 0.06050397428 0.1367163303
0.01759599713 0.03985941134 0.04111026461
0.02761854377 0.0323455955 -2.053268407
0.03864601095 0.02983965868 -4.793226206
0.01703246315 -0.007963919429 1.87922533
-0.0001726394314 -0.01479483105 6.782018372
-0.02034516885 -0.02115826497 13.29138872
-0.04654073436 -0.0111541707 21.15329477
-0.02769983653 -0.01156516368 14.55643279
-0.05444283491 -0.004740764881 23.67848479
-0.0005328214392 0.01368043944 2.193490496
0.01697211654 0.02965235225 -5.085986108
0.01525998589 0.02331568158 -4.784423941
0.01229563598 0.04477732669 -3.156506037
-0.03027686746 0.02349475983 17.80646142
-0.00713266997 0.03371131501 6.018322781
-0.002287964325 0.01413959671 4.21400171
-0.006658580484 0.01810913021 5.828078469
-0.01001230801 0.02242260536 7.788071488
0.007889374315 0.00562722482 -2.597220524
0.01115991919 0.02720448399 -4.791740054
0.04488544409 0.00929599961 -24.75770551
0.100625086 0.06264968718 -61.42926926
-0.2042657737 0.2505490813 142.2945019
0.005195251111 -0.07427800589 4.891240263
0.007026915091 -0.06803831881 3.640107541
-0.01064648229 -0.02039963162 14.87752247
-0.006554252747 -0.01000915166 11.35133289
-0.0174552908 -0.010238296 19.62854532
0.01897450779 -0.007340788494 -8.47375261
0.01372432668 0.004505962773 -4.409836472
-0.003071166295 0.008370153001 9.643316058
-0.004114442055 0.008100489622 10.4273467
0.0308698354 -0.0137681395 -20.42240842
0.03084269149 -0.02300850325 -19.0483641
0.04861213139 -0.02958972932 -35.87023576
0.04796364274 -0.01745491749 -36.1198349
0.09348576646 -0.01142595559 -80.14979997
0.1092548984 -0.0260400769 -94.61689282
0.0468752035 -0.04220369499 -30.50616704
-0.04358092925 -0.009857787715 54.67722257
-0.01078802225 0.006647240916 19.68823867
-0.003036286962 0.00424261749 11.5644098
-0.008522766766 0.005973702228 17.54025661
-0.003913776149 0.0004973176548 12.68282415
0.001786294399 0.005597388902 5.948281721
-0.002371966995 0.01004880726 10.81521351
0.3872253762 -1.758944777 -378.8081158
0.02393146506 -0.05513315511 18.5018109
0.02207567263 -0.03416007098 20.15185085
0.00681781307 -0.01802229606 11.55606764
-0.00581442904 -0.04793659034 13.62970763
-0.07700721934 -0.08129644393 18.39432767
-0.1231119102 -0.01008112349 18.110751
-0.03136786545 -0.07691709653 13.23154796
-0.02430286244 -0.1409576941 17.07516274
-0.02940283888 -0.0352276667 11.12773029
0.009243168408 0.01636954042 2.435274252
0.01052432323 0.03138008652 1.511375916
0.01785805428 0.02760629581 0.3952569099
0.01862743584 0.0172068407 0.8579022088
0.0182418906 0.004695118219 1.397035376
-0.00194559921 -0.000785280445 6.793883944
-0.004792787919 -0.001288498536 7.62692606
-0.0102934324 -0.001458861379 9.344649891
-0.04511197018 0.01335320028 19.88836416
-0.05443654621 0.008667959609 23.10511612
-0.01728572865 0.00317335621 8.963143309
-0.003237929803 0.01305151424 3.214622746
0.06765985114 -0.08386073253 -20.26466122
0.02935970051 0.01739007118 -9.586952336
0.03370634574 0.03222707858 -11.85262455
0.002447048816 0.03129297284 2.108021826
-0.02319431601 0.02869408602 14.39063718
-0.005436300397 0.01504764078 5.606743205
-0.01574025912 0.01561895189 11.37252987
-0.006879385883 0.0175781469 5.705071965
0.002439680315 0.01959105859 0.06251652137
0.04407624145 0.002526585491 -23.92221354
-0.02567791661 -0.07609337726 35.72706146
-0.03273611621 -0.1021122229 42.0983288
-0.08576312767 -0.1051539482 78.0314285
0.02166484494 -0.05106132048 -6.855934903
-0.002107770466 -0.02892851268 7.966883861
0.01258975562 -0.005902402199 -3.189790271
-0.002262611614 -0.0002524101663 7.675767694
0.01912060605 0.005248514064 -9.332210756
0.02416936712 0.001975199879 -12.87099126
0.008811116173 -0.0006710178275 -0.1189655505
0.003810539881 -0.001186896074 4.115446059
-0.004738281617 0.005802374009 11.0828122
0.01975789557 0.003395809922 -10.4147128
0.02472759524 -0.008172767225 -14.30817002
0.01019865204 -0.03659908157 -0.1222089822
0.0513902943 -0.04156713787 -38.64976532
0.08739117416 0.02912099994 -75.69278218
0.06107781384 -0.02162278429 -46.64234659
0.06001726324 -0.1845853062 -38.12199872
-0.04960742847 -0.03540268824 62.56950848
-0.004862432149 -0.01151233699 14.18009794
-0.007904779357 -0.01068099585 17.56516646
-0.003971347828 -0.01125234171 13.17862898
0.0007444938303 -0.0005189415893 7.415822495
-0.001039417163 0.00208404607 9.334860955
-0.006364394326 -0.003127917506 15.77356238
-0.001982074114 -0.001134448473 10.52462069
0.08024308671 -0.0101017972 -51.88003274
0.06427516016 0.0003500711439 -32.81787367
-0.01219301466 -0.005548737566 11.13197814
-0.02427708459 -0.03092743504 13.26272065
0.009858396764 -0.03070065092 5.664131435
-0.05118089689 -0.1244193034 17.68140855
-0.01102895207 -0.04521317532 8.528585386
-0.007116268429 -0.0370317715 7.9967976
0.01494220751 0.005218020864 2.041453503
0.009713785638 0.01252194818 2.637651746
0.01122129006 0.01041759626 2.441053004
0.02316027151 0.008292941766 0.311059519
0.01349975303 0.002764356836 2.851919408
0.004267230287 0.001679354623 5.058870649
-0.006022225375 -0.0003431375529 7.938518927
-0.005930016844 0.004216666329 7.595174245
-0.009978062627 0.003512365417 8.983695592
-0.0251796473 0.003258478024 13.97865459
-0.04774884431 0.01421674713 20.6243418
0.004886853257 0.02308127586 -0.801434723
0.009401673369 0.01875576376 -2.082404567
0.02810606223 0.01690240657 -9.730520406
0.03514858467 0.01195187611 -12.02592892
0.0132269277 0.01583689087 -1.83945592
0.005278917233 0.01798791619 1.597776705
-0.03833592117 0.02956232958 21.98602779
-0.005633261104 0.02525500351 4.861632591
-0.003287176791 0.02336058807 3.331693254
-0.01338795911 0.01897572808 9.587786466
0.0269932433 0.02047543286 -14.35088561
0.01171490164 0.005542656493 -4.824299455
0.06860885639 -0.02650472382 -27.56434355
-0.02354336938 -0.1221495408 36.78509633
-0.03459948533 -0.09122756158 42.6051982
-0.02039323897 -0.03467120256 21.81578219
0.02397634936 -0.01147002632 -12.07685824
0.03076257139 -0.005802761995 -16.90379871
0.01648877865 0.004535713057 -6.893712901
0.01909327945 0.02178696778 -10.17860827
0.01327138272 0.01045841672 -4.539627984
0.0094541573 0.004463331075 -1.015443291
0.009790952745 0.00817976253 -1.633693109
-0.007997248901 0.0001080220855 14.45736321
-0.003541466982 -0.01119377609 11.27778522
0.0002727790709 -0.01391740733 8.036772863
-0.005248149405 -0.02638619253 14.09063779
-0.02476291349 -0.02968312449 32.87108796
0.00779278966 0.0807437402 -8.92214866
0.0379439519 -0.0542306554 -27.968135
0.02379292627 -0.05034103126 -13.67050292
0.01611205903 -0.0444163188 -6.073135652
0.01091361449 -0.02732582589 -1.565147202
-0.001841302342 -0.01059955689 10.93271364
-0.004578709351 -0.01660081923 14.32238626
0.006832641798 -0.01476320735 1.577468587
-0.003111648741 -0.01425234674 12.96489092
-0.004362202712 -0.01130448227 14.08873653
0.2022218499 0.07731805566 -238.5329903
-0.001982074114 -0.001134448473 10.52462069
0.100191094 -0.003796075882 -76.55836092
0.003815311387 -0.007220103621 11.13101086
0.009986849705 -0.007302779992 3.614352768
0.009438278466 -0.001916390464 3.128497509
0.004328982885 -0.02750888177 5.826525223
0.01678920668 -0.006246359762 2.767327672
0.01398268382 0.0006952652846 2.529959863
0.02604633911 0.009328785805 0.1883615776
0.01734945821 0.002614015443 2.219645787
0.0112478576 0.01012492175 2.513930441
0.0130661446 0.007524920173 2.593072325
0.007455398167 0.002536609653 4.255491518
0.004218767214 0.004227013413 4.867492534
-0.003917815932 0.006917003326 6.816374015
-0.01035570873 0.006231879058 8.585432973
-0.009563677329 0.005360538557 8.596722614
-0.04181239437 0.0010527686 19.58540064
-0.06115566103 0.01983767822 23.92973873
-0.02238678971 0.02435666294 9.916772524
-0.004607594511 0.02295178786 3.172588957
0.02893770647 0.01898464536 -10.3546712
0.04820835749 0.008130982458 -18.10509041
0.02985262527 0.009500237571 -9.223637701
0.003220075957 0.006141957602 3.658334723
-0.03228152418 0.01720594814 20.03385451
-0.02424814831 0.02758168827 14.50740545
-0.01788428463 0.01922847861 12.07634102
-0.01308124756 0.007237203615 10.43846236
-0.002403159175 0.0163962634 3.149842813
0.0105775779 -0.00266157853 -2.894741497
0.04884391387 -0.04399711232 -22.6122793
0.01168552346 -0.04960668422 1.153166822
-0.0240714888 -0.0808518988 28.25299851
-0.005729230559 -0.05772156204 12.82416122
0.02634178972 -0.03483929945 -12.00050502
0.05205474623 -0.02080724099 -31.19732687
0.02855271982 -0.004716483449 -15.27352538
0.02792503951 -0.004884723224 -14.77152804
0.007160873102 -0.009935732229 2.315122306
0.005172869506 -0.00969338888 3.956754178
0.009012543156 -0.01438804017 1.184652141
-0.01289697351 -0.01512096185 20.17127595
-0.01136164788 -0.01144843592 18.39426921
0.01460000276 -0.01823706066 -4.348525708
-0.04103259167 -0.02071029032 47.1994158
-0.01294882305 -0.004538604071 19.48802005
-6.305731114e-06 0.01834171876 4.714488325
0.01686964645 0.02535074324 -13.01440464
0.01164027418 -0.005654915795 -4.961429106
0.01883241073 -0.01854357719 -11.29391804
0.02649534872 -0.02579364188 -18.62791541
0.00763533878 -0.008684679476 0.3241831237
-0.01230100871 -0.02373705949 23.40967654
0.004588303455 -0.02577173995 4.515481704
0.002937710918 -0.04050291865 8.02336955
-0.01935155277 -0.06850862914 36.04782534
0.0003067251903 -0.03112700166 9.773870123
0.09072394651 -0.004245392243 -64.93878179
0.09373933171 -0.007875066059 -68.32074738
0.01732721977 -0.001319148643 3.097829603
0.01321092625 0.001164050163 2.842118782
-0.005111117842 -0.003290130222 4.401497532
0.003703979812 -0.01031982314 4.431562727
0.02530693055 -0.01155050857 2.692669947
0.02503401407 1.854981696e-07 1.262422984
0.02516334876 -0.007332476232 2.211462329
0.01500121712 -0.01603558795 4.726177777
0.02509306823 -0.0118379614 2.46786311
0.009311750968 -0.01156882561 5.628119314
0.004334825288 -0.008788889043 6.334736928
0.0007855253463 -0.005970442996 6.824689323
-0.003218860294 -0.007262375143 8.172829943
-0.009642196351 -0.002249126926 9.276308089
-0.0120495291 -0.005470490731 10.52340692
-0.02467043615 0.01365690595 12.39012537
-0.03920898729 0.00455287093 38.22858229
-0.03582302524 0.01404756026 35.95123796
-0.01666434012 0.02182878749 8.225163809
-0.002275216391 0.01750257842 2.534147208
0.05614081484 0.006503624123 -20.9479796
0.02617373681 -0.002504797514 -6.196105271
-0.0003883238198 -0.001856053565 6.246882398
-0.006127855823 0.00132080892 8.697906843
-0.02725472764 0.02242848758 16.79492242
-0.02233504091 -0.004151602146 17.47833786
-0.01830436552 0.007824033547 13.42561057
-0.01236896944 0.01122605048 9.618248667
-0.0124102541 -0.00627831006 11.70342459
-0.007947515617 -0.03374380314 12.04291993
-0.01053167019 -0.03528523409 13.72516501
-0.009444698102 -0.06186896229 16.11321604
0.02657897778 -0.03592053713 -12.22234274
0.0645671097 -0.02938116363 -40.21160392
0.06248525506 -0.06571016149 -33.87874559
0.03955324118 -0.02215149161 -21.83886173
0.01904933207 -0.02048590021 -6.299392424
0.02233926641 -0.01704013135 -9.204051078
0.005292159478 -0.02494967378 5.440964864
0.005316097916 -0.02246817437 5.151371664
0.409702443 0.201300576 -372.034299
0.003508868986 -0.03707515864 7.798217014
0.0178912875 0.005047240322 -9.846474641
-0.01904319306 0.006193821626 23.75695137
0.02935640467 0.01081205978 -12.71871021
-0.002299992442 -0.0002761210233 8.860560593
0.004793995372 0.005912986797 1.058572575
0.009186420521 -0.000614393543 -3.014916218
0.02144817715 0.006219994346 -16.5303402
0.02599853383 0.03136508982 -24.38662452
-0.002981633327 0.01971595587 8.260953918
-0.002558875347 -7.218581423e-05 10.41597091
-0.01379780928 0.04015513593 27.48648723
0.01884550284 -0.02397629574 -12.92598669
-0.01115925257 -0.06755411072 26.75491368
-0.004664401061 -0.02910032366 26.32276202
0.114523788 0.00515176438 -129.7792867
0.08116512767 -0.004289850589 -53.02509655
0.01866959424 -0.001560048224 3.033359798
0.01745613035 -0.001121617638 3.120410876
-0.02683437959 -0.006233463946 21.42748017
-0.07761023153 -0.004255615241 24.86762368
-0.09356388112 0.02611355114 20.89616604
0.01792706318 -0.01211117699 3.839497708
0.00728556403 -0.02604622737 7.042319254
0.01660832747 -0.02704824406 5.781776666
0.02216440055 -0.03203954243 5.571418707
0.005570786059 -0.05409595238 12.02175303
0.01151933665 -0.06067067763 11.66361239
0.009708813021 -0.03717727923 8.923946853
-0.008999968533 -0.006505052306 14.34013037
-0.01336015804 -0.02283115435 13.22750186
0.008225826903 -0.004256433577 4.11256195
-0.008066942159 0.01832704948 6.5246173
-0.05442475733 0.02190453266 21.42802251
-0.04769372562 0.0002141257739 41.87817296
-0.0009116205639 0.01416173949 2.603074992
0.01249047846 0.03383918418 -5.963848885
0.04146585642 -0.005057724531 -13.35171239
0.02610798842 6.291148865e-06 -6.464495742
-0.02559522949 -0.01677787653 20.38669505
-0.01840062141 -0.03947537488 19.99052498
-0.01665116074 -0.02515789471 17.01358077
-0.01375672288 -0.01611597314 13.96514686
-0.01128414027 0.005447116315 9.463915645
-0.009910723783 0.01199297365 7.72935599
-0.02017278743 0.01214407055 14.03928366
-0.02267564992 -0.01308222121 18.98885071
-0.02563195098 -0.006643888734 19.93262062
-0.0036751587 -0.02049980687 6.98513774
0.01537329646 -0.01183385513 -7.548033475
0.05395210676 -0.0332189843 -32.20416897
0.06899955811 -0.02149910616 -44.49449341
0.05298832816 -0.01095394371 -33.84523467
0.00225654277 0.007267815404 3.183437774
0.02387040347 -0.008329755329 -12.15598003
0.002860857883 0.01435004926 2.641346009
-0.007477669073 -0.004568538949 12.96529953
0.002441075279 0.01168695134 8.150189999
0.07357193594 -0.07724083071 -50.50541721
0.04312155455 -0.02626343844 -29.30782381
-0.01183497971 0.001454679514 17.76882513
0.06392938088 -0.01410151264 -42.45780465
-0.003309025262 0.01290196613 7.870197239
-0.004075698221 -0.01705373862 12.53138014
0.02758332225 -0.001346126435 -22.03642935
0.03044464313 0.005054936158 -26.02422858
0.03550551982 0.01396343284 -31.48427062
-0.003919202024 0.03179377137 7.074916939
0.01042365579 0.01506960278 -5.647256062
-0.02150051997 0.006438092683 40.96295118
-0.01395109777 0.01035954064 31.8055303
-0.01434804455 -0.02662402955 37.42933223
0.008590384303 -0.03595478828 11.33013928
0.158688381 0.006508173569 -184.0773271
0.06747070145 -0.02430077377 -33.46437016
0.1537399923 -0.2749386622 57.90975271
0.01201074126 0.005982977209 1.996849729
-0.03760589756 -0.008119531383 22.78047327
-0.08997141913 0.001594095738 24.71420153
-0.06011524404 0.00757751356 20.68996131
0.01394916911 -0.03050459218 6.817180524
0.02056035956 -0.01376948498 3.207424971
0.01353857986 -0.01464421079 4.343259833
-0.005554353112 -0.03585896715 10.87908361
-0.003533116755 -0.03385243178 10.69428098
0.0007516832531 -0.06576386969 14.40307041
0.02096794362 -0.06823675666 10.48730946
-0.05312551591 -0.006013068043 26.17062275
0.01971606549 -0.04573101297 6.388990736
0.04694465333 -0.00603282122 -7.825394744
0.008435177042 0.005387651222 3.105123404
-0.04584631593 0.005748145879 20.86758821
0.001428688256 0.006700244391 2.785904181
-0.00615397661 0.008578979047 5.431622584
-0.005297202156 0.005352574947 5.599581524
0.00525241775 0.02546907929 -2.124142822
-0.03267239781 0.02288041632 17.23624799
-0.02718766582 -0.01088829089 19.91004343
-0.0199421939 -0.03061555783 19.17457886
0.008651599646 0.01100256908 -2.355668789
0.006774089905 0.03540154328 -5.533190202
0.001146139699 0.05576691438 -5.614702098
-0.02780261011 0.07227573215 8.898536414
-0.06014705086 0.04748732129 32.93572294
-0.0521120378 -0.02735861315 39.8372552
-0.02835672955 -0.02724615446 24.70300252
-0.006863332353 -0.01230530683 8.114920656
0.03124742808 0.05451942004 -29.17209517
0.02382124229 0.01766995361 -18.29906445
0.06056337043 0.09389880582 -57.33156649
0.04677772561 0.02444239231 -34.83077879
0.01577263159 0.0144783715 -9.323600724
0.01464435333 0.01409189633 -8.462054651
0.03215882427 0.07169311139 -31.83588286
0.1168381479 0.1370710116 -115.2623605
0.03466855778 -0.006872828828 -18.236815
-0.04456168345 0.04907690224 42.27100934
0.04014646532 -0.00339550756 -25.58941459
-0.006562490085 0.04756132082 5.794483247
-0.004229817106 0.02276027095 7.420750951
0.0019096835 0.03486306332 -1.073030753
0.04304611299 0.06708351272 -48.42409121
0.02652424465 0.0542746165 -29.40710979
0.02382983877 0.04610566467 -25.12617356
0.02610812364 0.03210354644 -25.5870491
0.007694184802 0.03162707722 -5.983845993
0.04997372769 0.02271364276 -50.7862938
-0.01843940721 -0.01149584145 40.19010776
-0.02191052263 0.006997693321 41.48320273
-0.06552918166 0.000799696209 93.36217449
-0.7477336259 -0.04011453534 909.077611
0.2213862985 -0.03313192531 -222.1960052
0.1242662437 -0.02973877112 -102.9242473
0.01856876028 -0.002567438979 3.022774488
0.003336033284 0.01287636953 1.165390001
-0.03350770081 -0.02359650096 25.36768899
-0.07851670986 -0.01729613035 27.80771549
-0.1057343889 -0.008796402447 27.52238004
0.0112734 0.02403409309 -2.667634484
0.02987557847 -0.01689535145 2.554342524
0.003312272483 -0.006013304289 4.827399552
0.0102773094 0.07413689854 10.35125005
0.009362366038 0.03535699538 18.06841396
-0.006790868777 0.02679096727 23.39617037
-0.03786431492 0.002965442701 35.10571775
-0.04325317349 0.0192063334 32.83302635
-0.05442869595 0.005128582685 38.85986916
0.04461609162 0.008223701292 -9.540169395
-0.006571400427 0.009319650705 7.038836433
-0.1041627061 -0.004232152446 42.81145513
-0.08490431801 0.003882218158 55.04094594
-0.007200049452 0.01526091962 4.713850883
-0.03755836454 0.131111893 1.567185691
-0.0572495388 0.144989179 7.386701876
-0.05589022932 0.1182451646 10.74766502
-0.06393309752 0.1324252512 12.24975475
-0.01374594055 0.01717619708 8.079660717
0.01753620808 0.06912383128 -16.5520324
0.02909804122 0.1050210606 -29.45208611
0.05159713574 0.2862033687 -74.40788193
-0.01869903277 0.4677536334 -65.92717147
0.01270740333 0.1203587925 -17.89696869
0.0005733495474 0.021101675 8.712537139
0.0119426692 0.3120409193 -61.1081024
0.04785551585 0.298735101 -83.20967669
0.02897078554 0.2905382077 -68.46529898
0.01603708601 0.2123187908 -44.46129521
0.04084218075 0.2284914421 -67.07971994
0.05875990515 0.1304615954 -63.06507929
0.02077607834 0.06289799384 -21.42956499
0.04551066196 0.1184159456 -51.38681982
0.05567651437 0.1370212244 -62.3970516
0.07359376339 0.1463846347 -79.2984786
0.02935380197 0.03750338785 -21.24975792
-0.01734261221 0.008297805221 25.14106615
-0.05089668742 0.0435010648 49.22773472
-0.05892488699 0.1254759326 41.10906773
0.2011435069 -0.01436703704 -173.7771155
0.00685754987 0.04628756653 -7.608558392
0.005983460386 0.08455356943 -13.59655727
0.01639865548 0.117592452 -30.30717534
0.03314192208 0.1174668799 -47.83720405
0.02981088246 0.1316915937 -45.8784885
-0.00923234773 0.1301905299 -3.481990905
0.1689307364 0.3458149837 -238.0133973
0.01029957334 0.00209891864 5.563426117
-0.01158067445 0.01085650476 28.83043414
-0.05899537149 0.01632870417 83.16813529
-0.07484495449 0.002058270957 103.4100119
0.2665051178 -0.02763469616 -278.5068556
0.2353800698 -0.02587471542 -240.6036795
0.04231477663 0.300430975 -54.51066251
0.1351917792 0.2921506101 -56.88022192
0.03469312143 -0.01113882496 18.33565391
0.01858461975 -0.01075530667 19.52863314
-0.1093779006 -0.01150450881 28.60335305
0.01606018082 0.379411649 -71.93818739
0.01858739666 0.08437319472 7.702977213
-0.001677210272 0.09509756989 8.728449444
-0.02474984328 0.09236881982 13.31976387
0.009637076226 0.09366396513 6.350382271
-0.02291323755 0.04610783492 23.40239012
-0.04275831444 0.0228393145 32.46705901
-0.04878031282 0.01125822002 36.19622194
-0.04767246845 0.004774626457 37.21431286
0.01644160477 0.335516999 -65.57691798
-0.02118699405 0.34792698 -56.03069997
-0.04837781455 0.003512395792 41.5169123
-0.07918263617 0.008995704038 51.84492582
-0.07545233663 0.005553666403 50.43221586
-0.02446451811 0.220045214 -22.63275016
-0.0472551453 0.2084326407 -10.03336616
-0.06075956348 0.2277791032 -7.566173709
-0.03194901696 0.304774745 -37.09404954
0.001129584382 0.3608834374 -64.68904452
0.04615223075 0.3456218947 -84.93137429
0.07265502242 0.2735356398 -84.07328563
0.02467360339 0.1718335886 -35.63201776
0.02652080468 0.1971842199 -42.16040503
0.001908121245 0.06965851119 -1.959271298
-0.002741607662 0.06025524393 2.982256444
-0.06080963298 0.07893336847 36.48874603
0.01010029963 0.331150854 -63.30187489
0.01948295002 0.3249552211 -68.52724756
0.02380230951 0.310096552 -69.20850792
0.009006833597 0.3295522914 -62.21754062
0.002454818223 0.3416907301 -59.93029056
0.006705255945 0.3133414288 -57.31364943
0.04543714767 0.2959732567 -84.97283046
0.04006874892 0.3192810316 -85.82338936
0.03356319786 0.2709976336 -70.01570327
0.01685150493 0.1359380988 -29.5192886
0.0020873058 0.3157218903 -53.19436845
0.01514233883 0.2697026438 -55.5074673
0.04959223211 0.2469043564 -82.65951069
0.07959621559 0.01317668747 -62.84438834
-0.007639230098 0.3563874991 -52.36154012
0.002612354861 0.3719138231 -65.64265498
0.006588855054 0.3673524708 -68.7667514
0.01866651971 0.367140731 -81.34844756
0.06703972435 0.2349444203 -105.4737531
0.02379618385 0.2458831477 -60.46598961
0.0206075163 0.04078189135 -13.88381774
0.005255890094 0.0323167461 4.897061238
-0.06254369351 0.4004456923 3.840319341
0.005313068662 0.01864380949 27.37903637
0.01789812604 0.02182143518 11.8298034
0.2765440919 -0.007706140316 -294.647898
0.1003793793 -0.0288111811 -73.06755562
0.02172699306 0.2877065334 -52.22636455
0.04245397822 0.2535683644 -45.14646941
0.09848629734 0.1509733598 -22.65559223
0.02277095619 -0.008415217213 18.75966319
0.4890362343 0.2654740001 -85.92847129
0.05561579249 0.05517355934 9.780394959
0.01858280682 0.0631745206 12.54771269
0.007369145925 0.07261442936 12.2730519
-0.006174641778 0.06628597454 15.86581245
-0.02412273102 0.06331950591 19.75760739
-0.05307056613 0.03171662911 33.02003445
-0.04333992696 0.0274690524 31.34308882
-0.04614487402 0.01884733111 33.77320417
-0.07275757767 0.007942156181 43.98368496
-0.1100165086 0.0152894512 53.39396357
-0.01258069491 0.3575640446 -60.6351203
-0.003799954895 0.01450265509 22.70209388
-0.08036797764 0.01214464424 51.36566454
-0.08829579004 0.04338785567 46.87212278
-0.06375079105 0.2504035087 -11.6149536
-0.01778125582 0.2897571125 -40.18830742
-0.01353138195 0.3148339503 -47.61479167
-0.0008322705818 0.3314961063 -57.28832061
0.009725190582 0.3213169184 -60.16463309
0.02045015012 0.3319126304 -68.00915448
0.01704518613 0.302150083 -59.48090594
0.002740632404 0.2665351829 -43.33042919
-0.009684722971 0.2789150502 -38.96311686
0.002735410588 0.3194551128 -55.50497436
-0.008460564781 0.3582905069 -57.27079829
0.01860819173 0.3493044058 -73.00336202
0.02030389323 0.3291562206 -69.5126292
0.007913388774 0.321818077 -59.18339087
0.009263005043 0.3304069457 -62.23445376
0.005007789011 0.3287923485 -58.65283356
0.008765988802 0.3301389084 -61.80172347
0.004592370597 0.330864156 -58.75733177
0.008442323975 0.3202668033 -59.53330884
0.02701672495 0.313105235 -73.33777568
0.01421936934 0.3069311346 -61.22274568
-0.0006374281534 0.3161174217 -50.53485112
0.005777662388 0.3141269394 -55.89421989
0.01004875572 0.3085868113 -58.4878214
0.01552059562 0.3020996089 -62.30937963
-0.007299737462 0.3018141631 -40.37525971
-0.009638180559 0.3276002504 -43.58386751
0.001029449516 0.3237283068 -53.19770228
0.004012890109 0.3214694824 -55.77153266
0.008466418004 0.3140212866 -58.6220043
0.005451307413 0.3072253357 -54.13915927
-0.001305114098 0.2892733852 -42.84605861
-0.008251438792 0.3010994931 -37.79048845
-0.01219919776 0.1591547295 -1.754737418
0.04395534331 0.01699443922 -17.49580247
0.01757013966 0.02160834595 12.40852681
0.004557139211 0.02136545114 27.57265083
0.2565481045 -0.01269550702 -269.3286022
0.2671289099 -0.01290900343 -281.8699237
0.01584437835 0.3004235839 -55.51564228
0.08170337432 0.3246757836 -63.19515881
0.04936185748 0.2933598187 -54.35757163
0.0472047291 0.3165445826 -60.33739167
0.0476843805 -0.01812684279 28.24544737
0.03832789213 0.003709531476 24.68663552
0.01837327204 0.02525880443 21.69377018
0.009108938115 0.04084877565 19.01345056
-0.01392195803 0.04793204418 21.27384963
-0.01829601756 0.08622888775 12.54387635
-0.02481435178 0.05875674684 19.70693111
-0.03051056326 0.04114480474 24.83234068
-0.04421830644 0.06497806552 22.55292965
-0.03606364292 0.09456127529 12.7733512
-0.06913171222 0.3129990843 -31.02573106
-0.01680613824 0.3282929008 -51.93722787
0.036164441 0.1150891323 -16.41633547
-0.04275701847 0.05844079188 26.50987598
-0.01555135227 0.2269125125 -25.88795003
-0.004271203582 0.3039229974 -49.18563493
-0.006725575911 0.3098777359 -49.58358733
0.005046090524 0.3098404938 -55.05499229
0.009106092278 0.3160604187 -58.59841889
0.0100951864 0.3180293905 -59.49291678
0.02150579075 0.3169984993 -65.19354228
0.01217244485 0.3130380351 -59.14635006
-0.00257221342 0.313184545 -51.02767442
-0.007081037526 0.3074475948 -47.00757113
0.01437086231 0.3109756349 -60.4997797
0.01446688839 0.3153889478 -61.77037645
0.01678778065 0.3275072718 -66.40267955
0.008160249734 0.329250205 -60.98866971
0.005865078666 0.3090231325 -54.8008344
0.009359684576 0.304848945 -56.35161509
0.005588437713 0.3151899186 -55.99611133
0.001374974141 0.312685108 -52.26980249
0.001590993465 0.3084916245 -51.25582482
0.008665149612 0.3008149489 -55.2621749
0.01250292113 0.3096871197 -60.45189729
0.004988706479 0.3082582875 -53.72911403
0.002485446452 0.3041877876 -50.65843658
0.006519791149 0.2994505359 -52.98353784
0.003855702472 0.3021025658 -51.11452899
0.0005526130325 0.3038449438 -48.59765209
0.003627595853 0.3029548865 -51.3382635
0.0007880601167 0.3045448087 -48.78246894
0.009751144445 0.2993095178 -56.40070872
-0.007831282855 0.3041515003 -39.48269385
0.001513334387 0.3121269666 -51.07913427
-0.006922145942 0.2954044732 -38.06033479
-0.001550873826 0.2925765952 -43.35404011
0.3551857445 -0.10043044 -337.0361655
0.04633102422 0.04423470368 -26.8112373
0.02966691511 0.01354460988 -0.468268854
0.03537488521 0.01572615671 -7.345286821
0.06256203351 0.02276054857 -42.24204659
0.1902826845 0.002829827228 -192.2790058
0.2754187578 0.02000110839 -299.8002221
0.07366269912 0.3624698118 -72.48812124
0.06646588632 0.3573910917 -70.76333787
0.02960380055 0.3291062294 -61.79407839
0.04164136572 0.2975168151 -54.43918242
0.05498151881 0.2579059973 -45.32683889
0.02832542419 0.02985865153 18.69550404
0.02087336615 0.03790373414 17.98082112
0.02590287975 0.0714798704 7.540467273
0.01795928273 0.07165705044 9.275284867
-0.01678850844 0.1639686814 -7.551745206
-0.001707472673 0.324840943 -54.23302881
-0.01169338311 0.3115413359 -48.27044797
-0.003929539288 0.3073377568 -49.38929619
0.009743848082 0.3205208938 -57.25290658
-0.01338118768 0.2971630171 -44.27910172
-0.01879846977 0.3012844633 -44.08818159
-0.01920253629 0.3165974016 -48.25804688
-0.01547563145 0.2894060311 -42.15693727
0.008166168626 0.3116769971 -56.51633871
0.003074416895 0.3061906925 -52.93353338
0.009461463715 0.2937880015 -52.22835516
0.003469503361 0.3238616453 -57.83573356
0.01075496103 0.3139317408 -58.47098202
0.002361753148 0.3143686852 -54.71019379
-0.001333522619 0.2931016712 -46.74024172
0.006784765416 0.3014346842 -53.13230868
-0.003174142984 0.3102938983 -49.98882995
-0.004306144305 0.2975656704 -45.82347953
0.009762330648 0.3008047873 -55.11932814
0.00523623583 0.2983682833 -51.5816427
0.00583463273 0.3061462019 -54.07792397
0.008474185788 0.2986289308 -53.83901084
0.005138035521 0.2947385358 -50.44883847
0.007683242323 0.2849975072 -49.65655309
0.003857936477 0.299914316 -50.81324066
0.006189953947 0.2949843417 -51.46472841
0.01124511838 0.3043451003 -57.86933284
0.0100571137 0.3043155768 -57.12132698
0.007841885061 0.2931826167 -52.29303936
0.005398030716 0.2900447198 -49.37171616
0.004297886732 0.2923058101 -49.06327302
0.008240974044 0.2931215182 -52.87304126
0.006897123809 0.3009983542 -53.82161183
0.002672261068 0.2991901904 -49.25896954
-0.0038017271 0.3017372935 -43.89049669
0.004632430225 0.2983048165 -51.00460084
0.003761592853 0.2929231572 -48.68708358
0.00848518054 0.288082179 -52.17840529
-0.00335246066 0.2951613403 -41.90796063
-0.008883303551 0.2901174022 -34.67311164
-0.00490240339 0.2822538018 -36.90314762
0.02758190713 0.2860372706 -73.49727143
0.08016869432 0.0442704675 -65.42092205
0.03986345851 0.05254296583 -22.51469754
0.0333978987 0.03727764566 -11.28852182
0.08377819734 0.04896562844 -74.70726655
0.09317960593 0.05631711531 -88.8318778
0.0142081688 0.0205339379 22.87811778
0.03868961153 0.3682890669 -73.64618996
0.02807528028 0.3382540692 -64.6370537
0.02023090759 0.33431675 -63.10226631
0.01201341422 0.3177704261 -57.85875374
-0.007814907435 0.3746952591 -72.0558246
0.03565536569 0.6701883136 -161.5054133
0.02750195416 0.3496204289 -66.17140792
0.01881660478 0.3133560555 -53.41370649
-0.01758790527 0.2798307451 -37.431383
-0.02145815916 0.2718395915 -34.49257075
-0.02429326341 0.2493307114 -27.21084149
-0.02159918006 0.2454444324 -27.1757402
-0.006844310032 0.264817613 -37.37890568
0.002148819827 0.2860676785 -46.2989388
0.005221804461 0.3158652252 -56.15848493
-0.006460363784 0.3150663951 -52.12847255
-0.008590971914 0.3319006673 -56.12532557
0.01381143575 0.3205610058 -61.4215606
0.00849365935 0.3259796492 -60.55359915
0.01037324788 0.3320270693 -63.32158915
0.004302534337 0.3214899981 -57.42769754
0.005927030424 0.3304294497 -60.75461448
0.004044527249 0.33070679 -59.88210477
-0.007349757678 0.3238873079 -52.23643586
0.01453441881 0.3175291334 -61.78631542
0.0007941725352 0.3232838892 -55.99343498
0.00168965583 0.3234218879 -56.669983
0.007127952181 0.326831831 -61.08275894
0.001136422168 0.3114323838 -52.69280721
-0.001400871589 0.3109109823 -51.02811232
-0.001911995605 0.3107158982 -50.46495813
0.003282592697 0.3109678831 -53.95939037
0.001667206556 0.3040486643 -50.98804609
0.006820623529 0.3188721347 -58.78750632
0.003555195359 0.3057552534 -52.38815504
-0.001057524776 0.3021339146 -47.84443204
0.004375788665 0.3057158905 -53.08132527
-0.004508024973 0.3005360491 -44.34619724
0.002622852997 0.2989732464 -49.82406851
0.008881561798 0.3005712606 -55.52155141
0.004759699403 0.2950903067 -50.29707957
0.008131292565 0.2960983654 -53.62024715
0.007199475534 0.2906355934 -51.09080179
0.001256991391 0.2943926459 -46.72296039
0.001799034351 0.3108848061 -52.00859475
0.008488022894 0.2971758506 -54.51730172
0.0003269699868 0.2930435852 -45.14893342
-0.000303925511 0.2968952498 -45.66124145
-0.005836238662 0.2993058759 -40.57661554
-0.007869066736 0.2960222442 -37.55492886
0.008185040805 0.3032992514 -57.05697925
0.01935169103 0.2983436346 -67.69560253
0.03551295395 0.3117551713 -90.03505422
0.04203965636 0.2859235648 -90.27805853
0.03244502795 0.2753000123 -73.9567716
0.0443574695 0.2723827666 -88.34330613
0.03690930369 0.2193930571 -64.59702278
0.03819183089 0.05455659746 -17.16013151
0.04024119107 0.3664236429 -73.01433481
0.03428023942 0.378416931 -76.61936579
-0.007988835583 0.2285676952 -21.82203731
-0.02779475844 0.2726080198 -35.00997429
-0.01153400496 0.2825525363 -39.35771485
-0.01469365441 0.2600770084 -31.66468312
-0.03344496749 0.2563133133 -28.27179775
-0.03157305472 0.2421782937 -23.80352439
-0.03022673609 0.222421541 -18.21542511
-0.02990761189 0.2179071217 -16.90045777
-0.003043479426 0.2547825309 -34.64574062
-0.00258210491 0.2684031704 -39.43119848
0.005277353178 0.3124162117 -55.21467817
0.005461492986 0.3335236762 -61.5395146
0 0 -1
0.005290835039 0.3207856017 -57.60203404
0.0009738055896 0.3289532035 -58.57092551
0.002074251442 0.3252749806 -57.94288712
6.234776352e-05 0.3305863339 -58.85631896
0.01177547734 0.3511544057 -69.86634054
0.004910439911 0.3328524695 -61.12172865
-0.002589095201 0.3292627572 -56.19427671
-0.01123250662 0.3237500947 -50.23562221
-0.007132727779 0.3395129189 -57.34415433
0.01588667493 0.3234285617 -64.19862104
0.0116326074 0.3474873606 -69.6847212
0.008985204611 0.3442551609 -67.16546934
0.004260258032 0.3488683737 -66.06260471
0.002730647925 0.3434939807 -63.50414043
0.001600240416 0.3301338994 -58.45540177
0.003735589256 0.3318319466 -60.50350392
0.008403605602 0.3151288137 -58.35065399
0.002915398969 0.3216520647 -56.77961848
0.0006781770414 0.3286698781 -57.27472119
0.0008597407461 0.3195805869 -54.51184016
0.002860007372 0.3222439383 -56.88009921
0.005231959519 0.3205512217 -58.09963655
-0.009881976573 0.3260127233 -47.78783496
0.002205624555 0.3235516812 -56.83769961
0.005730227326 0.3166888977 -57.79518719
-0.003534948874 0.3105354047 -47.77788127
0.005233411837 0.3193527977 -58.12617201
0.005540607873 0.3171661058 -57.72538412
0.007103714055 0.3155748477 -58.67458679
0.009212092196 0.3147764353 -60.46054258
0.004587923742 0.3120444785 -55.11367055
0.0002466330885 0.3131717927 -51.08531508
0.0004082992828 0.3175772649 -52.73604075
0.001205649442 0.3034247983 -49.15142259
0.0005155706568 0.3116406646 -51.12108886
0.0008958113786 0.3188474419 -53.89815772
0.02199162867 0.2910230151 -68.48107015
0.03798073875 0.280472076 -83.06690615
0.04074581347 0.2892150533 -88.91983254
0.0326674885 0.2457438266 -65.84979619
0.03648575726 0.2317720255 -65.9503204
0.02376278122 0.2559452781 -58.24479735
0.02904742232 0.2879417731 -75.37899116
0.06676529868 0.3503384518 -68.01683445
0.07670897746 0.3439800301 -66.0518305
0.05375621206 0.237545469 -28.47490069
-0.01888813754 0.2241644632 -19.24005183
-0.0322153305 0.2200805465 -16.59733524
-0.03101113781 0.2185295844 -16.66013565
-0.0272602267 0.2364596371 -23.27590286
-0.02387297323 0.2253840605 -20.45445791
-0.01204052014 0.2612359619 -34.60372226
0.007072636167 0.3293744874 -61.19108917
-0.01943380175 0.3244306426 -53.22766333
0.0006113276482 0.3207703323 -56.43756922
0.01297775746 0.3361009614 -64.61229715
0.01585989496 0.3061993546 -55.14224857
0.0008120309925 0.3267774002 -57.74472056
0.0004866733678 0.3232581345 -56.51847716
-0.003175696303 0.3243990596 -55.64067437
0.01666588381 0.04399653525 28.21580391
0.008301717804 0.3373124932 -63.45684499
0.01054505218 0.3411678663 -65.71403802
0.00768497165 0.340817463 -64.18648111
-0.003115738836 0.329193152 -55.5270421
0.001275467417 0.3445450467 -62.87426394
0.002384631441 0.3428539301 -62.9142998
0.008964996583 0.3439728491 -66.97615467
0.01070173996 0.3542980556 -71.33282212
0.004511853444 0.3602087479 -69.86898173
0.003536906314 0.3643748338 -70.85207118
0.005185414775 0.355837311 -69.05531883
0.007899683348 0.351020194 -69.2861943
-0.003414093735 0.351318088 -62.05028802
0.004802261744 0.3463008648 -65.86842104
-0.002427912033 0.3473898773 -61.30011198
-0.01456974265 0.3446780992 -51.57997561
0.003119266142 0.3383731205 -62.37241304
0.002109844908 0.3286952808 -58.27558173
0.00317139677 0.3232714332 -57.2384139
-0.00394380986 0.330878905 -54.05735862
0.0005820293842 0.3258041119 -55.98237432
-0.001467821571 0.3320384606 -56.38511213
-0.001157737817 0.3249507971 -54.35956901
0.003360731935 0.3234758998 -57.79583944
0.007409621948 0.3160682702 -59.13088043
0.0031968477 0.3161667325 -55.08010949
0.002275300636 0.3236800583 -56.59289238
0.005320117906 0.3048802034 -53.25843402
0.004037732543 0.3140128082 -55.08674221
0.001363066705 0.307735602 -50.1179291
4.583316516e-05 0.3212321056 -53.39061708
-0.007335850406 0.3288243247 -48.24963731
-0.01497409414 0.3207706588 -37.18930129
-0.004627829146 0.3130119858 -46.0210798
0.01849673873 0.2919860372 -65.04379438
0.02490813769 0.2818955033 -68.75707335
0.02693080964 0.2531436804 -61.2344914
0.0329603998 0.2318625236 -61.38289327
0.0353120753 0.249243399 -70.12307211
0.05341016059 0.2709746714 -99.63540902
0.03932540461 0.3309814581 -61.04793683
0.0404008645 0.2712787538 -39.79704304
0.003591723951 0.2044896084 -14.5186459
-0.01782282517 0.1865450019 -6.849658815
-0.01668788648 0.195613609 -10.24515624
-0.006884310803 0.2466431719 -29.39612064
-0.01032785006 0.2685465833 -37.08815307
-0.01067776536 0.2678303299 -36.52361287
-0.003113841907 0.2915439217 -46.13997126
0.01192061225 0.3180259568 -57.98036867
0.01200911254 0.326652258 -61.28854824
0.009578146635 0.3216802879 -58.83555141
0.01685844346 0.3243062276 -61.80037534
0.009261085011 0.3132146035 -55.62482493
-0.000625948407 0.3113394815 -51.90489753
-0.003463073511 0.3199202145 -53.99613183
0.00547152265 0.3150421428 -55.21072001
0.01296952509 0.3285359086 -62.63243324
0.005762743387 0.3002286608 -49.97961496
0.005987148126 0.3016573784 -50.52282588
0.007564162057 0.3020772045 -51.68000109
0.006129936266 0.2857786759 -45.09338108
0.01113682642 0.2996613241 -52.44060549
0.009139850543 0.2633257266 -38.36160026
0.005525146401 0.3038411358 -51.3409029
0.0132312314 0.3144296521 -58.89947771
0 0 -1
0.01079877396 0.3553823707 -71.25944213
0.006065999481 0.3248110248 -58.58609774
0 0 -1
-0.001105263937 0.347965355 -61.22516642
0.009386437598 0.3320411922 -63.20672486
0.002937300728 0.3571574709 -67.90585018
-0.01453061643 0.3291677388 -45.6767253
-0.01006568677 0.3417905243 -53.43313518
-0.005283496169 0.329040086 -52.72329131
0.00128198207 0.328504229 -57.67164957
-0.002475470109 0.319006309 -51.19762778
0 0 -1
0.004191557647 0.3193011278 -56.77974906
0.005087960537 0.3287155554 -60.96311596
0.0001324260937 0.3088094357 -49.35871664
-0.001120846854 0.3242810836 -53.87575696
-0.0004207427591 0.3208401167 -53.33579994
0.003295944119 0.3114373043 -53.46786323
-0.002943541246 0.2956766263 -41.75288447
0.007072576149 0.2956618775 -51.7659822
0.007133851618 0.3096011959 -56.70055942
0.008598739179 0.3053270732 -56.6695094
0.001800017259 0.3287658748 -57.70345677
-0.006901917183 0.3287199361 -48.6989469
-0.006513233386 0.3167935417 -45.26223476
0.007204898867 0.3153656231 -60.0598048
0.008754803938 0.2840208835 -50.51401821
0.008078325377 0.2732269342 -46.08479498
0.02697010002 0.2515989543 -60.89709853
0.02368101635 0.2598887133 -59.97321288
0.0198973083 0.2469377422 -50.63808589
-0.002142409433 0.3209117209 -57.01947202
-0.01019342121 0.250753599 -30.88921591
-0.01733613975 0.1884443291 -7.661608041
-0.005728847986 0.1960964719 -11.20521324
-0.0001774393806 0.2377673737 -26.75478565
-0.005245289572 0.2544871319 -32.24552032
0.001787298996 0.3051505382 -51.52200495
-0.00649172286 0.2998698309 -48.14593726
-0.0006517821819 0.2720872822 -39.04697828
0.006860578941 0.261482283 -36.95893792
0.02210436787 0.2885369626 -50.0377512
0.01421268865 0.3174556912 -58.57008794
0.005062639791 0.2958789227 -48.44572126
0.007074105228 0.2832249186 -44.31779291
0.002969173955 0.2978087618 -48.30329698
0.005828415195 0.2859686244 -45.1455183
0.01358314484 0.2928193526 -50.27650172
0.00811116457 0.3046186314 -52.48342158
-0.00224424271 0.2966550421 -45.35703239
-0.009687330297 0.2773610322 -35.29086408
0.002883525224 0.2672269865 -37.04035567
0.004181825324 0.2699439819 -38.54373672
0.005948943967 0.2606931698 -36.0322551
0.01090579204 0.240884728 -31.3629173
0.003378228691 0.2668297773 -36.85649848
0.01107625794 0.2749752481 -44.10678643
0.01618297276 0.2677397961 -44.2632344
-0.001503625945 0.2562071178 -29.6492794
0.005010002306 0.287741674 -45.13693803
0.01964695259 0.2726090066 -48.50175962
-0.003646613153 0.2410917829 -21.95759086
0.003059711678 0.2605937478 -33.61627028
0.0002138416561 0.2786634295 -38.16858818
-0.003285937945 0.2733330796 -33.86817391
0.002274194875 0.2876748181 -43.15867458
-0.0009915266106 0.3307352969 -56.43257606
-0.01138605793 0.3369270573 -50.48224227
-0.009364684603 0.2634367775 -25.89196531
0.006526991452 0.3172278638 -58.04212271
0.005319198953 0.3279595229 -60.84671921
0.004331929261 0.3256013807 -59.05655344
0.001183809545 0.3327004284 -58.84324366
-0.003693689604 0.3035197551 -43.96018632
9.199737397e-05 0.08751831161 31.84837348
0.006923211124 -0.004973654316 59.7576373
0.006761462186 0.2573611845 -37.62277888
0.007827978608 0.2712885843 -43.71395666
0.01190713055 0.2823082147 -51.84128698
0.009109870558 0.2847894069 -49.8498191
0.002924510722 0.2977263148 -48.05507375
-0.0006864209208 0.307426311 -47.84595477
-7.441558794e-05 0.3276113488 -55.95767687
-0.004042462042 0.3114786893 -45.60799842
-0.00761631825 0.2692385086 -26.18333438
-0.001420243496 0.2645086318 -31.68250917
0.02438376674 0.260596956 -60.8695811
0.02150250405 0.2621545732 -57.99309412
0.01456037353 0.2497096057 -44.97175142
