1 116 0
1 2 3
2 3 3
3 5 0
5 6 3
6 7 3
7 8 3
8 9 3
9 10 3
10 11 3
11 13 3
13 14 3
14 15 3
15 16 3
16 17 3
17 18 3
18 20 3
20 21 3
21 22 3
22 23 3
23 24 3
24 25 3
25 26 3
26 27 3
27 29 3
29 30 3
30 32 3
32 33 3
33 34 3
34 35 3
35 36 3
36 37 3
37 38 3
38 39 3
39 40 3
40 41 3
41 42 3
42 43 3
43 44 3
44 45 3
45 46 3
46 47 3
47 48 3
48 50 3
50 52 1
52 53 3
53 54 3
54 55 3
55 56 3
56 57 3
3 4 0
4 5 3
13 70 3
13 71 3
27 86 3
29 86 3
70 71 3
52 109 3
4 61 1
3 61 3
11 70 3
30 89 3
32 89 3
59 116 0
1 59 3
10 68 3
11 68 3
27 85 3
55 114 3
56 114 3
18 77 3
20 77 3
50 109 1
50 107 3
9 68 3
11 69 3
30 88 3
38 96 3
48 107 3
2 60 3
3 60 3
85 86 3
88 89 3
39 96 3
33 92 3
34 92 3
5 63 3
69 70 3
50 108 3
52 110 3
2 59 3
4 63 3
8 66 3
18 75 3
23 81 3
24 82 3
34 93 3
35 93 3
37 96 3
41 99 1
42 100 1
43 100 1
43 101 1
44 101 1
44 102 1
45 103 3
47 105 3
53 110 2
53 112 3
54 112 3
7 65 3
8 65 3
9 66 3
17 75 3
22 81 3
101 102 3
44 103 3
46 105 3
48 105 3
48 106 3
108 109 3
53 111 3
55 113 3
6 65 3
65 66 3
14 72 3
20 78 3
21 79 3
22 80 3
23 82 3
26 84 3
29 87 3
32 90 3
39 97 1
40 97 1
46 103 3
46 104 3
109 110 2
112 113 3
56 115 3
57 115 3
4 62 1
13 72 3
15 72 3
78 79 3
79 80 3
80 81 3
81 82 3
25 83 3
25 84 3
27 84 3
30 87 3
33 90 3
100 101 3
102 103 0
103 104 3
113 114 3
114 115 3
59 60 3
6 63 3
71 72 3
15 73 3
16 74 3
77 78 3
83 84 3
84 85 3
89 90 3
92 93 3
36 95 3
37 95 3
42 99 1
106 107 3
111 112 3
60 61 3
62 63 0
9 125 3
68 69 3
72 73 3
17 74 3
86 87 3
96 97 1
99 100 3
104 105 3
61 62 3
16 73 3
87 88 3
90 92 3
36 93 3
105 106 3
107 108 3
110 111 2
66 125 3
73 74 3
74 75 3
75 133 3
18 133 3
24 83 3
95 96 3
41 97 1
77 133 3
77 134 3
68 125 3
82 83 3
36 152 3
95 152 3
133 134 3
97 99 2
105 164 3
106 164 3
97 156 3
6 64 3
90 149 3
92 149 3
99 156 3
64 65 3
93 152 3
109 167 3
63 64 3
110 167 0
63 121 3
83 141 3
102 161 3
103 161 1
62 120 0
82 141 3
63 120 3
64 121 3
71 129 3
109 166 3
61 120 0
93 151 3
108 166 3
89 147 3
100 158 3
112 170 3
68 127 3
69 127 3
88 147 3
151 152 3
101 158 3
111 169 3
112 169 3
113 170 3
60 118 3
66 124 3
74 133 3
90 147 3
99 158 3
102 160 3
105 163 3
169 170 3
59 118 3
121 122 3
64 123 3
65 124 3
77 135 3
78 135 3
82 140 3
88 146 3
92 151 3
160 161 3
103 162 3
166 167 3
61 119 3
64 122 3
65 123 3
124 125 3
68 126 3
70 127 3
71 130 3
72 130 3
134 135 3
78 136 3
79 137 3
80 138 3
81 139 3
140 141 3
84 142 3
85 143 3
86 144 3
87 145 3
146 147 3
92 150 3
101 159 3
104 162 3
110 168 2
113 171 3
114 172 3
115 173 3
59 117 0
60 119 3
125 126 3
126 127 3
70 128 3
70 129 3
135 136 3
136 137 3
137 138 3
138 139 3
82 139 3
83 142 3
142 143 3
143 144 3
144 145 3
87 146 3
149 150 3
150 151 3
158 159 3
159 160 3
105 162 3
167 168 1
168 169 3
115 172 3
119 120 0
120 121 3
122 123 3
128 129 3
129 130 3
139 140 3
96 154 1
97 154 1
156 214 3
107 164 3
107 165 3
170 171 3
113 172 3
127 128 3
73 130 3
73 132 3
74 132 3
145 146 3
108 165 3
117 118 1
118 119 3
132 133 3
163 164 3
164 165 3
171 172 3
172 173 3
118 175 0
123 124 3
95 154 1
161 162 0
162 163 3
116 174 3
147 149 3
59 174 0
73 189 3
141 142 3
95 153 3
154 156 0
165 166 3
130 189 3
153 154 1
117 174 3
132 189 3
152 153 3
156 215 2
214 215 3
99 215 3
172 230 3
117 175 3
134 192 3
158 215 3
133 192 3
147 206 3
162 279 3
129 187 3
149 206 3
152 210 1
153 210 1
153 212 1
154 212 3
162 220 1
175 176 1
124 182 3
141 199 3
142 199 3
161 220 3
163 279 3
118 176 3
120 178 3
121 178 3
121 179 3
125 183 3
128 187 1
140 199 3
165 223 3
166 282 3
178 179 3
124 183 3
149 207 3
150 207 3
151 208 3
154 213 3
156 213 2
161 219 3
167 282 3
138 196 3
150 208 3
212 213 3
160 219 3
219 220 3
163 221 3
167 225 3
119 176 3
182 183 3
125 127 3
132 190 3
135 193 3
136 194 3
137 195 3
137 196 3
139 197 3
140 198 3
142 200 3
143 201 3
144 202 3
145 203 3
146 204 3
147 205 3
158 216 3
159 216 3
159 217 3
164 222 3
165 222 3
166 223 3
225 282 3
168 226 3
169 227 3
170 228 3
171 228 3
171 287 3
172 231 3
173 231 3
130 187 1
192 193 3
193 194 3
194 195 3
196 197 3
197 198 3
200 201 3
201 202 3
202 203 3
203 204 3
204 205 3
205 206 3
160 217 3
220 279 0
221 279 3
225 226 1
226 227 3
170 227 3
171 230 3
230 231 3
195 196 3
198 199 3
164 221 3
227 228 3
187 189 0
215 216 3
216 217 3
222 223 3
188 189 0
230 287 3
123 182 3
127 185 1
128 185 1
128 186 1
186 187 3
133 190 3
199 258 3
210 269 2
153 269 1
174 175 3
119 177 3
183 184 3
127 184 1
187 188 3
142 258 3
213 214 3
221 222 3
228 287 3
176 177 2
120 177 1
122 179 3
122 180 3
185 186 3
189 190 3
207 208 3
151 210 1
122 239 3
122 182 3
184 185 3
188 247 3
189 247 1
200 258 3
206 207 3
212 269 3
217 219 3
177 178 2
182 239 3
133 249 3
208 210 1
179 180 3
190 249 3
192 249 3
208 267 1
210 267 3
180 239 3
217 276 3
219 276 3
210 268 3
268 269 3
222 280 3
223 280 3
212 270 3
213 270 3
214 272 3
222 279 3
199 257 3
257 258 3
206 264 3
215 272 3
207 264 3
213 271 3
225 283 3
226 284 3
227 284 3
184 242 3
185 242 3
214 271 3
215 273 3
223 281 3
282 283 3
227 285 3
182 240 3
188 246 3
246 247 3
216 273 3
219 277 3
279 280 3
280 281 3
166 281 3
225 284 1
228 285 3
230 288 3
177 235 3
178 236 3
179 236 3
179 238 3
180 238 3
183 240 3
269 270 3
217 274 3
220 277 3
231 288 3
176 234 3
183 241 3
185 243 3
187 246 3
192 250 3
192 251 3
193 251 3
194 252 3
195 253 3
196 254 3
197 255 3
198 256 3
201 259 3
202 260 3
203 261 3
204 262 3
205 263 3
272 273 3
216 274 3
228 286 3
177 236 2
238 239 3
239 240 3
184 241 3
186 243 3
249 250 3
251 252 3
252 253 3
253 254 3
254 255 3
255 256 3
256 257 3
259 260 3
260 261 3
261 262 3
262 263 3
263 264 3
264 265 1
207 265 1
208 265 1
270 271 3
271 272 3
276 277 3
281 282 3
283 284 1
285 286 3
286 287 3
231 289 3
235 236 2
190 247 1
175 234 1
240 241 3
241 242 3
250 251 3
200 259 3
284 285 3
236 238 3
242 243 3
186 244 3
267 268 1
273 274 3
287 288 3
288 289 3
176 235 2
243 244 3
187 244 3
187 303 3
265 267 3
234 235 2
246 303 3
190 306 3
247 306 3
267 324 3
220 336 3
235 294 3
279 336 1
174 291 3
258 259 3
277 336 3
175 291 3
244 303 3
257 316 3
265 324 3
274 276 3
174 290 3
258 316 3
282 341 3
283 341 3
236 294 3
238 296 3
290 291 3
234 291 3
281 339 3
235 293 3
276 334 3
285 343 3
286 343 3
238 295 3
242 300 3
247 304 3
269 327 3
270 327 3
276 333 3
236 295 3
295 296 3
239 296 3
241 300 3
246 304 3
250 309 3
251 309 3
254 312 3
268 327 3
274 333 3
333 334 3
293 294 2
264 323 1
265 323 3
274 332 3
284 342 3
286 344 3
287 344 3
288 346 3
288 347 3
289 347 3
234 292 3
294 295 3
239 297 3
240 298 3
241 298 3
241 299 3
299 300 3
242 301 3
243 301 3
244 301 3
249 308 3
250 308 3
252 310 3
267 325 3
273 331 3
332 333 3
276 335 3
277 335 3
279 337 1
282 339 3
285 342 3
235 292 3
240 297 3
253 310 3
253 311 3
255 312 3
255 313 3
256 313 3
259 317 3
260 318 3
261 318 3
261 319 3
262 320 3
263 321 3
264 322 3
324 325 3
268 325 0
270 328 3
271 329 3
272 330 3
331 332 3
280 337 1
280 338 1
283 342 1
343 344 3
291 292 3
292 293 2
297 298 3
308 309 3
309 310 3
311 312 3
256 314 3
316 317 3
317 318 3
319 320 3
320 321 3
321 322 3
323 324 3
327 328 3
328 329 3
329 330 3
330 331 3
334 335 3
337 338 3
342 343 3
300 301 3
313 314 3
257 314 3
279 395 1
281 338 3
298 299 3
310 311 3
318 319 3
322 323 1
336 395 0
341 342 1
287 346 3
346 347 3
296 297 3
304 306 3
312 313 3
337 395 3
344 346 3
303 304 3
335 336 3
338 339 3
244 360 3
303 360 3
339 341 3
301 360 3
257 373 3
325 327 2
343 401 3
344 401 3
344 403 3
304 363 3
321 379 3
306 363 3
190 365 3
249 365 3
306 365 3
314 373 3
316 373 3
325 384 3
314 372 3
327 384 2
346 404 3
291 350 1
292 350 1
293 350 1
293 352 1
294 352 1
308 365 3
341 398 3
294 353 1
339 398 3
346 403 3
350 352 3
313 372 3
331 389 3
334 392 3
335 392 3
295 353 1
330 389 3
341 399 3
352 353 3
296 353 1
304 361 2
313 371 3
332 391 3
333 391 3
296 354 1
303 361 2
308 366 3
371 372 3
342 399 3
353 354 3
309 366 3
322 380 3
330 388 3
332 390 3
291 349 1
350 351 3
351 352 3
312 370 3
372 373 3
316 374 3
327 385 3
327 386 3
328 386 3
331 390 3
334 391 3
335 393 3
338 396 3
347 404 0
290 349 1
349 350 3
297 354 1
310 368 3
313 370 3
317 374 3
323 380 0
323 381 3
324 382 3
384 385 2
329 387 3
330 387 3
388 389 3
392 393 3
336 393 3
337 396 3
342 400 3
342 401 3
290 348 1
297 355 1
306 364 3
309 367 3
309 368 3
311 369 3
312 369 3
317 375 3
318 376 3
319 377 3
320 378 3
321 378 3
322 379 3
324 381 3
325 382 3
325 383 3
328 387 3
391 392 3
336 394 3
339 396 3
401 402 3
344 402 3
403 404 3
348 349 3
354 355 3
300 360 3
363 364 3
366 367 3
367 368 3
368 369 3
369 370 3
373 374 3
374 375 3
375 376 3
376 377 3
377 378 3
381 382 3
386 387 3
394 395 0
398 399 3
400 401 3
347 405 3
298 355 1
364 365 3
365 366 3
380 381 1
382 383 3
385 386 3
390 391 3
393 394 3
402 403 3
404 405 1
298 356 1
299 356 1
299 357 1
300 357 1
378 379 3
379 380 3
383 384 3
387 388 3
300 358 1
360 361 1
339 397 3
399 400 3
355 356 3
356 357 3
358 360 0
359 360 0
370 371 3
357 358 3
358 359 3
395 396 3
396 397 3
397 398 3
361 363 2
360 418 1
361 420 1
382 440 3
383 440 3
389 390 3
355 414 3
363 420 1
356 414 3
363 422 1
359 418 3
361 418 2
396 455 3
397 455 3
364 422 1
370 429 3
358 416 3
420 422 3
421 422 3
365 422 1
371 429 3
381 440 3
353 411 3
359 417 3
417 418 3
420 421 3
422 423 3
365 423 1
388 447 3
389 447 3
372 429 3
377 436 3
401 459 3
402 459 3
352 411 3
378 436 3
397 456 3
349 407 0
418 419 3
361 419 2
398 456 3
402 461 3
403 461 3
348 407 0
350 407 2
354 412 3
391 450 3
392 450 3
455 456 3
399 457 3
400 459 3
404 461 3
348 406 3
350 408 3
350 409 3
351 409 3
352 410 3
353 412 3
355 470 3
416 417 3
365 424 1
366 424 1
369 428 3
370 428 3
374 432 3
375 433 3
380 439 1
381 439 3
385 443 3
386 444 3
387 444 3
394 452 3
395 452 1
395 453 3
396 454 3
398 457 3
400 458 3
402 460 3
405 463 3
406 407 0
407 408 2
408 409 3
409 410 3
410 411 3
356 415 3
357 415 3
423 424 3
367 424 1
367 425 1
373 431 3
373 432 3
432 433 3
376 433 3
439 440 3
384 442 3
384 443 2
443 444 3
389 448 3
453 454 3
454 455 3
457 458 3
460 461 3
411 412 3
355 412 3
414 470 3
358 415 3
424 425 3
428 429 3
376 434 3
377 434 3
379 436 3
383 442 3
444 503 3
387 503 3
447 448 3
390 448 3
392 509 3
393 452 3
458 459 3
414 415 3
368 425 3
431 432 3
379 437 3
442 443 2
388 446 3
450 509 3
393 509 3
405 461 0
387 446 3
446 447 3
390 450 3
452 509 3
412 470 3
415 416 3
368 426 3
372 431 3
459 460 3
419 420 3
369 426 3
369 427 3
433 434 3
379 439 1
456 457 3
461 463 1
425 426 3
427 428 3
379 496 1
446 503 3
426 427 3
436 437 3
439 496 3
440 556 3
390 507 3
450 507 3
372 430 3
437 496 1
383 499 3
448 507 3
429 430 3
430 431 3
434 493 3
377 493 3
436 493 3
442 499 3
440 499 3
422 481 3
423 481 3
415 470 3
436 494 3
446 504 3
425 483 3
426 483 3
439 497 3
452 510 3
452 453 0
458 516 3
461 520 1
440 497 3
503 504 3
459 516 3
460 519 3
461 519 3
463 520 3
411 469 3
416 475 3
417 475 3
427 485 3
493 494 2
436 495 2
437 495 3
444 502 3
448 506 3
457 515 3
458 515 3
463 521 3
407 465 1
408 465 3
412 469 3
428 485 3
429 487 3
430 488 3
494 495 3
502 503 3
447 506 3
506 507 3
452 511 3
520 521 3
406 464 3
408 466 3
409 467 3
410 468 3
415 474 3
416 474 3
424 482 3
428 487 3
430 487 3
496 497 3
442 500 3
443 501 3
444 501 3
447 504 3
450 508 3
508 509 3
509 510 3
453 511 1
455 513 3
455 514 3
456 514 3
515 516 3
459 517 3
464 465 3
465 466 3
466 467 3
467 468 3
468 469 3
469 470 3
418 475 3
419 477 1
420 477 1
420 536 1
421 536 1
481 482 3
425 482 3
426 485 3
428 486 3
430 490 3
431 490 3
500 501 2
447 505 3
453 512 3
454 512 3
455 512 3
514 515 3
460 517 3
418 477 1
477 536 3
421 479 1
422 479 1
482 483 3
488 490 3
495 496 3
499 556 3
504 505 3
505 506 3
507 508 3
512 513 3
513 514 3
516 517 3
519 520 1
434 491 3
501 502 3
479 536 3
422 538 3
485 486 3
432 490 3
432 434 3
497 556 3
470 471 1
415 471 1
415 472 1
474 475 3
481 538 3
499 500 3
460 518 3
475 477 1
479 538 0
486 487 3
502 560 3
503 560 3
511 512 0
517 518 3
472 474 0
471 472 3
510 511 3
518 519 3
470 528 1
487 488 3
434 490 3
491 493 3
560 620 3
490 491 3
504 563 3
505 563 3
471 528 3
472 531 3
483 485 3
497 555 3
474 531 1
475 533 1
497 554 3
555 556 3
475 534 1
477 534 2
560 561 3
503 561 3
504 561 3
561 620 3
510 567 3
519 576 1
474 533 1
496 554 3
518 576 3
483 542 3
488 547 3
531 532 0
474 532 2
479 537 3
485 542 3
490 547 3
491 550 2
499 557 3
507 565 3
508 567 3
509 567 3
533 534 3
479 596 3
487 545 3
488 545 3
493 550 2
556 557 3
500 557 3
508 565 3
510 568 3
512 570 1
517 576 2
466 524 3
469 528 1
538 596 1
493 551 2
494 552 2
500 558 3
501 559 3
502 559 3
505 564 3
506 564 3
567 568 3
511 568 3
511 570 0
515 574 1
516 574 1
517 574 1
521 579 1
464 522 0
465 522 0
465 524 3
467 524 3
467 525 3
468 526 3
469 527 3
471 587 3
472 587 3
477 535 3
536 537 3
538 539 3
481 539 3
482 540 3
483 541 3
551 552 3
501 558 2
504 562 3
507 564 3
511 569 3
513 571 1
514 571 1
514 572 1
515 573 1
517 575 1
519 577 1
520 578 1
465 523 3
525 526 3
526 527 3
527 528 1
531 587 3
532 533 1
539 540 3
540 541 3
486 545 3
495 554 3
557 558 3
562 563 3
569 570 1
512 571 1
571 572 0
572 573 3
573 574 1
574 575 3
575 576 0
576 577 1
577 578 1
578 579 0
534 535 0
535 536 3
541 542 3
486 544 2
550 551 3
558 559 2
559 560 3
563 564 3
568 569 3
523 524 3
544 545 3
491 549 2
495 552 2
561 562 3
570 571 1
524 525 3
485 544 2
565 567 3
471 529 3
490 549 2
564 565 3
529 587 3
542 544 3
549 550 3
522 523 1
533 590 3
537 596 3
544 601 3
495 553 3
528 529 3
542 601 2
545 547 3
552 553 3
567 624 3
546 547 3
554 555 3
565 624 3
532 589 2
545 546 3
531 589 3
547 549 3
553 554 2
564 622 3
556 615 3
557 615 3
525 584 3
531 588 3
536 594 3
562 620 3
526 584 3
587 588 3
537 594 3
544 602 3
545 602 3
545 603 3
565 622 3
525 582 3
532 590 2
546 603 3
563 622 3
577 635 3
578 636 2
524 582 3
602 603 3
570 628 1
574 632 3
575 632 3
575 634 3
576 634 1
578 635 2
579 636 3
534 592 0
551 610 3
552 610 3
559 618 3
560 618 3
563 621 3
568 626 1
572 630 1
528 585 3
528 586 3
529 586 3
535 594 3
537 595 3
551 609 3
555 613 3
621 622 3
567 626 1
569 627 1
571 629 1
573 630 1
573 632 1
522 580 1
527 585 1
588 589 3
540 598 2
541 599 2
601 602 3
549 607 3
550 607 3
550 609 3
609 610 3
554 612 3
557 616 3
558 616 3
565 681 3
573 631 1
523 580 3
523 582 3
527 584 3
533 592 2
535 592 3
535 593 3
595 596 3
598 599 3
542 600 2
549 605 3
550 608 3
554 611 2
559 616 2
622 681 3
567 625 3
626 627 1
627 628 3
628 629 1
629 630 3
630 631 2
631 632 2
577 634 3
635 636 3
589 590 3
594 595 3
547 605 3
607 608 3
608 609 3
553 611 2
556 613 3
624 625 3
585 586 3
592 593 3
539 597 2
541 600 2
600 601 3
552 611 3
615 616 3
616 618 2
563 620 3
624 681 3
625 626 1
632 634 3
634 635 3
593 594 3
597 598 3
599 600 3
546 605 3
605 607 3
611 612 2
555 612 3
613 615 3
618 620 3
538 597 2
546 661 3
610 611 3
582 584 3
603 661 3
605 661 3
584 585 1
586 587 3
612 613 3
615 673 3
616 673 3
620 621 3
533 649 3
596 597 0
590 649 3
592 649 3
636 695 3
618 676 3
584 641 3
587 645 3
616 676 2
632 692 3
584 643 1
590 648 3
611 670 3
612 670 2
634 692 3
580 639 3
523 639 3
582 641 3
585 643 3
588 645 3
589 648 3
635 692 3
641 643 3
632 690 3
594 653 3
615 672 3
622 680 3
582 639 3
595 653 3
595 654 3
596 654 3
608 666 3
613 672 3
618 677 3
588 647 3
648 649 3
592 650 3
607 666 3
620 677 3
620 679 3
622 679 3
631 690 3
632 691 3
635 693 3
586 645 3
589 647 3
593 650 3
597 654 1
602 661 3
609 667 3
610 667 3
621 679 3
680 681 3
691 692 3
582 640 3
586 644 3
593 652 3
594 652 3
600 658 3
607 664 3
624 682 3
629 687 0
630 688 3
580 638 3
640 641 3
585 644 3
588 646 3
593 651 3
597 655 3
598 655 3
601 658 3
602 660 3
610 668 3
616 674 3
626 684 1
627 685 2
627 686 0
628 686 0
630 687 0
631 688 2
631 689 0
692 693 3
636 693 3
638 639 3
646 647 3
647 648 3
649 650 3
652 653 3
601 660 3
661 662 3
605 662 3
605 664 3
664 666 3
609 666 3
611 668 3
676 677 3
679 680 3
684 685 3
686 687 0
688 689 3
689 690 1
690 691 3
644 645 3
645 646 3
653 654 3
598 657 3
599 657 3
662 664 3
664 665 3
665 666 3
611 669 3
613 670 2
673 674 3
674 676 2
620 678 3
625 683 1
685 686 0
651 652 3
599 658 3
660 661 3
666 667 3
667 668 3
672 673 3
625 682 3
626 683 1
641 642 3
642 643 3
669 670 3
677 678 3
678 679 3
682 683 1
687 688 1
639 640 3
650 651 3
658 660 3
662 663 3
668 669 3
681 682 3
657 658 3
663 664 3
643 644 3
654 655 0
683 684 3
676 734 3
613 730 2
676 733 3
672 730 2
674 733 2
733 734 3
641 700 3
670 730 3
693 695 3
670 729 3
655 714 3
598 714 3
657 714 3
729 730 3
658 717 3
660 717 3
650 709 3
670 728 3
692 749 3
643 701 3
651 709 3
658 716 3
728 729 3
673 732 3
683 741 3
684 741 2
691 749 3
642 700 3
642 701 3
648 706 3
655 713 3
657 716 3
669 728 3
674 732 3
695 752 3
640 698 3
644 701 3
713 714 3
716 717 3
669 727 3
692 751 3
693 752 3
695 753 3
639 698 3
641 699 3
699 700 3
647 706 3
666 724 3
667 724 3
727 728 3
693 751 3
638 696 3
639 697 3
644 702 3
645 703 3
646 703 3
646 704 3
647 704 3
649 707 3
653 710 3
653 711 3
714 715 3
657 715 3
660 718 3
661 718 3
661 720 3
662 720 3
662 721 3
663 721 3
664 722 3
665 723 3
667 725 3
668 726 3
668 727 3
677 734 3
677 735 3
678 735 3
678 736 3
679 736 3
679 737 3
680 737 3
680 738 3
681 740 1
682 740 1
684 742 2
687 745 1
688 745 3
688 746 0
689 747 3
696 697 3
698 699 3
701 702 3
702 703 3
648 707 3
650 707 3
652 709 3
652 710 3
715 716 3
661 719 3
720 721 3
721 722 3
722 723 3
724 725 3
725 726 3
726 727 3
735 736 3
740 741 3
685 742 2
685 743 2
686 743 1
746 747 1
690 747 0
752 753 3
697 698 3
717 718 3
718 719 3
719 720 3
723 724 3
681 738 3
745 746 0
690 748 0
749 751 3
709 710 3
655 712 3
672 732 3
736 737 3
737 738 3
741 742 3
686 745 1
747 748 3
690 749 3
710 711 3
654 712 0
712 713 3
734 735 3
704 706 3
706 707 3
654 711 3
743 745 1
703 704 3
748 749 1
650 766 3
709 766 3
710 767 3
711 712 0
738 740 1
742 743 3
700 701 3
709 767 3
751 752 3
707 766 3
672 789 2
732 789 2
730 789 3
749 808 3
751 808 3
732 733 2
745 802 3
743 802 1
704 763 3
706 763 3
732 792 2
767 768 3
749 807 3
734 792 2
737 795 1
748 807 1
751 809 3
752 809 3
706 765 3
707 765 3
710 768 0
738 796 1
699 757 3
699 758 3
700 758 3
717 776 3
718 776 3
720 779 3
721 779 3
733 792 3
736 794 3
737 794 3
740 796 2
752 810 3
697 755 3
698 757 3
706 764 3
729 788 3
730 788 3
735 793 3
736 793 3
794 795 1
696 754 3
698 755 3
698 756 3
701 758 3
701 759 3
702 760 3
703 761 3
763 764 3
764 765 3
711 769 2
719 777 3
720 778 3
722 780 3
723 781 3
724 782 3
725 783 3
726 784 3
726 785 3
727 785 3
728 786 3
729 787 3
788 789 3
734 793 3
737 796 1
741 799 3
742 799 2
742 800 1
743 801 1
745 803 3
746 804 1
747 804 3
753 810 3
753 811 3
754 755 3
756 757 3
760 761 3
704 761 3
704 762 3
765 766 3
716 775 3
717 775 3
776 777 3
777 778 3
779 780 3
780 781 3
781 782 3
782 783 3
783 784 3
727 786 3
786 787 3
787 788 3
793 794 3
742 801 1
802 803 3
803 804 3
810 811 3
759 760 3
761 762 3
712 769 3
714 772 3
784 785 3
785 786 3
795 796 3
740 798 3
740 799 3
762 763 3
766 767 3
711 768 2
715 772 3
716 774 3
775 776 3
778 779 3
792 793 3
799 800 1
800 801 3
801 802 3
808 809 3
809 810 3
757 758 3
758 759 3
715 773 3
774 775 3
789 790 3
732 790 2
796 855 3
740 855 3
798 799 3
747 805 2
755 756 3
773 774 3
804 805 3
807 808 3
768 769 3
713 771 3
713 772 3
772 773 3
712 771 3
771 772 3
798 855 2
792 849 2
792 850 2
748 805 3
769 771 3
790 792 2
849 850 3
805 807 1
761 819 3
790 849 3
761 820 2
762 820 2
800 858 3
819 820 3
807 865 3
775 833 3
776 833 3
802 860 3
755 813 3
774 832 3
775 832 3
801 860 3
754 813 3
756 813 3
760 819 3
805 865 3
832 833 3
780 838 3
781 838 3
786 844 3
787 844 3
793 850 2
756 814 3
757 814 3
757 815 3
758 815 2
759 817 2
760 817 2
773 831 3
773 832 3
789 847 3
790 848 3
794 853 1
795 853 3
796 854 3
854 855 3
798 857 3
799 857 3
801 858 3
803 860 3
804 862 3
808 865 3
754 812 3
758 816 2
758 817 2
772 830 3
772 831 3
831 832 3
776 834 3
777 835 3
778 836 3
779 837 3
781 839 3
782 840 3
783 841 3
784 842 3
785 843 3
787 845 3
788 846 3
788 847 3
848 849 3
798 856 3
800 857 0
803 861 3
803 862 3
809 867 3
810 868 3
811 869 3
812 813 3
815 816 3
764 822 2
771 830 3
830 831 3
834 835 3
835 836 3
836 837 3
837 838 3
838 839 3
839 840 3
840 841 3
841 842 3
842 843 3
843 844 3
844 845 3
845 846 3
847 848 3
796 853 3
855 856 2
856 857 3
860 861 3
805 862 2
805 864 3
808 867 3
867 868 3
868 869 3
813 814 3
816 817 3
762 821 2
763 821 2
765 822 2
771 829 3
808 866 3
814 815 3
763 822 2
769 828 3
771 828 3
829 830 3
833 834 3
865 866 3
866 867 3
765 823 2
828 829 3
846 847 3
857 858 1
822 823 3
765 824 2
766 824 2
767 824 2
769 827 3
853 854 3
861 862 3
821 822 3
823 824 3
767 825 2
768 825 3
768 826 3
827 828 3
858 860 3
817 819 3
824 825 3
825 826 3
826 827 3
793 853 1
864 865 3
820 821 3
793 909 2
850 909 3
853 910 0
819 877 3
853 909 0
817 877 3
820 877 3
909 910 3
862 864 3
821 879 3
849 907 3
858 916 3
858 917 3
860 917 3
864 922 3
822 879 3
850 907 3
910 911 1
853 911 3
862 922 3
814 872 3
815 872 3
846 905 3
847 905 3
847 906 3
848 906 3
848 907 3
854 911 3
862 920 3
862 921 3
815 873 3
817 876 3
876 877 3
861 920 3
813 871 3
814 871 3
820 879 3
824 882 3
857 916 1
916 917 3
921 922 3
865 922 3
872 873 3
815 874 3
816 874 3
825 882 3
826 884 3
827 885 3
828 885 3
828 886 3
829 887 3
832 890 3
833 890 3
854 913 3
855 913 3
868 926 3
812 870 3
820 878 3
822 880 3
823 881 3
825 883 3
827 884 3
828 887 3
830 888 3
830 889 3
831 889 3
833 891 3
834 892 3
835 893 3
836 894 3
837 895 3
838 896 3
839 897 3
840 898 3
841 899 3
842 900 3
843 901 3
844 902 3
845 903 3
846 903 3
850 908 3
857 915 3
867 926 3
869 927 3
870 871 3
873 874 3
816 875 3
817 875 3
878 879 3
880 881 3
824 881 3
882 883 3
883 884 3
887 888 3
889 890 3
891 892 3
892 893 3
893 894 3
894 895 3
895 896 3
896 897 3
897 898 3
898 899 3
899 900 3
842 901 3
901 902 3
902 903 3
846 904 3
907 908 3
908 909 3
856 915 3
920 921 3
865 924 3
866 924 3
869 926 3
871 872 3
875 876 3
879 880 3
885 886 3
888 889 3
890 891 3
900 901 3
855 914 2
856 914 3
915 916 1
860 918 0
867 924 3
926 927 3
874 875 3
881 882 3
884 885 3
886 887 3
904 905 3
905 906 3
906 907 3
913 914 2
917 918 0
865 923 3
903 904 3
911 913 3
922 923 3
877 878 3
861 919 3
860 919 3
919 920 3
923 924 3
914 915 3
918 919 1
924 926 3
924 983 3
926 983 3
910 969 1
911 969 3
876 935 3
877 935 3
917 976 0
878 935 3
909 968 3
910 968 3
913 971 3
918 976 2
909 967 3
911 970 3
920 978 3
908 967 3
911 971 3
914 971 2
919 978 3
887 945 3
891 949 3
926 985 3
876 934 3
886 945 3
892 949 3
892 950 3
970 971 3
919 977 0
921 979 3
923 980 3
983 985 3
875 933 3
934 935 3
881 939 3
889 947 3
949 950 3
893 950 3
903 962 3
904 962 3
967 968 3
916 974 3
918 977 1
977 978 1
921 978 3
922 980 3
923 982 3
924 982 3
870 928 3
871 929 3
933 934 3
878 936 3
879 937 3
880 938 3
882 939 3
882 940 3
883 941 3
884 942 3
885 943 3
886 944 3
888 946 3
888 947 3
890 948 3
893 951 3
894 952 3
895 953 3
896 954 3
897 955 3
898 956 3
899 957 3
900 958 3
901 959 3
902 960 3
903 961 3
904 963 3
905 963 3
906 964 3
907 965 3
908 966 3
968 969 1
915 973 3
917 974 3
922 979 3
982 983 3
928 929 3
872 929 3
872 930 3
873 931 3
874 931 3
935 936 3
936 937 3
937 938 3
938 939 3
939 940 3
940 941 3
941 942 3
942 943 3
885 944 3
945 946 3
946 947 3
947 948 3
948 949 3
951 952 3
952 953 3
953 954 3
954 955 3
955 956 3
956 957 3
957 958 3
958 959 3
959 960 3
960 961 3
962 963 3
963 964 3
964 965 3
965 966 3
969 970 3
914 973 3
973 974 1
927 985 3
929 930 3
875 931 3
961 962 3
966 967 3
978 979 3
979 980 3
872 931 3
944 945 3
950 951 3
943 944 3
930 931 3
931 933 3
931 990 3
971 973 2
976 977 1
985 1042 3
933 990 3
983 1042 3
979 1037 3
923 1040 3
982 1040 3
969 1027 3
973 1030 3
917 1033 3
976 1034 0
978 1037 3
923 1039 3
974 1033 3
976 1033 1
977 1034 0
980 1039 3
983 1041 3
935 993 3
936 993 3
1039 1040 3
931 989 3
934 993 3
937 996 3
938 996 3
950 1008 3
973 1029 2
989 990 3
949 1008 3
968 1027 2
971 1029 3
939 996 3
944 1002 3
952 1010 3
953 1011 3
954 1011 3
956 1014 3
957 1014 3
962 1020 3
970 1029 3
1029 1030 3
977 1036 3
978 1036 0
980 1037 3
1041 1042 3
930 989 3
937 995 3
939 997 3
943 1002 3
951 1010 3
958 1016 3
961 1019 3
963 1020 3
963 1021 3
967 1026 3
968 1026 3
970 1027 3
985 1043 3
928 986 3
929 987 3
929 988 3
930 988 3
933 991 3
934 992 3
995 996 3
940 997 3
940 998 3
941 998 3
942 1000 3
943 1001 3
946 1005 3
947 1005 3
948 1006 3
949 1007 3
951 1008 3
951 1009 3
954 1012 3
955 1013 3
957 1015 3
957 1016 3
959 1017 3
960 1018 3
960 1019 3
964 1021 3
964 1022 3
965 1023 3
966 1024 3
966 1025 3
967 1025 3
970 1028 3
973 1031 3
974 1032 0
1032 1033 1
977 1035 3
1036 1037 1
980 1038 3
982 1041 3
1042 1043 3
986 987 3
987 988 3
988 989 3
990 991 3
991 992 3
992 993 3
936 994 3
996 997 3
941 1000 3
1000 1001 3
945 1004 3
946 1004 3
1005 1006 3
1006 1007 3
1007 1008 3
952 1011 3
1011 1012 3
1012 1013 3
1013 1014 3
1016 1017 3
1017 1018 3
1018 1019 3
1019 1020 3
1020 1021 3
1022 1023 3
1023 1024 3
1025 1026 3
1028 1029 3
1030 1031 3
1031 1032 3
1034 1035 1
1035 1036 3
1037 1038 3
1038 1039 3
994 995 3
997 998 3
1001 1002 3
944 1004 3
1008 1009 3
1010 1011 3
1014 1015 3
1015 1016 3
1021 1022 3
1027 1028 3
993 994 3
1002 1004 3
1009 1010 3
1024 1025 3
1026 1027 2
1033 1034 0
1040 1041 3
1004 1005 3
