0 1 3
1 2 3
2 4 3
4 5 3
5 6 3
6 7 3
7 8 3
8 9 3
9 10 3
10 11 3
11 12 3
12 13 3
13 14 3
14 15 3
15 17 3
17 18 3
18 19 3
19 20 3
20 21 3
21 23 3
23 24 1
24 26 3
26 27 3
27 28 3
28 29 3
29 30 3
29 31 2
31 32 3
32 33 3
33 34 3
34 35 0
35 36 3
36 37 1
37 38 3
38 39 0
39 40 3
40 41 3
41 43 3
43 44 3
44 45 3
45 46 3
46 47 3
47 49 3
49 50 3
50 51 3
51 52 3
52 53 3
53 54 3
54 55 3
55 56 3
56 57 3
2 3 3
3 4 3
30 31 3
21 80 2
23 80 2
41 99 2
49 106 3
26 83 3
47 106 3
55 113 3
43 99 2
43 100 3
51 110 3
52 110 3
54 113 3
56 113 3
24 83 3
26 84 3
33 91 3
37 95 3
99 100 3
53 111 3
20 78 2
83 84 3
29 87 0
33 92 3
34 92 3
38 95 3
52 111 3
14 73 3
15 73 3
19 78 3
21 78 2
45 104 3
46 104 3
51 109 3
4 62 3
5 62 3
30 87 3
30 89 3
31 89 3
32 91 3
40 99 3
46 105 3
47 105 3
50 109 3
109 110 3
10 68 3
13 71 3
17 74 3
18 76 3
21 79 2
23 81 2
24 82 3
28 87 0
30 88 3
37 94 3
39 97 1
100 101 3
43 101 3
44 102 3
45 102 3
49 107 3
50 107 3
54 111 3
1 60 3
2 60 3
11 68 3
14 71 3
15 74 3
17 76 3
19 76 3
78 79 3
79 80 3
80 81 3
23 82 1
32 89 0
35 93 0
36 94 1
38 97 3
40 98 3
43 102 3
106 107 3
0 58 3
1 59 3
6 64 3
7 65 3
8 66 3
9 66 3
14 72 3
27 84 3
32 90 3
36 93 0
38 96 3
98 99 3
101 102 3
45 103 3
50 108 3
56 114 3
57 115 3
58 59 3
59 60 3
5 63 3
5 64 3
64 65 3
65 66 3
9 67 3
12 71 3
73 74 3
82 83 3
28 84 3
87 88 3
88 89 3
89 90 1
92 93 0
95 96 3
96 97 3
39 98 3
103 104 3
107 108 3
113 114 3
114 115 3
66 67 3
9 68 3
11 69 3
12 69 3
72 73 3
93 94 1
102 103 3
105 106 3
108 109 3
3 60 3
63 64 3
68 69 3
71 72 3
19 77 3
81 82 1
84 86 3
90 91 3
97 98 0
54 112 3
62 63 3
76 77 3
28 86 3
111 112 3
3 62 3
67 68 3
77 78 3
86 87 0
94 95 3
104 105 3
110 111 3
91 92 3
69 71 3
17 133 3
76 133 3
112 113 3
74 133 3
101 159 2
105 163 3
3 120 3
62 120 3
87 144 3
92 151 0
86 144 3
110 168 3
110 169 3
111 169 3
69 128 3
87 146 3
100 158 3
104 162 3
109 168 3
71 128 3
88 146 3
93 151 3
98 156 3
101 158 2
103 162 3
106 163 3
80 139 3
81 139 3
99 156 3
107 165 3
109 167 3
60 120 3
78 136 3
84 142 3
88 147 3
89 147 3
94 151 0
95 153 3
102 161 3
103 161 3
167 168 3
69 127 3
133 134 3
76 134 3
77 136 3
79 136 3
82 141 3
83 141 3
83 142 3
86 143 3
90 148 3
91 149 3
94 153 3
158 159 2
102 160 3
168 169 3
112 169 3
112 170 3
63 120 3
64 122 3
65 122 3
65 123 3
66 124 3
68 126 3
69 126 3
127 128 3
71 129 3
84 143 3
91 148 3
92 149 3
96 155 3
97 155 3
101 160 0
160 161 3
105 162 3
108 167 3
169 170 3
113 170 3
114 173 3
115 173 3
58 116 3
59 117 3
63 121 3
122 123 3
123 124 3
67 124 3
67 125 3
128 129 3
73 131 3
74 131 3
77 134 3
82 139 0
141 142 3
142 143 3
148 149 3
92 150 3
96 154 3
161 162 3
113 171 3
114 172 3
116 117 3
60 117 3
60 118 3
120 121 3
121 122 3
71 130 3
72 130 3
72 131 3
82 140 3
90 147 0
150 151 0
94 152 3
152 153 3
153 154 3
154 155 3
106 164 3
170 171 3
171 172 3
172 173 3
118 120 3
126 127 3
139 140 1
87 145 3
146 147 3
151 152 1
97 156 0
163 164 3
107 164 3
164 165 3
129 130 3
140 141 3
144 145 3
147 148 1
149 150 3
99 158 3
67 126 3
130 131 3
74 132 3
79 137 3
145 146 3
117 118 3
124 125 3
125 126 3
132 133 3
80 138 3
138 139 3
156 158 3
162 163 3
108 165 3
168 226 3
131 132 3
136 137 3
79 138 3
155 156 0
159 160 2
167 226 3
137 138 3
143 144 3
77 193 3
136 193 3
159 217 2
134 193 3
160 217 3
120 177 3
165 167 3
118 176 3
118 177 3
120 178 3
138 140 1
142 200 3
176 177 3
137 193 3
143 201 3
144 201 3
145 203 3
153 211 3
157 158 3
161 219 3
163 222 3
164 222 3
169 227 3
170 228 3
172 231 3
173 231 3
124 182 3
141 199 3
146 203 3
148 205 3
149 207 3
152 211 3
157 215 3
158 215 3
160 218 3
160 219 3
164 223 3
165 223 3
169 228 3
125 183 3
126 183 3
133 191 3
134 191 3
142 199 3
143 200 3
147 205 1
149 208 3
150 208 3
154 213 3
155 213 3
156 213 1
156 157 3
158 216 0
159 216 2
217 218 3
171 230 3
172 230 3
116 174 3
117 175 3
118 175 3
177 178 3
125 182 3
126 184 3
127 185 3
128 186 3
129 187 3
130 188 3
131 189 3
132 191 3
193 194 3
137 196 3
138 196 3
151 209 1
151 210 1
152 210 3
154 211 3
156 215 3
162 220 3
163 221 3
165 224 3
168 227 3
171 228 3
171 229 3
116 175 3
122 181 3
123 181 3
183 184 3
184 185 3
185 186 3
186 187 3
187 188 3
188 189 3
134 192 3
137 194 3
199 200 3
148 207 3
208 209 1
154 212 3
219 220 3
220 221 3
167 224 3
226 227 3
228 229 3
230 231 3
174 175 3
121 178 3
181 182 3
191 192 3
140 198 3
141 198 3
200 201 3
205 207 0
209 210 3
210 211 3
212 213 3
221 222 3
222 223 3
227 228 3
229 230 3
122 180 3
180 181 3
132 189 3
192 193 3
207 208 3
211 212 3
218 219 3
223 224 3
175 176 3
182 183 3
198 199 3
122 178 3
138 198 1
216 217 3
145 201 3
147 203 3
138 197 3
145 260 3
215 216 3
201 260 3
122 237 3
203 260 3
224 226 3
178 237 3
180 237 3
194 196 3
197 198 1
156 272 3
196 197 3
203 205 3
213 272 0
224 283 3
226 283 0
132 248 3
203 262 3
215 272 3
189 248 3
191 248 3
205 262 3
205 263 3
220 278 3
193 251 3
221 278 3
226 284 3
177 235 3
178 235 3
186 244 3
187 244 3
192 251 3
199 257 3
203 261 3
218 277 3
219 277 3
283 284 1
180 238 3
183 242 3
184 242 3
184 243 3
185 243 3
194 254 3
196 254 3
198 257 3
200 257 3
200 259 3
201 259 3
262 263 2
208 267 1
209 267 0
223 281 3
224 281 3
237 238 3
207 265 3
278 279 3
221 279 3
227 284 3
174 232 3
175 233 3
176 234 3
181 239 3
182 239 3
188 246 3
189 247 3
191 249 3
192 250 3
194 252 3
200 258 3
260 261 3
208 265 3
209 268 0
210 268 0
211 269 0
212 270 0
212 271 0
213 271 0
215 217 0
219 278 3
222 280 3
222 281 3
228 286 3
229 286 3
229 287 3
230 288 3
231 289 3
232 233 3
233 234 3
234 235 3
178 236 3
180 239 3
242 243 3
185 244 3
187 246 3
246 247 3
247 248 3
248 249 3
249 250 3
250 251 3
251 252 3
257 258 3
259 260 3
261 262 3
212 269 0
271 272 3
217 333 3
217 277 3
279 280 3
224 282 3
227 285 3
227 286 3
286 287 3
287 288 3
288 289 3
235 236 3
236 237 3
182 240 3
258 259 3
208 266 3
267 268 3
268 269 3
270 271 3
215 273 3
215 333 3
280 281 3
285 286 3
239 240 3
183 240 3
265 266 3
272 273 3
277 278 3
281 282 3
282 283 3
187 303 3
197 254 3
244 303 3
246 303 3
205 265 0
266 267 3
284 285 3
238 239 3
243 244 3
205 322 3
252 254 3
269 270 0
265 322 3
197 257 1
262 320 3
263 322 3
215 332 3
332 333 3
197 314 3
257 314 0
257 315 0
261 320 3
273 331 3
273 332 3
302 303 3
197 313 3
314 315 3
270 329 3
271 329 3
244 302 3
252 311 3
254 311 3
259 317 0
265 323 3
217 334 3
254 313 3
331 332 3
263 320 3
270 328 3
328 329 3
277 334 3
277 336 3
278 336 3
281 338 3
183 299 3
242 300 3
243 300 3
313 314 3
322 323 3
280 338 3
240 299 3
242 299 3
249 307 3
254 312 3
237 295 3
238 295 3
248 307 3
312 313 3
266 324 3
333 334 3
279 338 3
285 343 3
238 297 3
239 297 3
251 309 3
252 309 3
258 315 0
267 325 2
268 325 3
272 331 3
277 335 3
279 336 3
284 342 3
232 290 3
233 291 3
234 292 3
235 293 3
236 294 3
238 296 3
243 301 3
246 304 3
247 305 3
248 306 3
250 308 3
263 321 3
265 324 3
268 326 3
269 327 0
272 330 3
334 335 3
335 336 3
281 340 3
282 340 3
283 342 1
285 342 3
286 344 3
287 344 3
287 345 3
288 346 3
289 347 3
290 291 3
291 292 3
292 293 3
293 294 3
237 294 3
296 297 3
244 301 3
304 305 3
305 306 3
306 307 3
307 308 3
308 309 3
252 310 3
266 325 3
268 327 0
270 327 3
330 331 3
343 344 3
344 345 3
345 346 3
346 347 3
294 295 3
300 301 3
303 304 3
323 324 3
324 325 3
326 327 0
272 329 3
279 337 3
281 339 3
283 340 3
295 296 3
301 302 3
309 310 3
310 311 3
336 337 3
337 338 3
338 339 3
339 340 3
342 343 3
299 300 3
311 312 3
260 318 0
261 318 0
261 319 1
318 319 1
329 330 3
319 320 3
327 328 3
259 318 0
320 321 0
325 326 3
321 322 3
240 297 3
258 373 0
258 374 0
258 317 0
304 362 3
315 373 3
373 374 3
317 374 3
317 318 3
320 378 0
340 342 1
305 362 3
342 399 3
340 399 3
321 379 0
336 394 3
337 394 3
297 356 3
240 356 3
303 362 3
319 377 0
325 384 0
326 384 0
329 387 3
330 387 3
299 356 3
320 377 0
311 369 3
327 384 0
327 385 3
327 386 3
328 386 3
339 397 3
305 363 3
310 369 3
318 376 3
319 376 0
376 377 3
323 382 3
324 382 3
330 389 3
335 392 3
338 397 3
303 360 3
362 363 3
309 367 3
323 381 3
384 385 3
331 389 3
334 392 3
335 394 3
340 397 3
292 294 3
301 360 3
302 360 3
308 367 3
320 379 0
322 381 3
381 382 3
333 391 3
335 393 3
292 350 1
296 353 1
299 358 3
300 358 3
301 359 3
303 361 3
306 364 3
307 365 3
310 368 3
312 369 3
313 371 3
314 371 3
317 375 3
383 384 0
333 392 3
337 395 3
338 396 3
342 400 3
343 401 3
344 402 3
345 403 3
346 404 3
347 405 1
290 348 3
291 350 1
295 353 1
358 359 3
361 362 3
305 364 3
364 365 3
308 365 3
368 369 3
312 370 3
314 373 3
374 375 3
321 381 3
325 382 3
385 386 3
332 391 3
391 392 3
392 393 3
393 394 3
394 395 3
338 395 3
340 398 3
400 401 3
401 402 3
402 403 3
403 404 3
404 405 1
291 348 3
291 349 1
296 354 1
363 364 3
313 370 3
314 372 3
317 376 3
330 388 3
389 390 3
331 390 3
395 396 3
397 398 3
399 400 3
349 350 3
359 360 3
371 372 3
372 373 3
375 376 3
325 383 3
329 386 3
387 388 3
332 390 3
348 349 1
294 352 1
297 354 1
310 367 3
369 370 3
370 371 3
378 379 3
382 383 3
388 389 3
292 351 1
294 351 1
352 353 3
360 361 3
367 368 3
386 387 3
390 391 3
396 397 3
353 354 3
379 381 1
351 352 3
365 367 3
398 399 3
350 351 3
377 378 3
381 438 0
387 445 3
393 450 3
396 453 3
395 453 3
373 488 3
378 435 3
399 457 3
354 356 0
379 438 3
398 457 3
386 445 3
367 425 3
374 488 3
386 501 0
395 452 3
351 410 3
352 410 3
356 416 1
299 416 1
365 423 3
367 423 3
374 490 2
392 450 3
394 452 3
400 457 3
348 407 1
349 407 3
358 416 1
358 417 1
359 417 1
372 431 3
373 431 3
488 490 1
376 434 3
377 434 3
377 435 3
383 441 3
391 450 3
393 452 3
350 407 3
351 409 3
356 413 1
359 418 1
364 423 3
368 426 3
391 449 3
350 409 3
409 410 3
416 417 3
417 418 3
360 418 1
362 420 3
363 420 3
369 426 3
444 501 2
388 447 3
389 447 3
390 449 3
397 455 3
401 459 3
350 408 3
353 411 3
354 411 3
354 412 3
354 413 3
413 416 3
361 418 1
361 420 3
371 430 3
372 430 3
374 432 3
375 433 3
378 437 3
379 437 3
384 441 1
386 444 3
388 445 3
393 451 3
398 455 3
400 459 3
402 460 3
403 461 3
404 462 3
405 463 3
410 411 3
363 422 3
367 426 3
431 488 3
432 490 1
432 433 3
381 440 3
382 440 3
384 442 3
385 442 3
390 447 3
450 451 3
451 452 3
396 455 3
400 458 3
459 460 3
460 461 3
461 462 3
462 463 1
407 408 3
425 426 3
430 431 3
444 445 3
449 450 3
457 458 3
420 422 3
364 422 3
422 423 3
423 425 3
369 427 3
437 438 3
438 440 1
390 448 3
398 456 3
456 457 3
408 409 3
411 412 3
413 414 3
426 427 3
370 427 3
376 433 3
434 435 3
441 442 0
386 442 3
447 448 3
458 459 3
412 413 3
413 471 3
414 471 3
414 416 3
418 420 0
435 437 3
382 441 3
445 447 3
448 449 3
452 453 3
371 429 3
455 456 3
370 429 3
429 430 3
423 481 1
453 455 3
416 474 3
420 479 1
433 434 3
438 497 2
440 497 0
442 499 1
348 464 1
418 479 3
423 482 3
440 441 3
471 472 3
425 482 3
426 484 3
441 499 3
442 501 2
414 472 3
417 474 3
422 481 1
425 484 3
445 504 2
455 513 3
416 473 3
453 513 3
453 512 3
407 464 3
473 474 3
422 479 1
422 480 1
440 498 3
452 510 3
453 510 3
512 513 3
414 473 3
479 480 3
480 481 3
427 429 3
430 488 3
441 498 3
444 504 3
437 496 2
438 496 2
450 508 3
451 508 3
453 511 3
412 470 3
425 483 3
451 509 3
452 509 3
407 465 3
409 467 3
411 470 3
482 483 3
497 498 1
447 505 3
509 510 3
408 465 3
410 467 3
413 470 3
434 493 2
437 495 2
448 505 3
510 511 3
456 514 3
457 514 3
472 473 3
418 476 3
433 493 2
435 493 2
435 495 2
442 500 1
445 505 3
448 507 3
449 507 3
508 509 3
455 514 3
408 466 3
410 468 3
411 469 3
470 471 3
417 475 3
496 497 3
500 501 3
448 506 3
457 515 3
459 518 3
460 518 3
461 519 3
462 520 1
463 520 3
464 465 3
465 466 3
466 467 3
467 468 3
468 469 3
469 470 3
474 475 3
475 476 3
427 484 3
495 496 3
505 506 3
511 512 3
458 515 3
518 519 3
519 520 1
478 479 3
429 488 3
433 490 1
433 491 1
504 505 3
458 516 3
459 517 3
427 485 2
491 493 3
506 507 3
450 507 3
514 515 3
517 518 3
483 484 3
484 485 3
429 485 3
435 494 3
501 504 3
513 514 3
459 516 3
429 486 2
490 491 3
493 494 3
516 517 3
478 480 3
481 482 0
485 486 3
507 508 3
463 521 3
476 479 3
479 535 3
486 488 3
494 495 3
476 535 3
520 521 3
515 516 3
478 535 3
486 546 1
488 546 1
488 547 1
490 547 1
486 545 1
546 547 3
545 546 3
507 565 3
508 565 3
472 529 3
472 531 3
506 565 3
517 575 3
471 529 3
473 531 3
504 560 2
516 574 3
501 560 3
517 574 3
478 537 3
484 542 2
496 555 3
497 555 3
560 562 3
504 562 3
513 571 3
514 571 3
515 574 3
480 537 3
482 540 3
485 542 3
486 544 1
547 548 3
490 548 1
509 568 3
510 568 3
480 538 3
481 538 3
481 540 3
485 543 3
441 557 2
499 557 2
505 562 2
505 563 3
512 571 3
537 538 3
481 539 3
483 542 2
486 543 3
495 553 3
496 554 3
498 555 2
506 563 3
511 570 3
512 570 3
574 575 3
520 579 3
521 579 3
464 522 3
465 523 3
466 524 3
467 525 3
468 526 3
469 527 3
470 528 3
474 532 3
475 533 3
476 534 3
478 536 3
539 540 3
483 540 3
491 549 3
494 552 3
496 553 3
554 555 3
498 557 3
565 566 3
508 566 2
509 567 3
510 569 3
511 569 3
514 572 3
518 576 3
519 577 3
520 578 3
522 523 3
523 524 3
524 525 3
525 526 3
526 527 3
527 528 3
528 529 3
531 532 3
532 533 3
533 534 3
534 535 3
535 536 3
544 545 2
490 549 3
491 550 3
552 553 3
553 554 3
560 618 1
562 563 3
570 571 3
515 572 3
517 576 3
576 577 3
577 578 1
540 542 3
542 543 3
543 544 2
493 550 3
493 551 3
494 551 3
498 556 2
506 564 2
508 567 3
568 569 3
571 572 3
578 579 3
555 556 3
569 570 3
550 551 3
551 552 3
564 565 3
575 576 3
538 539 3
556 557 3
499 500 0
563 564 3
567 568 3
529 531 3
549 550 3
500 557 1
501 618 1
566 567 3
501 557 1
501 616 2
501 617 2
536 537 3
557 616 3
617 618 1
515 631 3
572 631 3
574 631 3
616 617 3
529 588 3
531 588 3
562 619 3
538 596 2
571 630 3
539 596 2
540 597 3
560 619 3
562 620 3
563 620 2
570 628 3
531 589 3
532 589 3
542 597 3
542 599 3
548 549 3
619 620 3
572 630 3
542 600 3
543 600 3
563 621 2
544 601 2
547 605 3
548 605 3
552 611 3
553 611 3
620 621 3
597 599 3
544 603 2
550 609 3
551 609 3
554 612 3
555 612 3
564 621 3
571 628 3
526 585 3
527 585 3
535 593 3
536 593 3
543 601 3
601 603 3
545 603 3
555 614 3
556 614 3
574 632 3
578 636 3
579 637 3
522 580 3
523 581 3
524 582 3
525 583 3
526 584 3
528 585 3
528 586 3
529 587 3
588 589 3
539 597 2
600 601 3
549 606 3
549 607 3
550 607 3
550 608 3
552 610 3
553 612 3
557 615 2
565 623 2
566 624 3
566 625 3
567 625 2
630 631 3
576 634 3
578 637 3
580 581 3
581 582 3
582 583 3
583 584 3
586 587 3
587 588 3
533 592 3
534 592 3
534 593 3
609 610 3
555 613 3
615 616 3
621 622 3
564 622 3
565 622 2
566 623 2
569 628 3
631 632 3
575 632 3
575 633 3
575 634 3
577 634 3
577 636 1
584 585 3
532 590 3
533 590 3
596 597 3
599 600 3
546 604 3
548 606 2
608 609 3
610 611 3
611 612 3
613 614 3
556 615 3
618 619 0
622 623 3
628 630 3
632 633 3
577 635 3
585 586 3
589 590 3
592 593 3
537 595 2
604 605 3
606 607 3
612 613 3
624 625 3
568 625 2
568 628 3
633 634 3
634 635 3
635 636 1
636 637 3
595 596 3
614 615 3
629 630 3
536 651 2
607 608 3
623 624 3
568 626 2
568 627 2
628 629 3
537 651 2
626 627 3
627 628 3
593 651 2
545 604 3
605 606 3
595 651 3
603 604 3
625 626 3
601 660 3
603 660 2
590 592 3
597 655 3
629 687 3
597 656 3
599 656 3
612 670 3
628 687 2
588 646 3
589 646 3
607 665 3
608 665 3
611 669 3
617 675 3
655 656 3
603 662 3
604 662 3
606 665 3
609 666 3
609 667 3
612 669 3
618 675 0
592 651 2
596 654 3
605 662 3
608 666 3
632 690 2
592 650 2
650 651 3
595 652 3
596 652 3
596 655 3
616 673 3
618 676 3
630 687 2
651 652 3
605 663 2
669 670 3
615 673 3
616 675 3
619 676 1
620 678 3
621 678 3
621 679 3
622 679 3
622 680 3
622 681 3
623 681 3
623 682 3
624 682 3
625 682 3
625 683 3
626 683 3
626 684 3
633 690 2
586 644 3
599 657 3
600 657 3
601 659 3
606 663 3
666 667 3
675 676 1
627 684 3
580 638 3
581 639 3
582 640 3
583 641 3
584 641 3
585 643 3
587 644 3
587 645 3
652 654 3
654 655 3
600 659 3
659 660 3
606 664 3
665 666 3
610 667 3
610 668 3
616 674 3
619 677 3
619 678 3
679 680 3
683 684 3
630 688 2
631 688 2
634 692 2
635 694 1
636 694 3
638 639 3
639 640 3
640 641 3
584 642 3
584 643 3
643 644 3
644 645 3
645 646 3
603 661 2
664 665 3
613 670 3
673 674 3
674 675 3
676 677 0
677 678 3
678 679 3
680 681 3
627 687 3
687 688 3
631 689 2
633 692 2
635 692 2
637 694 3
661 662 3
667 668 3
611 668 3
614 673 3
681 682 3
682 683 3
686 687 3
688 689 3
637 695 3
590 646 3
660 661 3
663 664 3
613 671 3
613 672 3
614 672 3
632 689 2
633 691 2
642 643 3
657 659 3
662 663 3
668 669 3
627 744 3
627 686 3
690 691 3
635 693 1
671 672 3
691 692 3
692 693 1
694 695 3
641 642 3
672 673 3
592 646 3
670 671 3
686 744 3
689 690 3
656 657 3
684 744 3
693 694 3
592 706 2
650 706 3
657 716 3
659 716 3
684 743 3
743 744 3
646 706 2
646 705 2
654 712 3
705 706 3
655 712 3
662 720 3
671 729 3
676 734 3
664 723 3
665 723 3
670 729 3
675 734 1
666 725 3
667 725 3
677 735 3
646 704 2
664 722 3
666 723 3
678 735 3
682 740 3
683 740 3
687 744 3
704 705 3
650 708 3
663 720 3
663 722 3
668 725 3
681 740 3
650 707 3
651 708 3
652 710 3
652 711 3
654 711 3
657 715 3
715 716 3
668 727 3
669 727 3
670 727 3
672 730 3
694 752 3
638 696 3
639 697 3
640 698 3
641 699 3
642 700 3
643 700 3
706 707 3
707 708 3
651 710 3
710 711 3
656 713 3
657 713 3
660 718 3
661 719 3
661 720 3
663 721 3
668 726 3
672 729 3
673 730 3
683 741 3
692 751 1
693 751 3
695 752 3
695 753 3
696 697 3
639 698 3
698 699 3
699 700 3
645 703 2
646 703 2
708 710 3
711 712 3
655 713 3
659 717 3
660 717 3
661 718 3
720 721 3
721 722 3
666 724 3
726 727 3
673 731 3
673 732 3
674 732 3
676 735 0
678 737 3
679 737 3
680 737 3
740 741 3
684 741 3
684 742 3
691 750 3
692 750 3
703 704 3
712 713 3
716 717 3
722 723 3
724 725 3
725 726 3
670 728 3
729 730 3
675 732 3
675 733 3
681 739 3
741 742 3
687 745 3
689 747 3
690 747 3
694 751 3
752 753 3
697 698 3
644 700 3
644 703 2
717 718 3
718 719 3
723 724 3
727 728 3
728 729 3
730 731 3
732 733 3
733 734 1
680 739 3
688 746 3
750 751 1
713 715 3
731 732 3
680 738 3
742 743 3
744 745 3
689 746 3
691 747 3
719 720 3
734 735 0
735 737 3
739 740 3
687 746 3
738 739 3
691 807 3
750 807 3
751 752 3
700 703 2
737 738 3
746 747 3
735 736 3
736 737 3
745 746 3
747 807 3
700 760 2
703 760 3
708 767 3
710 767 3
713 771 3
715 771 3
700 759 2
759 760 3
771 772 3
715 772 3
720 778 3
730 788 3
731 788 3
708 766 3
721 778 3
700 758 2
766 767 3
758 759 3
715 773 3
716 773 3
726 784 3
746 804 2
747 806 3
718 777 3
719 777 3
725 784 3
740 798 3
741 798 3
745 804 3
751 809 3
703 762 3
704 762 3
705 762 3
707 766 3
732 788 3
739 798 3
741 799 3
806 807 3
750 809 1
699 758 2
716 774 3
720 777 3
724 782 3
726 785 3
727 785 3
728 730 3
730 787 3
736 794 3
737 794 3
742 800 3
750 808 1
752 809 3
697 755 3
707 765 3
773 774 3
717 774 3
777 778 3
722 780 3
725 782 3
725 783 3
784 785 3
735 792 3
798 799 3
741 800 3
743 801 3
807 808 1
752 810 3
696 754 3
698 755 3
698 756 2
699 756 3
699 757 2
765 766 3
712 770 3
713 770 3
717 776 3
718 776 3
723 781 3
783 784 3
728 786 3
728 787 3
732 790 3
733 790 3
734 792 0
737 795 3
739 797 3
742 801 3
747 804 2
752 811 3
753 811 3
754 755 3
757 758 3
703 761 3
706 764 3
710 768 3
711 768 3
711 769 3
770 771 3
717 775 3
776 777 3
721 779 3
780 781 3
781 782 3
782 783 3
735 794 3
794 795 3
738 795 3
797 798 3
799 800 3
800 801 3
744 802 3
808 809 3
809 810 3
755 756 3
775 776 3
778 779 3
779 780 3
727 786 3
787 788 3
732 789 3
735 793 3
738 797 3
745 803 1
803 804 0
747 805 3
810 811 3
761 762 3
705 764 3
768 769 3
788 789 3
789 790 3
792 793 3
793 794 3
744 801 3
804 805 3
760 761 3
706 765 3
767 768 3
712 769 3
785 786 3
786 787 3
772 773 3
774 775 3
738 796 3
745 802 3
802 803 1
805 806 3
756 757 3
762 764 3
764 765 3
795 796 3
796 797 3
801 802 3
769 770 3
733 792 3
762 821 3
790 792 3
802 860 3
804 862 1
805 862 1
805 863 1
786 844 3
806 863 1
785 844 3
790 849 3
792 849 3
803 860 3
803 862 3
862 863 3
806 865 1
807 865 1
764 821 3
778 836 3
784 842 3
785 842 3
767 825 3
777 836 3
785 843 3
792 851 3
793 851 3
795 854 3
766 825 2
783 842 3
842 843 3
808 865 3
769 827 3
770 827 3
772 830 3
808 867 3
809 867 3
756 814 3
764 823 3
765 823 3
771 830 3
774 832 3
775 832 3
780 839 3
781 839 3
757 814 3
762 820 3
764 822 3
766 823 3
766 824 2
768 825 3
770 828 3
771 828 3
776 835 3
777 835 3
778 837 3
779 837 3
782 839 3
789 848 3
790 848 3
793 852 3
794 852 3
795 852 3
796 855 3
797 855 3
798 856 3
799 858 3
800 858 3
754 812 3
755 813 3
756 813 3
759 817 3
760 818 3
820 821 3
822 823 3
824 825 3
768 826 3
769 826 3
771 829 3
773 831 3
782 840 3
782 841 3
783 841 3
786 845 3
787 845 3
788 846 3
789 847 3
792 908 1
795 853 3
797 856 3
801 858 3
801 860 3
808 866 3
810 867 3
810 868 3
811 869 3
812 813 3
813 814 3
758 817 3
759 818 3
761 818 3
821 822 3
826 827 3
828 829 3
829 830 3
830 831 3
831 832 3
775 833 3
780 838 3
841 842 3
843 844 3
846 847 3
848 849 3
849 908 1
852 853 3
853 854 3
799 856 3
863 865 3
865 866 3
866 867 3
810 869 3
823 824 3
827 828 3
832 833 3
776 833 3
835 836 3
836 837 3
837 838 3
839 840 3
787 846 3
847 848 3
851 852 3
796 854 3
799 857 3
801 859 3
758 816 3
817 818 3
761 820 3
855 856 3
857 858 3
859 860 3
868 869 3
757 816 3
816 817 3
825 826 3
838 839 3
840 841 3
858 859 3
844 845 3
845 846 3
854 855 3
867 868 3
818 820 3
776 892 3
856 857 3
833 892 3
835 892 3
860 862 3
865 922 3
814 816 3
814 873 3
816 873 3
863 922 3
818 877 3
820 877 3
860 919 3
862 919 3
845 902 3
849 907 3
844 902 3
848 907 3
863 921 3
818 876 3
851 908 1
862 921 3
865 923 3
812 871 2
813 871 2
813 872 2
814 872 3
876 877 3
831 889 3
907 908 1
851 909 3
852 909 3
855 913 3
922 923 3
821 879 3
823 881 3
830 889 3
832 889 3
846 904 3
847 905 3
852 910 3
853 910 3
856 913 3
857 916 3
858 916 3
859 916 3
859 917 3
860 917 3
867 925 3
820 879 3
822 879 3
822 880 3
823 880 3
824 881 3
825 883 3
828 886 3
829 887 3
833 891 3
835 893 3
836 893 3
836 894 3
845 904 3
846 905 3
848 906 3
853 911 3
857 915 3
919 920 3
862 920 3
866 923 3
866 924 3
866 925 3
871 872 3
824 882 3
825 882 3
826 883 3
827 885 3
828 885 3
886 887 3
830 888 3
832 891 3
891 892 3
837 894 3
838 897 3
839 897 3
840 897 3
840 898 3
841 899 3
842 900 3
843 901 3
847 906 3
906 907 3
854 911 3
854 912 3
855 912 3
856 914 3
857 914 3
860 918 3
920 921 3
921 922 3
923 924 3
867 926 3
868 926 3
869 927 3
826 885 3
885 886 3
887 888 3
888 889 3
832 890 3
892 893 3
837 896 3
838 896 3
898 899 3
899 900 3
900 901 3
901 902 3
909 910 3
910 911 3
917 918 3
918 919 3
924 925 3
926 927 3
872 873 3
816 874 3
817 874 3
882 883 3
890 891 3
893 894 3
897 898 3
904 905 3
905 906 3
913 914 3
914 915 3
915 916 3
916 917 3
925 926 3
879 880 3
880 881 3
911 912 3
812 870 2
818 874 3
912 913 3
870 871 3
877 879 3
881 882 3
889 890 3
894 896 3
908 909 2
877 936 2
879 936 3
883 885 3
896 897 3
845 961 3
902 961 3
873 874 3
904 961 3
874 933 3
818 933 3
876 933 3
894 953 3
896 953 3
874 932 3
883 942 3
885 942 3
885 943 3
932 933 3
886 943 3
923 982 3
924 982 3
909 968 3
925 982 3
873 931 3
876 934 3
881 938 3
907 965 3
908 966 2
910 968 3
872 931 3
874 931 3
877 934 3
880 938 3
883 941 3
889 947 3
905 963 3
906 965 3
908 965 2
909 966 3
910 969 3
911 969 3
912 970 3
916 973 3
920 978 3
931 932 3
879 937 3
880 937 3
882 938 3
882 940 3
883 940 3
941 942 3
890 947 3
891 949 3
894 952 3
896 954 3
897 954 3
906 963 3
912 969 3
913 970 3
913 971 3
915 973 3
917 976 3
918 976 3
919 978 3
921 978 3
922 979 3
877 935 3
892 949 3
892 950 3
952 953 3
898 956 3
899 956 3
904 963 3
906 964 3
969 970 3
914 971 3
921 979 3
933 934 3
935 936 3
936 937 3
886 944 3
887 945 3
888 946 3
890 948 3
893 950 3
897 955 3
899 957 3
900 958 3
901 959 3
902 960 3
964 965 3
968 969 3
914 972 3
915 972 3
916 974 3
978 979 3
923 979 3
926 984 3
926 985 3
927 985 3
942 943 3
943 944 3
944 945 3
945 946 3
946 947 3
890 949 3
949 950 3
893 952 3
954 955 3
955 956 3
956 957 3
957 958 3
958 959 3
959 960 3
960 961 3
965 966 3
970 971 3
971 972 3
917 974 3
917 975 3
919 977 3
925 983 3
925 984 3
871 929 3
872 929 3
934 935 3
937 938 3
940 941 3
948 949 3
893 951 3
953 954 3
963 964 3
909 967 3
972 973 3
974 975 3
975 976 3
919 976 3
950 951 3
951 952 3
967 968 3
977 978 3
983 984 3
984 985 3
929 931 3
947 948 3
973 974 3
976 977 3
982 983 3
938 940 3
966 967 3
979 980 3
923 980 3
963 1021 3
904 1020 3
904 1021 3
870 929 3
961 1020 3
1020 1021 3
932 989 3
938 996 3
870 986 3
931 989 3
934 992 3
937 996 3
923 1039 3
982 1039 3
929 986 3
935 992 3
936 994 3
937 994 3
940 998 3
941 998 3
938 997 3
940 997 3
955 1013 3
956 1013 3
957 1016 3
958 1016 3
980 1039 3
929 987 3
932 990 3
954 1013 3
970 1028 3
971 1028 3
982 1040 3
986 987 3
931 987 3
933 990 3
961 1019 3
968 1026 3
969 1027 3
971 1029 3
972 1029 3
973 1031 3
974 1031 3
978 1036 3
1039 1040 3
982 1041 3
931 988 3
935 994 3
937 995 3
948 1006 3
950 1008 3
957 1015 3
1019 1020 3
964 1023 3
965 1023 3
970 1027 3
972 1030 3
977 1036 3
983 1041 3
984 1042 3
987 988 3
933 991 3
934 991 3
995 996 3
945 1003 3
947 1006 3
949 1008 3
951 1008 3
952 1010 3
954 1012 3
956 1015 3
960 1018 3
966 1023 3
968 1027 3
972 1031 3
976 1034 3
978 1037 3
1040 1041 3
985 1042 3
935 993 3
994 995 3
941 1000 3
942 1000 3
942 1001 3
943 1001 3
946 1003 3
948 1007 3
949 1007 3
953 1010 3
953 1012 3
1015 1016 3
959 1018 3
963 1022 3
964 1022 3
967 1025 3
977 1034 3
979 1037 3
985 1043 3
990 991 3
992 993 3
996 997 3
944 1001 3
946 1004 3
946 1005 3
947 1005 3
951 1009 3
951 1010 3
953 1011 3
1012 1013 3
956 1014 3
1022 1023 3
968 1025 3
1029 1030 3
974 1032 3
974 1033 3
975 1033 3
977 1035 3
980 1038 3
988 989 3
941 999 3
1000 1001 3
944 1003 3
1005 1006 3
1008 1009 3
1010 1011 3
1013 1014 3
958 1017 3
959 1017 3
961 1018 3
1021 1022 3
966 1025 3
1025 1026 3
1027 1028 3
1032 1033 3
975 1034 3
1034 1035 3
1035 1036 3
1036 1037 3
979 1038 3
1038 1039 3
983 1042 3
989 990 3
991 992 3
993 994 3
997 998 3
998 999 3
1003 1004 3
1006 1007 3
1026 1027 3
1028 1029 3
1030 1031 3
1031 1032 3
1004 1005 3
1007 1008 3
1009 1010 3
1011 1012 3
1014 1015 3
1017 1018 3
1018 1019 3
1033 1034 3
1042 1043 3
1016 1017 3
1037 1038 3
999 1000 3
1001 1003 3
