0.02207294564 0.02622459417 3.789710447
0.006848058504 0.007874826239 4.500124474
0.003062743718 0.01129522185 4.998113068
-0.01935166925 0.01025629414 6.594274887
0.03203510463 0.001579621325 12.79910404
0.0354886335 0.005679109123 12.31030543
0.03357250499 -0.03343976741 13.47389075
-0.001657542619 -0.03220090695 18.57474228
-0.008656729103 -0.01310840064 19.36400374
-0.0006707089456 -0.003636318083 17.19799741
-0.007699963776 -0.03026240482 19.64793134
-0.006170778281 -0.0385557424 19.24381368
-0.002978339294 -0.0331789353 17.66620457
0.0146870852 -0.0113890372 12.85669775
-0.01300280156 -0.0257906861 21.01634181
-0.09212735408 -0.001871985245 45.61006095
-0.07072428445 0.0838091918 35.08441184
-0.04947973812 0.02157954802 28.055152
0.01492329397 0.03407808188 1.536459074
0.04934148202 -0.001617703719 -10.28230489
-0.003856915849 -0.003445047575 12.83122627
-0.01711570824 0.00235705578 18.39739166
-0.01463551346 0.0005632087632 17.2799433
-0.04289400677 -0.007927905343 32.06044721
-0.02230844899 -0.007818989449 21.76984341
-0.09632757345 -0.01487804329 60.17520023
-0.01219478631 -0.06001296288 12.43755177
-0.004290855033 -0.04281699931 8.010287216
0.00346987678 -0.07591572517 2.802391687
0.02113564156 -0.04654710773 -7.890984423
0.01786246786 -0.03695534696 -5.943437067
0.003112397017 -0.04280806997 4.020172864
-3.462844571e-05 -0.05332715708 5.645859472
-0.01284074668 -0.05283027583 14.24862337
-0.01300769974 -0.02542496424 13.87137947
0.01059292227 -0.01917087254 -3.926190655
0.04141257623 0.008607582211 -27.90986648
0.02745288514 -0.004429712327 -16.50113268
0.02713684716 0.0141370761 -16.49864395
0.04215773914 -0.001451749504 -20.20618497
0.06066778744 0.001491896349 -36.20171931
0.02937027009 0.01062589999 -2.762808759
0.01960770082 0.007146246766 5.861600873
-0.01376185836 -0.0270505858 37.26477299
-0.001918936445 -0.0110289228 25.31434781
0.008309145764 -0.01296020069 15.68716045
0.007954447522 -0.003578905853 15.51589562
0.01633401671 -0.003507875396 6.946786877
0.02931983685 -0.007451817226 -6.363338179
0.03087147977 -0.02352203768 -7.146373302
0.009515031153 -0.02875838039 15.63338063
-0.001318606218 -0.0250942513 27.43200975
-0.00460080488 -0.03431790668 31.3671561
-0.008633380277 -0.03535601893 36.11418248
-0.01486034796 -0.02850726561 43.26471809
-0.03096701582 -0.02705694416 62.3868889
-0.01920972543 -0.02475528528 48.10301122
-0.01976697348 -0.02446339095 48.56947489
-0.011878452 0.003414264503 5.16529657
-0.001278005725 -0.01561930911 5.499187838
0.01392088526 0.004369341463 4.289272016
-0.01006296386 0.02104401037 5.633543007
0.02874572296 0.001790740681 13.12136916
0.0284945566 -0.01273453216 13.72596452
0.01895819159 -0.04317327016 15.63419519
0.01585569753 -0.01709726692 15.75068264
-0.01850647262 -0.01015402467 20.85567511
-0.001008535578 -0.006988512028 17.1065294
0.009087038159 -0.009644840731 14.68878207
-0.007816470109 -0.00264908069 18.68439046
0.003651530809 0.0024424302 15.00335458
0.1517614281 0.01648046677 -27.95431255
-0.02090102614 -0.008100468004 23.03828875
-0.03414979971 0.02971206882 25.79751511
-0.131778837 0.04963506195 58.14138847
-0.0265112725 0.03566867965 19.16918109
0.01824695334 0.01917479804 1.237688414
0.03333324915 0.034447793 -4.522802045
-0.01673038562 -0.008860273117 18.47653188
-0.0135428206 -0.001459394834 16.69984259
-0.02040010077 -0.009908957112 20.37627273
-0.01354018877 -0.003366447887 16.88837354
-0.06571802896 0.002684135691 44.01926395
-0.09839871799 -0.03143010337 61.62482767
-0.0586312435 -0.04745575806 39.09867565
-0.02392901717 -0.05281869505 19.46603741
-0.008065562145 -0.04707826312 10.03850545
0.005984590147 -0.05223985291 1.73400695
0.0152475604 -0.04073397276 -4.355843026
-0.02066702927 -0.05311939663 20.16634189
-0.01753527211 -0.05300889703 17.67175026
0.002251567255 -0.01938730314 2.470026985
0.001191720546 -0.009594766039 2.855681458
0.03305782057 0.009796135881 -21.85197053
0.05206681939 0.03267291772 -36.74626678
0.02898861119 0.01421836302 -18.00064803
0.02740868958 0.01306902995 -16.72048906
0.06502086985 0.01370093478 -33.50945717
0.03649168477 0.01761082088 -8.872373024
0.01114885146 -0.002595196534 13.93607674
-0.005454565529 -0.0003636847699 28.82857411
-0.006296832409 -0.003624537716 29.23517681
-0.006211839497 -0.02019380595 29.71961925
0.009349275964 -0.02017617829 14.93658279
-0.001253723858 -0.01157226567 24.87595083
0.01581345119 -0.01169672419 7.551317789
0.03374431846 0.002489475171 -11.54822851
0.02668356235 -0.002070064613 -3.707204204
0.008607679946 0.01210894717 15.21691458
-0.003094284332 0.01081320275 28.28393199
-0.001396319623 0.0003983396758 26.42083863
-0.009064520051 -0.002264885622 35.34272879
-0.02426691972 0.002985410639 53.238837
-0.03382673457 -0.007517301887 64.83670737
-0.02394644203 -0.02433732819 53.55772443
-0.01317685473 -0.02021255562 40.20828677
-0.1199105123 0.0428330958 16.2048324
0.03569446832 -0.00592662726 3.056591146
0.03851705887 0.0246096267 1.785623579
-0.01263183184 0.03278049524 4.829021254
-0.02298128674 -0.02022099474 19.71318188
0.02220949657 -0.02390269244 14.72224142
0.03112461248 -0.02369318373 13.18514296
0.01184378936 -0.008208093059 15.86195688
-0.009735595832 -0.002286771023 18.97036862
-0.01339823502 0.006086277337 19.24927511
0.002033085631 0.01203801128 15.69250881
-0.006835670883 0.0129659002 18.02797371
-0.01921683904 0.02100856784 20.55796832
0.003952389637 -0.005790370273 15.39373506
-0.02454253872 -0.005212379815 23.89125665
-0.03273490086 0.002702470481 26.27630157
-0.1022336471 0.05529663206 47.74862428
-0.06405968995 0.04286484188 32.98534469
-0.003512432185 0.03836698578 9.958474621
0.005538378066 0.0104481276 8.275299476
-0.02201570387 0.007919127184 19.95507151
-0.01812918854 0.007645493777 18.46744153
-0.01841380617 0.01328806206 18.29238177
-0.01256353309 0.001943523392 16.1970034
-0.0342439503 0.009611035438 27.13784193
-0.06218755984 -0.06743249875 41.80427933
-0.03489067628 -0.04565718201 25.52398905
-0.01264310919 -0.03100658384 11.64967318
-0.01434411103 -0.01348939271 11.86758998
0.03269125404 -0.03067797662 -16.48467642
0.02366869969 -0.01750956359 -11.3130706
-0.01584071034 -0.01960610094 15.13132473
-0.005138692336 -0.03161229203 8.237754247
0.01720786492 0.002170933224 -9.42717322
0.068670998 0.04499140648 -49.82809322
0.09364729045 0.07712296728 -71.09197162
0.07940736654 0.07365362417 -60.07076524
0.118318928 0.01838927823 -78.24216057
0.08518033689 0.0155333037 -50.36272087
0.05944094939 0.02037384247 -29.143712
0.02200359402 -0.0005245173167 4.294279575
0.004168533809 -0.002638926991 20.13409976
0.007078620919 0.00895702708 17.24512326
-0.02447387338 0.0202473449 45.54375151
-0.01494707236 -0.001264440686 37.17626338
0.001549992157 -0.005288228723 21.64828664
-0.001646745061 -0.006978479306 24.81766037
0.0216802436 -0.01417831083 1.508205313
0.06455653722 0.02850325652 -45.35028694
0.03708171141 0.03269274819 -16.34032694
0.01488886697 0.04726396467 6.38946923
0.0187690714 0.04654875325 2.099378803
0.00180559696 0.05493140649 20.32787798
-0.01356741189 0.03026253995 39.15923537
-0.04414857871 0.03699250552 75.01577561
-0.07383080148 0.04457380753 109.601715
-0.04247337894 0.003075254525 74.67474922
-0.0351820591 0.01362013387 65.4035035
-0.1096458916 0.03469872398 16.78065084
0.08991836125 0.01208650576 0.2665549703
0.04675901771 0.05906911184 -0.7578423665
-0.005969328963 0.06551316942 2.433664562
-0.001009735835 0.05225348983 1.908828605
0.02079176727 0.08326772465 -1.848772344
0.02233549581 -0.007776759092 14.10179097
0.002048205992 -0.007236314473 17.36341267
-0.003078724607 -0.008199758151 18.25512637
-0.003138420989 0.001751108484 17.47477576
0.01914959789 0.004541296373 12.28014378
0.0009268541437 0.01485445913 16.11951636
-0.02953197597 0.003745649673 24.93500137
-0.02469623922 0.007716627923 23.08492588
-0.03006191107 -0.005912067756 25.66252509
-0.02281097886 -0.00614648056 23.29044725
-0.05077137006 0.02364331269 31.10821053
-0.06738591154 -0.008505047048 37.65848093
0.002115713637 0.003836643871 9.810421514
-0.007464671222 0.00666557891 14.01049546
-0.01624743713 -0.00113720099 18.53202274
-0.02316015601 0.005659145819 21.50313172
-0.03444972833 0.01099226359 26.8570312
-0.03089451941 0.001099725854 25.61792811
-0.03477407193 -0.01760057529 23.67687781
-0.02771969814 -0.008239238845 19.0136898
-0.01426487678 -0.01066887207 11.54561971
-0.01383907466 -0.0008504401134 10.66497165
0.003703632894 0.003502110409 -0.2879784998
0.02381765029 0.009873486308 -13.38400955
0.01992292974 -0.0006576833352 -9.629281302
-0.006817355022 0.00657670082 7.449216298
0.01095435252 -0.0006080686493 -4.696554421
0.06842098102 0.04309405529 -49.2548137
0.09667257651 0.06226065104 -71.70838198
0.09071418608 0.06354726033 -66.39710486
0.08105290772 0.0705476733 -60.07587178
0.1356864952 -0.009457272104 -90.44467906
0.07896834529 0.01285536342 -44.72383602
0.05025629427 -0.006099067526 -19.57886878
0.0213944168 -0.0089034464 5.787194587
0.01547755321 0.003431616215 9.975387745
0.01534883118 0.01386083301 9.399059781
-0.008755064897 0.008698166162 32.37600636
-0.04548942276 0.02520505656 66.00258871
-0.01621268093 0.02206241311 37.75901755
-0.0005836204105 0.009803273675 22.47539805
0.04133730967 0.01342182522 -20.42759131
0.06296415602 0.02326615896 -43.48700523
0.08541538639 0.07280506176 -69.89458576
0.03233918551 0.1275680893 -17.33736153
0.01713174504 0.1218003267 -0.5513350488
0.00120360213 0.1250571873 17.08709714
-0.01300898095 0.1238168843 33.37502006
-0.06567240815 0.1133285795 95.76178136
-0.09335451228 -0.01531699831 136.1204824
-0.06848051886 0.06002209187 102.7145372
-0.05370067509 0.0502621804 85.83278983
-0.1088303462 0.03439339158 16.82045535
-0.1068853997 0.01821601501 17.99130921
0.005009948416 0.06334813903 1.757046795
0.01567682096 0.04183654115 3.100111903
0.00861954788 0.06636971835 1.207980251
0.02583881745 0.05898657023 -0.4433004332
0.02330345927 -0.01698339381 14.80805343
0.01281966602 -0.03885084123 18.58657897
0.003446172947 -0.01588549614 17.8474856
0.004696431904 -0.001560141096 16.10508737
0.01482249384 0.005627032788 13.10689883
0.007722472019 -0.001158168798 15.69777426
-0.02104476405 0.003200356923 22.62135955
-0.0313270057 -0.002455952631 25.65561386
-0.03323041442 -0.0094353147 26.82427748
-0.008832074176 0.02196339708 8.445905054
0.06542003757 0.01160536466 -15.43088314
0.02988344765 -0.01254238285 0.2666009038
0.01844099679 -0.009788253855 4.364983986
-0.00092151047 -0.003576737643 12.25489083
-0.007576979732 -0.005077897698 14.766361
-0.01149123666 -0.01743254849 17.65754063
-0.02566852636 -0.005730491983 23.68423747
-0.03129849925 -0.02037281377 22.20580867
-0.02568809819 0.004358808751 16.87189986
-0.02158390342 0.000847646025 15.24162365
-0.02120173962 0.002510252651 14.65481636
-0.003551231526 0.004808698664 4.207860372
0.007401133284 0.01091180005 -3.055854452
0.01847504539 0.006097517903 -9.523280592
0.01492359451 0.007722551469 -6.97530375
-0.009374770212 0.008608415393 9.058066591
0.02023406081 0.01666383821 -12.57424601
0.07164251428 0.0281108606 -50.91710725
0 0 -1
0.07691685587 0.02238574519 -52.58715687
0.06920263753 0.02440872592 -47.16989729
0.1886348616 -0.03910726066 -130.815877
0.09756422429 -0.0001374780293 -59.47038679
0.05244019662 0.004192084341 -22.39260624
0.03310441978 -0.001066734013 -5.355313803
0.0190687111 0.0006645155487 7.24799361
-0.004062399354 0.003490406016 27.97837943
0.001612030019 -0.01219695316 23.54963662
-0.01112346394 -0.004383020765 35.7054022
-0.02353645664 0.01492560817 45.38721317
-0.0002196488513 0.01207037892 22.00500928
0.04013325514 0.0181929052 -19.44327855
0.107845195 0.02207328318 -89.87991567
0.1538877233 0.0543637608 -140.6854989
0.0586725982 0.1182864598 -44.53259672
0.01666780213 0.1495069495 -1.763756899
-0.005488988192 0.1252545324 25.42828821
-0.007887407138 0.1438361085 26.43731329
-0.03702275336 0.171305521 57.58495118
-0.09640102566 0.1098299594 132.6357121
-0.08273432118 0.07445983383 119.2968284
0.1831858555 0.0539441266 -206.7089918
-0.1272344953 0.02831158575 17.73705048
-0.1442517569 0.018243496 18.99166883
0.0001116671394 0.0493382336 3.260400259
0.007166425343 0.03914457064 4.013268944
0.003720559936 0.02451849262 6.009430338
0.003566497249 0.005554562141 7.87176273
0.04672416714 -0.02166507603 5.971719733
0.06260523563 -0.200482843 27.26277886
0.04242881089 -0.06871921843 16.43944752
0.01600163774 0.009198900038 12.72499186
-0.0001923315283 0.01895543033 14.97670238
-0.003491063281 0.004213955869 17.66672512
-0.03212372464 1.660180368e-05 25.61204417
-0.03506244392 0.01683675464 24.26997197
0.01483856686 -0.01030660971 4.585133146
0.01780643983 0.0411272287 -2.468452596
0.05509299486 0.01119328591 -11.53692014
0.03924959358 0.01160895845 -5.768325073
0.02394863166 0.007733489243 0.6464477892
-0.01252096443 -0.009699824913 17.87152037
-0.01180071888 -0.009987824373 17.23838306
-0.007692652872 -0.01817675418 16.00951309
-0.01273532797 -0.01487746785 12.2976039
-0.009651915625 -0.005319094603 9.559611376
-0.01047073683 0.002828468529 9.113239192
-0.02186119754 0.007845550705 14.81691389
-0.02472255447 0.004803507137 16.43391543
0.00254583647 0.004546785143 0.6261527812
0.01189454892 0.01153951665 -5.887951488
0.02159194898 0.007504856059 -11.47952266
0.01636895568 0.01198855896 -8.607011223
0.006516807554 0.02693521312 -3.716218528
0.02849766877 0.03030569702 -19.83839649
0.08517150951 0.03681541929 -61.10673091
0.08112832136 0.01297718679 -54.6397294
0.0477319125 0.008148700364 -28.76365745
0.04829113223 0.004127592531 -29.07554974
0.3900982205 -0.0135027341 -297.9294457
0.09202796005 -0.01867915379 -52.72427214
0.06055100399 -0.02157252046 -26.2473507
0.0394754694 0.00462036765 -11.14737261
0.01275753818 -0.02195511286 15.71916352
-0.009203769237 -0.02408749934 35.92443259
-0.01564707416 -0.04584554533 43.97455521
-0.007851958981 -0.02337018903 33.19069341
0.0004536730264 -0.02304009762 25.81548937
0.01545977778 -0.02295342927 10.36337491
0.05494827502 -0.01369175657 -31.04918637
0.1384094033 -0.003377980557 -118.9812172
0.180980935 0.03169150056 -166.5615304
0.08668238238 0.09462522273 -72.15813595
0.00335171209 0.09277023823 20.03024254
-0.006585039609 0.1311610442 26.2218351
0.01370067816 0.1033562016 6.388844977
0.003324713985 0.1132638044 17.11663775
0.02130727086 0.1203257501 -5.124936707
0.009229075303 0.07535807842 14.75459266
-0.04070331854 0.03212369088 71.9568916
0.1390587759 -0.689460856 122.1744183
0.1390732967 -0.6894483504 122.1720801
-0.04956647169 -0.01513624967 36.91730132
-0.05107302313 -0.02667834247 38.8188634
-0.04711057734 -0.006812857153 35.37455244
-0.05462404219 -0.0341066048 40.55348274
-0.05284515504 -0.01562918205 37.30913193
-0.0449909464 -0.01550531081 35.879458
-0.05192330193 -0.01980949366 37.72451959
-0.07349494881 -0.005402832842 39.67147658
0.003125536872 0.08759602233 5.494082074
-0.0180146011 0.06300754028 13.58105915
-0.03630961663 0.04793671792 20.49520438
-0.03211768925 0.02207837257 23.0421574
-0.4347973549 0.04895111277 143.0903279
0.02380916171 0.02339113533 -1.758269279
0.0278128622 0.02027780894 -2.80754583
0.03565705962 0.01616867428 -5.208858458
0.02666399727 0.001899294765 0.3671973244
-0.02949486742 -0.01027133257 24.98617119
-0.02177342177 0.0003373954195 19.9207768
-0.02014233885 0.05956072497 5.184246333
-0.0140694045 0.01314399884 9.03099688
-0.008821755843 0.005237250992 7.682501152
-0.006823308186 -0.000323424597 7.438774448
-0.02200181186 -0.01017792827 17.110987
-0.01483958731 -0.002017764034 11.63267404
0.004133852798 0.00202773088 0.002319512995
0.02072900825 0.01431180216 -11.80869344
0.02694770395 0.05091352824 -20.79516365
0.009131649233 0.05851241235 -10.16614512
0.02795973898 0.03891507231 -20.28467929
0.03808147864 0.05002004818 -29.10167507
0.06979642131 0.03420061648 -49.51481098
0.08507024567 0.02678222024 -59.54731732
0.06290305381 0.02488928579 -42.58834125
0.02287872468 0.02179674338 -11.47947607
0.1396436366 -0.07270076514 -86.88985193
0.1212674233 -0.0851555742 -69.92382031
0.111079716 -0.07547006558 -62.69440543
0.05601853657 -0.03277539761 -20.90592338
0.01114736776 -0.02009376312 16.59674363
-0.0144485541 -0.02451393907 40.02697585
-0.006322975679 -0.01376796116 30.50488164
-0.02505638889 -0.01074140352 47.74483474
-0.004390116475 -0.01950860393 28.99494179
0.04203499775 -0.02544802307 -16.37499584
0.08481586807 -0.02652830989 -59.99408771
0.1302172684 -0.05276027196 -103.8862433
0.1257671044 0.08553232563 -113.1865073
0.07643794548 0.08763854169 -60.43767047
0.02228116708 0.0498901356 4.053668779
-0.003786312619 0.08517857569 28.14633022
0.006164304702 0.06384164271 20.09957292
0.0005211247687 0.0495831783 28.5520429
0.001708725237 0.05362536268 26.82336792
-0.01386501745 0.04294364145 47.1694477
0.04418438102 0.01319516074 -30.81075945
-0.04870011894 0.01230574663 32.45293429
-0.04649888243 0.01895739035 31.09607975
-0.04960547542 0.01863311473 31.42205282
-0.05526816935 0.01324668893 32.65524519
-0.05892709639 -0.003737021382 36.38788913
-0.07847559291 -0.03193213165 43.24774266
-0.06145091125 -0.02737887172 40.02272594
-0.03741656244 -0.00319276844 32.64166975
-0.04765678888 0.01578766973 31.40783455
-0.07447297924 -0.007831510891 40.44019183
-0.07745865198 0.05789643292 29.94638422
-0.03618119178 0.04204509536 22.72723261
-0.0485635562 0.032832842 26.92060245
-0.05499211783 0.03507440846 28.22023386
-0.1000999082 0.04653918741 39.51170869
-0.008462865952 0.00848669557 11.2526131
0.0324586321 0.01341882446 -3.867346871
0.01975464313 0.01210453678 1.335581218
0.01364571875 0.00381605965 5.278841313
-0.01214976501 0.008321945243 14.7854938
-0.007544392516 0.01723097054 11.39444234
-0.1422951524 0.1066202014 57.08478938
-0.05366162436 0.1179170461 11.93236685
-0.0229246455 0.03513641469 10.22921772
-0.02284917502 0.008326508762 14.60905485
-0.02625402337 0.0066679238 16.78222416
-0.02317887921 0.01211586878 14.0414127
0.007538813145 0.01771234977 -4.62826698
0.06693143772 0.04757417625 -45.47322951
0.06360200225 0.09146458971 -49.4112666
0.04123599996 0.1174858511 -39.48056111
-0.005593551554 0.1129347765 -8.6190456
0.02020415637 0.05317772819 -17.04025604
0.05268220864 0.03733411546 -37.71802206
0.07575805102 0.05790914667 -57.47429101
0.01072691494 0.02806250758 -2.939053548
0.002444714629 0.04354413676 1.054496784
0.3732537088 0.01906341959 -289.5987449
0.1220238825 -0.03173385402 -80.06826408
0.1289850935 -0.03597299969 -83.74767905
0.05154962191 -0.03788485648 -16.32317117
0.026866265 -0.007006477215 0.5801482916
-0.003703790057 0.0008816798948 26.9143909
0.005685082346 0.02595705911 13.103094
-0.01831559988 0.02501184991 36.18722819
0.01022532166 0.008680157672 10.0597806
0.13568119 0.3612587033 -169.3314157
0.02077773994 0.04946890322 0.006464466144
0.07187791126 0.2916908635 -94.15895433
0.05069282798 0.02919447889 -23.81028324
0.05944417355 0.04237269425 -35.70719785
0.0305867503 0.07433260849 -9.003119924
-0.02785828294 0.08141172098 55.99015434
-0.01973513731 0.06169922998 49.85096711
-0.0158570867 0.02013525118 52.16262308
0.01577123159 0.01629507277 15.43494381
0.01355988642 0.02130526023 17.28494909
0.09930032677 0.004153268395 -97.67692969
-0.04469220245 0.004838368399 33.70796747
-0.04849548312 0.01628036299 31.78120685
-0.04323097818 0.01474703983 31.81990687
-0.05251029948 0.01202241783 32.92306609
-0.07379580071 0.01591613679 34.05714048
-0.1247572452 0.006574166178 41.65444245
-0.06032764317 -0.01921159712 38.54637367
-0.02269555245 -0.0002015485181 29.77351539
-0.05356457203 -0.008535747198 36.66412548
-0.07789907111 -0.01195392123 41.74382045
-0.06216323878 0.006253468235 34.88982912
-0.04135627139 0.00753518098 29.95649779
-0.05913496977 0.01472993849 33.21067981
-0.06085519857 0.01638166837 33.02173224
-0.0519903964 0.0303533412 27.78288233
0.02741499712 0.02398160896 -3.595321069
0.02142251946 0.01168758445 0.7154612479
0.01620155467 0.02034405051 1.106963831
0.004865162738 0.01499262993 6.54867415
-0.002632726233 0.0299161734 6.805132145
-0.05879518633 0.05608815876 26.98680564
-0.07904569662 0.1067217937 26.88684944
0.007426328507 0.03131391637 7.39820968
0.01655409351 0.02143404334 4.861145889
-0.2938230449 0.08763097885 153.150204
-0.03279726203 0.05031425554 12.86263958
-0.003747215995 0.04158695 -1.958184087
0.01420984507 0.1811541761 -37.81348981
0.06549148217 0.05367381638 -45.63724965
0.1300148502 0.08214380139 -90.38382065
0.1071112388 0.1680385604 -91.07947705
0.09450955785 0.5711312879 -157.9901831
0.1854190156 0.02625728682 -112.3663864
0.1029452682 0.09715260729 -67.91939969
0.03841816154 0.1394545292 -28.8444184
0.01762440975 0.1202857639 -23.20138097
0.2646901507 0.6847397913 -323.0960224
0.1948049893 0.06355472622 -154.7438047
0.1142888798 0.1372301438 -102.4405802
0.1999154852 0.2022328868 -185.3784746
0.07785716278 -0.02457229268 -41.817101
0.05222044006 -0.03641870287 -17.3494343
0.01484520411 0.03568751291 3.871399418
-0.005257875895 0.05013189529 19.54766378
-0.04514674487 0.05485672228 56.55820257
0.01875710402 0.0258876974 -1.700893686
0.009581133009 0.05006563425 11.06276291
0.023109965 0.05079885456 -2.627696979
0.09461350537 -0.006247986496 -66.8380934
0.1029807751 0.001856214495 -76.07292737
0.08737407078 0.01123115259 -60.59184526
0.07711305311 0.0538153934 -57.08530811
0.005546982353 0.07636964468 19.0740976
-0.03066203946 0.06947118503 60.85571179
-0.01539769513 0.02048897932 51.16169438
0.01449282695 0.003720101776 18.72237013
-0.07260962762 0.2376672901 147.5332745
0.316090277 -0.1608714852 -337.9091707
-0.03360781255 -0.004894923996 35.44035738
-0.03659560435 0.008272071596 32.87105074
-0.05197325627 0.00462537503 34.22150482
-0.06992685559 -0.003294313686 36.92202191
-0.07400049115 -0.005736909862 37.96566484
-0.06535684792 -0.01138046094 37.96319659
-0.04292184067 -0.02285595503 37.10982694
-0.03211801535 0.001773104658 30.81049812
-0.0564462663 0.01644929958 31.87068412
-0.07158036556 -0.009676414494 40.13669168
-0.06190349007 -0.001891294869 36.18441045
-0.04920531603 0.008618508862 31.59519461
-0.06130524564 -0.0006575890373 36.5549437
-0.05925722005 -0.001319914776 35.84689479
-0.05896430583 0.01394482511 32.71465659
0.01289538757 0.05846679691 -5.513423045
0.0145884686 0.05901989509 -6.208235718
0.01225477553 0.08055778702 -9.600949823
0.008082105384 0.05365204064 -2.46965392
0.01079938527 0.1036138294 -13.76522106
-0.004333942738 0.123671877 -11.0717222
0.02297146269 0.165754687 -31.79036472
0.00559303528 0.03263979691 8.026720779
-0.01667936628 0.01992742986 21.99590632
-0.1462093176 0.04603943305 84.04640615
-0.06946637928 0.3393229476 -21.85369298
0.0007884292731 0.3390915354 -61.18231528
0.01231494863 0.3350490802 -67.10264045
0.03204954754 0.3232178846 -76.61172035
0.0464223522 0.3038591971 -81.85031765
0.1467730611 0.1260500253 -109.6371518
0.2399387723 0.0730870139 -160.7576076
0.1838923508 0.05464350998 -116.3229895
0.09031601134 0.1054506251 -60.30216899
0.05771723119 0.1507745506 -45.6681125
-0.1764975699 -0.05490995858 181.3651977
0.4535522045 0.1553550409 -349.9788238
-0.07467106202 0.06233139515 92.16711454
-0.2226794918 0.1188956143 200.8260169
0.1865756049 0.1554370366 -150.8094557
0.1797311884 0.2018970906 -154.5769209
0.1622316566 0.1982797175 -138.3914382
0.2634700956 0.1534704311 -197.6457626
0.2851600582 0.1657918058 -220.6259716
-0.005609384955 0.03939250668 21.69806814
-0.04025888725 0.05770508922 51.98743071
0.0167903524 0.04354828527 4.914381328
0.2056437147 0.143378386 -135.875231
0.1679252823 0.08221313963 -85.93150187
0.1087331879 8.783743411 -1795.19037
0.1015055789 0.05051639298 1.155057139
0.142139514 0.06909179279 -47.36083421
0.08541868798 0.1200307432 5.881587606
0.01104104617 0.23833401 66.68193017
-0.01499564664 0.26001616 91.47819145
-0.01906602514 0.2786443255 92.1671072
-0.0276227214 0.3177133089 94.4479503
-0.03021790689 0.3537526215 89.85277756
-0.02907761964 -0.008320184813 36.03447295
-0.03576965794 -0.00419409998 35.35024507
-0.05367727113 0.001902858897 34.65275435
-0.06314768834 0.009977845257 33.49702346
-0.05912194494 0.02047983773 30.89234684
-0.05503533874 0.006266990092 32.64286316
-0.04186780133 0.007808552483 30.38723763
-0.03730547626 0.004661468818 30.8954726
-0.02956760645 -0.0007307092922 31.0726514
-0.08155942409 0.01237670413 37.41427968
-0.04854436579 0.008688174688 30.6753392
-0.04184705362 0.02382775936 26.0053807
-0.06120814845 0.02292686981 31.37689124
-0.05421841821 0.002296175691 33.59888293
-0.06097026926 0.04175249681 26.79705193
-0.01743926133 0.295150077 -44.94708541
0.01010514098 0.231069427 -40.51243548
0.001229844811 0.3226870056 -57.73816084
-0.0008060438335 0.2823938232 -47.46688561
-0.006711083928 0.1967552609 -25.8128827
-0.01371692528 0.2190071751 -27.84814493
0.01414003661 0.2125096976 -38.6577028
0.01977243124 0.081229648 -10.40527912
0.01026542173 0.007039478159 10.94355848
-0.008246459534 0.05911178821 8.951458878
-0.01705857836 0.306101365 -43.6440095
-0.004573936116 0.3320840276 -56.61500877
0.009178725129 0.3358420129 -65.36165686
0.01175243325 0.3295174438 -65.40248006
0.01948023231 0.3187356533 -68.12231693
0.07098636001 0.2434345091 -84.79811645
0.1799834742 0.1415182825 -134.9011583
0.2405480857 0.02745470588 -150.5486129
0.2075370257 0.0551153803 -133.8134512
0.2080163819 0.02984386098 -127.6095713
0.2064477111 0.07024315239 -136.318967
0.3352656122 0.11508883 -247.5651924
0.04579995639 0.06826439653 -6.282962513
0.02122615642 0.07270853058 12.26307179
0.0533653841 0.07507810143 -15.79577526
0.1534469378 0.2167489802 -134.583397
0.1515096115 0.1959910899 -128.1829934
0.270220371 0.1584990359 -204.7867047
0.269877081 0.1066231206 -192.1986947
0.3105779215 0.1142401572 -232.8343592
0.2605422749 0.0792530673 -175.7067104
0.2184143492 0.123003423 -143.5928684
0.2203902186 0.106299311 -142.2943755
0.2441216941 0.1042940075 -166.104461
0.2269191683 0.1081802654 -148.7646909
0.1785243018 0.09229535724 -92.7073531
0.1731096952 0.1042785122 -89.42190261
0.1532244929 0.1186861417 -70.33526765
0.03953536265 0.2215227357 37.18858817
0.001166415642 0.247119661 76.42006152
0.01039016709 0.2589272528 62.31919078
-0.01195352361 0.3374146839 71.51709611
-0.001146591354 0.3420022545 57.189723
-0.02682218212 0.007739496935 32.00303584
-0.03248564424 0.009772909059 31.7468222
-0.04223315496 0.008998712591 32.43118302
-0.047867317 0.01401029284 31.63642437
-0.06628479705 0.009553473023 33.93865735
-0.06042919056 0.02504881305 29.32104302
-0.0554538003 0.05383259126 21.2124866
-0.04911994365 0.04319388298 23.19628746
-0.0631039062 0.01297055252 33.26788117
-0.06111775896 0.002872140001 35.21311249
-0.02151738972 0.09528301259 3.832101519
0.003269975779 0.1751913236 -21.77079609
-0.01971444042 0.2808719288 -42.57783177
-0.006788642933 0.3036794843 -51.99288958
0.004831706832 0.3016464567 -54.91598415
0.006249211401 0.2888352868 -52.04200544
0.001205397444 0.2695635228 -45.72826092
-0.003076485135 0.3119346708 -54.68056009
0.001710604389 0.275496134 -47.44987282
-0.002406954797 0.2669483806 -43.71159332
0.01087307469 0.2677262792 -49.96415155
0.005001816777 0.2994062797 -55.0357596
0.01923993602 0.3409594934 -72.15763102
0.02840029719 0.3389604791 -76.20511695
0.02147327655 0.3286062856 -69.96874371
0.003850125688 0.3248173847 -59.54113471
0.007299710451 0.3259323857 -61.77590834
0.008930289631 0.3278343644 -63.21331151
0.004045908716 0.3280181276 -60.26190036
0.007407080949 0.3228754622 -61.31301811
0.01405511919 0.3140165687 -63.47985097
0.03295850356 0.2868454639 -69.59840638
0.1206789654 0.1855642386 -104.9704811
0.2307431227 0.04821915643 -149.3514974
0.2384029452 0.02749036535 -149.0641948
0.2384434098 0.05739812383 -157.0240209
0.2675733247 0.06151076757 -181.0320115
0.02708325803 0.03586944449 16.33235856
0.02641393151 0.05449782333 12.30171649
0.02295650543 0.06555836424 12.29965187
0.1422487026 0.03615276127 -62.67042126
0.1530793862 0.1099919977 -90.75455602
0.2383507484 0.1131886463 -164.4635724
0.227819182 0.08498252005 -147.3888017
0.2885763697 0.09630402288 -207.716921
0.267567859 0.09301539145 -186.0845623
0.2323283663 0.08682156472 -149.6514982
0.2325718652 0.08970414482 -151.0352839
0.2374376373 0.07087005549 -151.6140444
0.2474113065 0.07490251309 -162.9612832
0.2224826658 0.08839003797 -139.1449426
0.1781652489 0.1170745141 -97.44720717
0.1695850699 0.1396693301 -94.02052305
0.0680839387 0.1782401472 14.43523665
0.04364364334 0.1573532499 47.31106646
0.04589909952 0.1985429605 34.16443077
0.05403670978 0.2410728963 14.4115966
0.03311126867 0.2982598722 25.7237308
-0.03254337568 0.0596088583 18.32229066
-0.02185991126 0.04734992878 21.28859001
-0.04044599744 0.01644798739 30.37630893
-0.04191601024 0.03716437177 24.72330355
-0.06035509302 0.04344754302 24.50718414
-0.05434472345 0.01713687783 30.26217987
-0.06053817862 0.107526043 7.392866529
-0.03890877443 0.1609305744 -9.593391585
0.0164681797 0.2433334627 -42.032157
0.02036411472 0.1909711526 -27.98474801
0.01160929731 0.2638353148 -46.34029573
0.01817589308 0.2952281706 -56.41081323
-0.004985312505 0.273975575 -44.59207028
-0.002897487843 0.2922540268 -50.09622329
-0.01057490859 0.266290538 -40.38879423
-0.008966722151 0.2660527925 -41.20571335
0.007858596464 0.2754984925 -49.75767503
0.004811377357 0.2785411687 -49.57528956
0.01223996274 0.2945899694 -56.96529699
0.01939967535 0.3153558361 -65.39929498
0.01335729156 0.3248884396 -65.30456066
0.02180408449 0.3500782893 -75.8644217
0.0197650455 0.347255373 -74.16110367
0.01653410086 0.3342808394 -69.01141292
0.02296683463 0.3312378237 -71.5640657
0.008590101505 0.3297662348 -63.52039979
0.01102723026 0.3247972667 -63.57194611
0.004996456911 0.3292929879 -61.24121256
0.0008172266097 0.3226573943 -56.7781151
-0.001132865552 0.3278142385 -57.08171193
0.006877993537 0.3277677658 -62.28419814
0.01082472593 0.3163983993 -61.97799515
0.034668099 0.2792990288 -68.74010385
0.1132728803 0.1674452351 -94.6636832
0.1997241618 0.0285916105 -120.9071468
0.2443200838 0.01034451841 -149.7124557
0.1721649483 0.0009790256888 -90.61208442
0.06906783923 0.0172447794 -12.71841587
0.3394607905 0.2254873083 -284.3487293
0.1302293277 -0.03537647558 -32.54246503
0.170117875 0.01947047239 -81.96957787
0.2745121678 0.1811852128 -216.5535018
0.2591303159 0.1258117422 -186.8139583
0.2181974136 0.09694050751 -141.9212018
0.2866334358 0.1152584405 -210.7374802
0.2463544494 0.1125032262 -170.1816041
0.2184203798 0.09320988623 -137.469429
0.2231688573 0.1032428994 -145.1937078
0.2579447831 0.07806721591 -175.2685691
0.2559340242 0.09797235214 -177.9918746
0.2273858052 0.09110950554 -145.1955534
0.1905313249 0.1207398695 -112.3870775
0.1766268447 0.1355697958 -100.6390817
0.1179970879 0.1450081418 -35.56529632
0.08157589649 0.1798709434 -2.861798077
0.0507064048 0.2066664963 27.24416639
0.08615626614 0.199610591 -13.51490076
0.08460396216 0.2505395373 -25.38920926
-0.04787160463 0.1449122225 -5.63498149
-0.03451704324 0.1650182586 -12.28000691
-0.04234380843 0.04508230555 22.41039777
-0.02829397977 0.1100942837 3.180982355
0.002312310491 0.2904220105 -51.07787884
-0.0005715810482 0.2849015304 -49.77893377
0.02914546527 0.3237282887 -64.88865696
0.0006857250761 0.3008280703 -54.07184649
0.03355353267 0.3359935643 -70.71432359
0.0188680885 0.3145936123 -61.73152396
-0.001993183457 0.2868482611 -49.16218385
-0.01105313751 0.2810014947 -45.00829499
-0.008583337902 0.2693090816 -42.31490472
-0.008716399007 0.2616716535 -39.95149161
-0.005276596708 0.2729529845 -44.41151437
0.009191978337 0.2983618566 -56.81960791
0.01833429059 0.3193421365 -66.08568135
0.01906017368 0.3256744278 -68.02257775
0.01454218385 0.3193376648 -64.46005709
0.03112674628 0.3364540608 -76.07629418
0.02537954025 0.3385020085 -74.17147644
0.01997973039 0.3410023591 -72.47155814
0.01731161805 0.3401584845 -70.95760744
0.01242691526 0.3291898802 -65.37847004
0.01165015434 0.3303023488 -65.28225422
0.005422504898 0.3293816451 -61.75260462
0.01001200057 0.3286573756 -64.12787154
0.006381665859 0.328059706 -61.77318136
0.005021691545 0.324781913 -60.01312167
0.003723296479 0.3245081391 -59.09097644
0.003165544191 0.325314466 -59.04697669
0.00111243071 0.3237584613 -57.2635034
0.005538384049 0.3149033229 -57.89452857
0.03793669552 0.2837582412 -72.23666348
0.07388319707 0.2390066409 -86.00970364
0.1774939413 0.03305617578 -104.387051
0.1569396861 -0.006691604969 -76.51879677
0.1418916226 -0.008854996486 -64.04788784
0.4141658555 -0.07264356187 -260.887012
0.2394187175 0.009204669383 -138.3325548
0.06239762891 -0.3144693187 104.3969939
0.2685904995 0.09091980579 -185.4224704
0.2523155599 0.02328812588 -151.2440563
0.2667175166 0.107647005 -189.6480966
0.2721609802 0.08555320998 -187.8701839
0.2557477572 0.1100449548 -179.1155524
0.2312848808 0.1208764461 -158.3365709
0.2351483873 0.1212920431 -162.8970428
0.2368519174 0.1278759338 -166.0652227
0.2120125829 0.1131021587 -135.1337029
0.2218023326 0.09495818133 -140.2992413
0.2104742117 0.08998222382 -126.1452891
0.1686064923 0.1048076939 -82.90206607
0.1491892909 0.1118170616 -62.51544841
0.1327432151 0.1154514094 -44.62446092
0.09488760252 0.1576032621 -11.90360852
0.09562485951 0.03893690032 17.97699585
0.1413635561 0.1794534657 -75.05230617
-0.02551590974 0.2290956118 -31.1070338
-0.02496906504 0.2661730238 -42.78350935
-0.0185049308 0.2736091373 -45.21775895
0.0150199718 0.3509802085 -71.22097563
0.002686534474 0.2958817052 -52.78185502
0.001700034169 0.2939165762 -51.90381883
-0.003547873234 0.2861330202 -48.58083102
-0.004270571143 0.269775924 -43.23227712
-0.00816836152 0.2865999779 -47.66868529
-0.01364345651 0.2662098313 -40.34389107
-0.009137972144 0.2748611434 -43.98972191
-0.004914358523 0.2728034323 -44.28601021
-0.002575577555 0.275085049 -45.75273858
-0.001552034721 0.2778112029 -47.0261766
0.01606224055 0.3135111618 -63.51133427
0.02820665225 0.3321436058 -73.11169027
0.02615395506 0.3442850721 -76.17797116
0.01688906109 0.3465210298 -73.33643088
0.02066774265 0.3351679297 -71.28259351
0.02093483238 0.3407414991 -72.99341381
0.0239717019 0.3333534501 -71.9873603
0.01808558434 0.3285741528 -67.77199979
0.01092901219 0.3309582895 -65.10168338
0.008614571001 0.3302059257 -63.74599978
0.009729536163 0.3301754178 -64.30625231
0.01084298077 0.331417278 -65.27754446
0.002903425 0.3320245369 -61.05339093
0.007506397719 0.3252817298 -61.65739658
0.002049676731 0.3255122555 -58.37170156
0.001824448543 0.3217601534 -57.07715219
0.00299681689 0.3271766882 -59.55411294
-0.003900480777 0.3234663271 -53.74874412
-0.002116642515 0.322682969 -54.77890311
0.005584175312 0.3187501003 -59.04854378
0.0296247083 0.2922487499 -68.5725363
0.03797275112 0.2835576633 -72.2241157
0.03041201464 0.2845121008 -66.86022945
0.02062253245 0.2928747055 -61.92119206
0.3492683167 -0.02080994241 -222.5518868
0.3374767517 -0.02139219887 -212.5728987
0.301011399 0.0239083349 -195.3504835
0.2782040647 0.03148952816 -176.8387449
0.2551997102 0.03235511633 -156.7120333
-0.1407549754 0.4354610418 75.91787326
0.3229603794 0.04419121757 -223.4783093
0.2800942927 0.06840346732 -190.1468677
0.2821377628 0.1229358671 -209.5609613
0.2289416209 0.1531015651 -165.6138216
0.2107306104 0.1300426211 -139.0341897
0.2287167394 0.1381406118 -160.5224576
0.196566896 0.1191280676 -120.2828946
0.2145782367 0.07688762178 -126.9614393
0.1928893217 0.09297115215 -107.2212352
0.1694892671 0.09144405791 -79.96841816
0.1320763577 0.1081103456 -41.96398753
0.1184331503 0.1013854548 -23.59745203
0.1020343682 0.1349795148 -14.13493779
0.1245252955 0.1003014732 -31.10921371
0.004773616372 0.2747204881 -45.9745493
0.004403326231 0.3037394667 -55.59111386
0.0008008350274 0.3098107098 -57.09219018
-0.003715732101 0.2857812325 -48.68120861
0.006525061008 0.2858834166 -49.78778142
-0.001399029938 0.257882173 -39.3962637
-0.03344392149 0.2316525516 -25.99264365
-0.008653697228 0.2576582369 -38.70443343
-0.008396697615 0.2590354813 -39.08952626
-0.009790449454 0.2562464888 -37.87416592
-0.009876155203 0.2598570634 -38.98030013
0.01397090437 0.2812581196 -52.20693949
0.01897480499 0.3005977863 -59.90659264
0.01732857338 0.3173054802 -64.98236339
0.03614128092 0.3327708883 -75.78108362
0.03126847857 0.339827767 -76.51904688
0.02875719163 0.3436344607 -76.90100094
0.02162208215 0.3431487205 -74.07035545
0.0183348744 0.3379364251 -71.07969513
0.01759799641 0.3311848486 -68.5408291
0.02214713844 0.3295797686 -69.977687
0.02140473433 0.3340286933 -70.95628866
0.008098796298 0.3314596669 -63.87385187
0.00787211531 0.3258180759 -61.91702016
0.01538596858 0.3223874546 -64.82321402
0.00550159312 0.3255438564 -60.50354614
0.003940681091 0.3258419357 -59.7985106
0.006215882752 0.3276456287 -61.73747046
0.007660578499 0.3221047076 -60.78870879
0.005577987168 0.3226729359 -59.71490913
-0.0002177091059 0.322842396 -56.02960488
0.0003671659612 0.3270302464 -57.86985662
-0.003088394095 0.3328050456 -57.34789047
-0.0003070086852 0.3236072686 -56.28326803
0.002065218801 0.3184170998 -56.21117753
0.01424071488 0.3071866778 -61.72275731
0.02748957974 0.2958821242 -68.16528542
0.02051767519 0.306058934 -66.11733159
0.3192354404 -0.03195086052 -193.7108311
0.3286612416 -0.02859365099 -202.8137803
0.3250968592 -0.0249160475 -200.783215
0.3198583164 -0.01037241753 -200.7890845
0.2872533158 0.01406653443 -179.4811398
0.2918820634 0.01901398686 -186.364047
0.3017159848 0.02377478045 -196.398419
0.3058740576 0.06722053134 -214.998991
0.3146210842 0.1086080575 -236.7122311
0.243502478 0.1747658341 -186.7604509
0.2097408673 0.1363120942 -140.5194005
0.2223266579 0.1568878959 -159.9062384
0.1716353844 0.1219070279 -94.43354715
0.3293629204 -0.1024566661 -215.6849416
0.1674960587 0.09200378925 -77.97603293
0.1529738965 0.07804937258 -56.6844968
0.14194172 0.08533238325 -45.81177638
0.105036381 0.08917329763 -3.19318327
0.07603937202 0.1082442503 25.12033365
0.1114858323 0.1026183688 -16.08383789
0.01358272254 0.2867073004 -50.05353034
0.009411386645 0.2842783075 -48.97794629
-0.000114431066 0.2860183456 -48.84495422
-0.01497848171 0.2646389708 -40.37956044
0.001677449318 0.2495382632 -36.72880279
-0.004678552851 0.2544233011 -37.5485646
0.00631964468 0.2509473079 -38.27986854
-0.01616539494 0.2516402208 -35.39021754
-0.02680697565 0.255630531 -34.54496515
-0.007635175914 0.2540903181 -37.68990645
-0.002386180262 0.2563876639 -39.72400243
0.04205391896 0.316467431 -71.16149818
0.02384609906 0.3272171836 -70.12772986
0.02878889549 0.3294345818 -71.94726972
0.02750116355 0.3359090484 -73.96312555
0.0210269449 0.3445373183 -74.87260281
0.02889846115 0.321667688 -69.32393184
0.01317690112 0.3227487499 -63.68445122
0.01394350207 0.3255957297 -64.99900725
0.02150933944 0.3321807225 -70.47383145
0.0233487136 0.3150181019 -65.23896509
0.01088909018 0.3068222142 -56.59734789
0.0081634327 0.3154449811 -58.43453083
0.01185358478 0.317834871 -61.22804631
0.008680320118 0.3171120332 -59.33375931
0.008882798947 0.3233837207 -61.69429128
0.008129910033 0.3224259439 -60.9767828
0.007881696015 0.3227449081 -61.01079747
0.003603890393 0.3224054903 -58.40937884
-0.0003456857933 0.3102465024 -51.59444004
0.004141898023 0.3226795415 -58.87189667
0.006796276642 0.3289676906 -62.8944667
0.002096115242 0.3352562906 -61.89202401
0.000568215028 0.3279597059 -58.33530126
0.0009717694899 0.3153802185 -54.33142731
0.001981241206 0.3061513168 -51.77559371
0.02273236733 0.2963261346 -64.58152519
0.04293663556 0.281401371 -75.43671088
0.2313688696 0.0456339702 -146.9622818
0.3156615298 -0.04126040418 -187.3843419
0.3185034819 -0.06483315197 -181.5477854
0.3380627123 -0.01620002659 -215.3929831
0.2997871795 0.01106968473 -190.4228014
0.3062031672 0.02952806975 -203.5023793
0.2788706771 0.005822531556 -168.5556676
0.01493680837 0.1716489923 25.87198114
-0.008435786873 0.1047214492 73.18983054
0.002284632457 0.1794361876 36.0286528
0.006632393983 0.1859771178 29.23074155
0.007825909067 0.1862096838 27.89820821
0.007935399758 0.1858654308 27.90516935
0.1831903004 0.6539028303 -313.724089
0.1452353303 0.09787315061 -54.74742393
0.1479064259 0.08284641144 -52.38032271
0.1443517847 0.06511338181 -42.73218745
0.1367160521 0.05223957303 -28.72677756
0.1245851254 0.09720239598 -29.91284248
0.09394402955 0.09560514141 7.793586509
0.005672862819 0.2892214687 -50.85099689
0.002097746979 0.2735662826 -44.95245636
-0.002059530931 0.2616823793 -40.42709643
-0.001439687695 0.2519110076 -37.07370758
-0.009559485257 0.2386028723 -31.64000636
0.0004336418899 0.2636441914 -41.62815739
-0.01250256762 0.2715964138 -42.79575084
-0.02128775429 0.2469337185 -32.61474253
-0.01416069582 0.2353847885 -29.66004805
0.01392974805 0.2622067535 -44.93911784
0.02378039005 0.2777019567 -52.71049666
0.03562780316 0.2982829657 -62.94051426
0.04199371766 0.3265169872 -74.71806349
0.04272880477 0.31141819 -69.49079939
0.03346661438 0.3302371426 -73.75493815
0.02924919791 0.3255336009 -70.73368846
0.02027513729 0.3168179433 -64.57039427
0.01727711826 0.290029216 -53.68359617
0.01090675136 0.2983059507 -54.13092327
0.02195299923 0.300595746 -59.57361471
0.02034521378 0.3080683346 -61.46382817
0.008373309861 0.2883727176 -48.88617158
0.020621708 0.2797707436 -51.64880995
0.00714112658 0.3075116291 -55.00970137
0.01229934013 0.3087085418 -58.15199215
0.008381921971 0.3139110616 -58.01025978
-0.004461912073 0.3070175078 -48.18181128
-0.0005610907162 0.2955682017 -46.27554901
0.002747887948 0.3107146568 -53.75131169
0.006002338847 0.2972854399 -50.95520831
0.006320981759 0.2953420572 -50.48130406
0.006252026904 0.3007164227 -52.44990839
0.002731976816 0.3102077619 -53.46302738
-0.00792069 0.309654022 -45.65764979
-0.005970897171 0.29521945 -41.87240611
0.001113471605 0.2613294327 -35.06832605
0.01733035825 0.2694385752 -50.61137735
0.02869120225 0.2691150419 -59.53740498
0.03439692227 0.2381935395 -52.87788935
0.325969573 -0.06002004634 -189.717158
0.3374112501 -0.08708596087 -190.2056077
-0.3771753336 0.2834744676 323.1713468
0.2979527654 0.06067653972 -206.4787898
0.2922674087 0.06743482841 -203.7653436
0.3030728093 0.05101321511 -207.9748658
-0.02402402588 0.1110842316 87.42067462
1.535163425e-05 0.1837106312 36.86622696
0.002897583423 0.1879402828 32.43979547
0.005085441429 0.1879801371 30.14939296
0.00684906201 0.1864396345 28.86065541
0.007538061585 0.1856722013 28.40623355
0.007538061586 0.1856722013 28.40623355
0.1320575715 0.1186184326 -47.10554453
0.1280140106 0.1009518097 -35.94501966
0.1196367689 0.07694210282 -17.65643583
0.146024395 0.04455087167 -37.2878054
0.1387021195 0.0885380506 -44.1342259
0.09876360979 0.08894234042 4.389046471
