0 1 3
1 2 2
2 3 2
3 4 3
4 5 0
5 6 1
6 7 1
7 8 3
8 9 3
9 10 2
10 11 1
11 12 3
12 13 3
13 14 3
14 15 1
15 16 3
16 17 0
17 18 3
18 19 3
19 20 1
20 21 3
21 22 3
22 23 3
23 24 3
24 25 3
25 26 3
26 27 3
27 28 3
28 87 3
30 87 3
30 31 3
31 32 3
32 33 3
33 35 3
35 37 3
37 38 3
38 39 3
39 40 3
40 41 3
41 42 3
42 43 3
43 44 3
44 45 3
45 46 3
46 47 3
47 48 3
48 49 3
49 50 3
50 51 3
51 109 3
52 109 3
52 53 3
53 54 3
54 55 3
55 56 3
56 57 3
33 93 3
25 83 3
24 83 3
33 92 3
35 93 3
92 93 3
16 74 3
26 83 3
17 74 1
9 66 3
14 71 1
6 64 1
7 64 3
8 66 3
13 71 1
37 152 3
18 76 3
35 152 3
7 65 3
19 76 3
4 62 1
5 62 1
8 65 3
21 79 3
24 82 3
93 152 3
48 107 3
49 107 3
56 115 3
10 68 1
11 68 3
17 75 3
23 82 3
82 83 3
28 86 3
44 103 3
45 103 3
54 113 3
55 113 3
0 59 2
1 59 2
2 59 2
3 61 2
4 61 2
5 63 1
75 76 3
26 84 3
31 89 3
32 89 3
39 98 3
40 98 3
44 102 3
5 64 1
9 67 3
11 69 3
12 71 1
74 75 0
20 78 3
21 80 3
22 82 3
83 84 3
33 91 3
91 92 3
37 95 3
38 95 3
38 96 3
41 98 3
43 101 3
43 102 3
50 109 3
56 113 3
0 58 2
2 60 0
3 60 2
62 63 3
64 65 3
66 67 3
10 67 2
68 69 3
14 72 3
15 72 0
75 133 1
19 77 2
20 77 2
21 78 3
80 82 3
27 85 3
28 85 3
30 89 3
32 90 3
39 96 3
39 97 3
42 100 3
43 100 3
46 104 3
47 105 3
48 106 3
49 108 3
50 108 3
53 111 3
54 111 3
54 112 3
58 59 3
59 60 0
60 61 3
61 62 1
71 72 0
15 73 3
16 73 3
76 77 2
85 86 3
30 88 3
33 90 3
97 98 3
41 99 3
102 103 3
103 104 3
104 105 3
105 106 3
106 107 3
67 68 3
12 69 3
78 79 3
27 84 3
88 89 3
89 90 3
90 91 3
95 152 3
95 96 3
96 97 3
42 99 3
100 101 3
101 102 3
107 108 3
52 111 3
112 113 3
63 64 3
12 70 1
73 74 3
98 99 3
99 100 3
108 109 3
52 110 3
111 112 3
65 66 3
72 73 1
110 111 3
114 115 3
69 70 1
113 114 3
83 141 3
84 141 3
84 85 3
109 110 3
79 80 3
86 87 3
114 172 3
77 78 2
71 129 3
92 150 3
93 150 3
70 71 3
72 129 1
87 88 3
72 130 1
60 118 1
74 133 3
109 166 3
64 123 2
108 166 3
61 119 1
62 120 1
67 125 3
76 134 3
87 144 3
104 162 3
105 162 3
59 117 2
60 117 1
63 120 1
129 130 3
78 136 3
79 137 3
84 86 3
86 144 3
91 150 3
99 156 3
99 157 3
111 170 3
113 171 3
115 173 3
61 120 1
65 123 2
70 129 3
75 134 3
77 135 3
77 136 2
78 137 3
80 138 3
150 152 3
98 156 3
112 170 3
114 171 3
61 118 1
69 127 3
73 130 3
135 136 2
136 137 3
79 138 3
86 143 3
91 149 3
107 166 3
114 173 3
63 121 1
68 126 3
68 127 3
137 138 3
82 141 3
84 143 3
88 146 3
89 146 3
118 119 3
119 120 3
67 126 3
73 131 3
74 132 3
96 154 3
97 154 3
156 157 3
100 158 3
103 161 3
105 164 3
106 164 3
58 116 3
58 117 2
117 118 3
126 127 3
73 132 3
89 147 3
90 147 3
90 148 3
91 148 3
95 153 3
97 155 3
98 155 3
101 158 3
101 159 3
102 160 3
104 161 3
105 163 3
107 165 3
116 117 3
63 123 3
66 123 2
66 124 3
67 124 2
70 127 0
70 128 3
132 133 3
76 135 2
82 139 3
146 147 3
149 150 3
96 153 3
99 158 3
101 160 3
160 161 3
106 165 3
165 166 3
172 173 3
63 122 1
128 129 3
130 131 3
80 139 3
141 142 3
144 145 3
87 145 3
148 149 3
152 153 3
154 155 3
157 158 3
158 159 3
162 163 3
163 164 3
164 165 3
170 171 3
122 123 0
123 124 2
127 128 1
84 142 3
147 148 3
151 152 3
153 154 3
159 160 3
110 226 3
121 122 3
125 126 3
131 132 3
134 135 2
138 139 3
82 140 3
143 144 3
150 151 3
155 156 3
111 226 3
120 121 3
124 125 3
88 145 3
133 134 0
161 162 3
171 172 0
142 143 3
151 210 3
109 226 3
145 146 3
152 210 3
123 182 3
124 182 1
139 140 3
132 189 3
138 196 3
172 231 3
173 231 3
143 201 3
144 201 3
109 225 3
119 177 3
138 197 3
142 201 3
166 225 3
225 226 3
122 179 3
123 181 2
139 197 3
170 228 3
171 228 3
120 178 3
121 179 3
137 196 3
82 199 3
145 203 3
154 212 3
119 178 3
181 182 3
130 188 3
131 189 3
132 190 3
133 190 3
140 199 3
140 198 3
144 202 3
144 203 3
149 207 3
117 176 3
118 176 3
177 178 3
126 185 2
129 187 3
129 188 3
189 190 3
136 194 3
137 195 3
198 199 3
141 199 3
150 207 3
155 213 3
156 213 3
160 219 3
161 219 3
172 230 3
230 231 3
126 184 2
127 185 2
187 188 3
130 189 3
133 191 2
134 192 1
136 195 3
195 196 3
201 202 3
148 207 3
150 208 3
153 212 3
162 219 3
164 222 3
171 229 3
171 230 0
116 174 2
117 175 3
119 176 3
124 183 2
125 184 3
184 185 3
128 186 3
129 186 3
135 192 1
135 193 3
139 198 3
142 199 3
202 203 3
148 206 3
151 208 3
152 211 3
153 211 3
156 214 3
157 214 3
158 216 3
158 217 3
159 217 3
159 218 3
160 218 3
162 220 3
163 221 3
163 222 3
165 222 3
174 175 3
176 177 3
122 180 3
123 180 2
125 183 1
127 186 1
188 189 3
134 191 3
192 193 0
146 203 3
146 204 3
147 204 3
147 206 3
210 211 3
154 213 3
157 215 3
158 215 3
218 219 3
219 220 3
229 230 3
121 178 3
190 191 2
136 193 2
194 195 3
147 205 3
211 212 3
212 213 3
213 214 3
216 217 3
220 221 3
221 222 3
228 229 3
179 180 3
180 181 3
182 183 0
186 187 3
205 206 3
206 207 3
207 208 3
214 215 3
215 216 3
217 218 3
178 179 3
196 197 3
197 198 3
204 205 3
185 186 1
190 248 3
191 248 2
170 226 3
175 176 3
203 204 3
191 249 3
193 194 3
165 225 3
226 286 3
170 286 3
191 192 1
199 201 3
208 266 3
165 281 3
228 286 3
183 184 3
205 264 3
208 210 3
210 268 3
215 273 3
225 281 3
208 268 3
215 274 3
206 264 3
216 274 3
222 281 3
248 249 0
273 274 3
222 280 3
178 237 3
263 264 3
207 266 3
226 284 3
179 237 3
198 256 3
205 263 3
218 276 3
219 276 3
284 286 3
229 286 3
178 236 2
193 251 3
194 251 3
199 259 3
201 259 3
204 262 3
204 263 3
208 267 3
214 272 3
280 281 3
182 240 3
189 248 3
266 267 3
267 268 3
215 272 3
225 283 3
226 283 3
175 233 3
176 233 3
176 235 2
236 237 3
180 239 3
181 240 3
183 241 2
195 253 3
206 265 3
207 265 3
211 268 3
213 272 3
272 273 3
217 274 3
177 235 3
180 238 3
181 239 3
182 241 3
184 241 1
185 244 1
186 244 3
187 244 3
192 249 0
197 254 3
203 261 3
203 262 3
217 275 3
221 279 3
281 283 3
230 288 3
231 288 3
174 232 3
179 238 3
184 242 1
187 246 3
188 246 3
189 247 3
192 251 3
194 253 3
196 254 3
199 256 3
202 259 3
261 262 3
265 266 3
212 270 3
213 271 3
219 277 3
220 278 3
222 279 3
283 284 3
229 288 3
231 289 3
232 233 3
239 240 3
240 241 3
241 242 3
185 242 1
187 245 3
246 247 3
247 248 3
194 252 3
199 257 3
258 259 3
202 261 3
262 263 3
264 265 3
211 269 3
270 271 3
274 275 3
275 276 3
276 277 3
277 278 3
221 278 3
279 280 3
238 239 3
244 245 3
245 246 3
192 250 0
250 251 1
252 253 3
196 253 3
197 313 3
198 313 3
256 257 3
268 269 3
212 269 3
271 272 3
229 287 3
287 288 3
288 289 3
176 234 3
249 250 3
269 270 3
233 234 3
234 235 3
177 236 3
237 238 3
254 313 3
259 261 3
253 254 3
256 313 3
199 258 3
278 279 3
235 236 2
185 243 1
251 252 3
253 312 2
286 287 3
243 244 3
235 293 0
254 312 3
236 293 2
257 258 3
273 332 3
274 332 3
242 243 3
286 343 3
284 343 3
259 318 3
281 340 3
261 318 3
283 340 3
283 341 3
284 341 3
284 342 3
251 310 3
252 310 3
258 316 3
268 325 3
268 326 3
269 326 3
341 342 3
246 305 3
257 316 3
265 322 3
288 347 3
239 297 3
258 317 3
263 320 3
264 322 3
267 325 0
240 297 3
241 300 3
242 300 3
244 302 3
246 304 3
247 306 3
248 306 3
248 307 3
249 307 1
250 308 1
251 308 3
259 317 3
262 320 3
277 335 3
243 300 3
243 302 3
245 304 3
304 305 3
249 308 1
252 311 3
263 321 3
263 322 3
271 330 3
272 330 3
278 335 3
280 338 3
340 341 3
247 305 3
251 309 3
253 311 1
265 323 3
325 326 3
270 328 3
271 328 3
276 334 3
279 337 3
279 338 3
281 339 3
286 402 3
232 290 0
233 291 0
234 293 0
245 303 3
309 310 3
261 319 3
322 323 3
265 324 3
266 324 3
267 324 3
269 327 3
270 327 3
271 329 3
275 333 3
275 334 3
278 336 3
337 338 3
280 339 3
339 340 3
287 402 3
290 291 1
236 294 2
237 294 0
237 295 0
238 296 2
238 297 3
240 299 0
241 299 0
302 303 3
303 304 3
307 308 3
310 311 3
311 312 0
318 319 3
262 319 3
324 383 0
332 333 3
333 334 3
334 335 3
279 336 3
305 306 3
306 307 3
308 309 3
321 322 3
326 327 3
327 328 3
342 343 3
287 403 3
234 291 0
237 296 2
296 297 1
257 315 3
316 317 3
323 324 3
324 325 0
328 329 3
273 330 3
402 403 3
234 292 0
294 295 3
295 296 3
297 299 0
299 300 1
243 301 2
315 316 3
319 320 3
320 321 3
329 330 3
335 336 3
336 337 3
292 293 3
293 294 3
297 298 0
343 402 3
288 403 3
347 404 3
300 301 3
301 302 3
256 372 3
257 372 3
315 372 3
325 383 3
338 339 3
313 372 3
330 332 3
298 299 3
288 404 3
291 292 2
312 313 2
338 397 3
339 397 3
329 388 3
330 388 3
313 371 3
320 378 3
330 389 3
340 398 3
308 367 3
309 367 3
312 370 3
312 371 2
259 376 3
321 378 3
339 398 3
296 355 2
297 355 0
311 370 3
318 376 3
341 399 3
304 362 3
305 362 3
308 366 3
316 375 3
317 375 3
336 395 3
340 399 3
403 404 3
300 358 0
301 358 0
301 359 0
366 367 3
310 368 3
316 373 3
332 389 3
342 399 3
298 355 3
299 358 3
309 368 3
370 371 3
315 373 3
317 376 3
329 387 3
334 393 3
335 393 3
337 395 3
293 351 0
302 359 0
303 362 3
318 377 3
319 377 3
387 388 3
404 405 3
347 405 3
291 349 1
292 349 1
294 351 0
358 416 3
302 360 0
302 361 3
303 361 3
311 368 3
326 385 3
327 385 3
328 387 3
333 391 3
338 396 3
342 401 3
343 401 3
290 348 1
295 354 3
296 354 2
305 363 3
307 365 3
311 369 3
373 374 3
373 375 3
375 376 3
321 379 3
322 379 3
322 380 3
328 386 3
386 387 3
332 390 3
334 391 3
336 394 3
337 396 3
398 399 3
348 349 3
292 350 0
294 352 0
295 353 0
354 355 3
306 363 3
306 364 3
306 365 3
367 368 3
369 370 3
372 373 3
376 377 3
323 380 3
385 386 3
389 390 3
390 391 3
334 392 3
335 394 3
394 395 3
349 350 0
351 352 3
294 353 0
360 361 1
361 362 3
364 365 3
368 369 3
374 375 3
388 389 3
391 392 3
392 393 3
401 402 3
353 354 1
359 360 1
362 363 3
308 365 3
319 378 3
379 380 3
393 394 3
397 398 3
352 353 3
395 396 3
396 397 3
292 351 0
299 415 3
363 364 3
371 372 3
326 383 3
399 401 3
378 379 3
383 385 3
401 458 3
350 351 3
365 366 3
399 458 3
298 415 3
324 380 3
361 419 0
362 419 0
355 414 3
298 414 3
358 359 3
358 415 3
380 439 3
414 415 3
377 378 3
324 439 0
401 460 3
402 460 3
415 416 3
379 439 3
383 439 3
360 419 3
385 443 3
403 460 3
367 425 3
439 440 3
405 462 3
405 463 3
354 412 3
355 412 3
359 416 3
368 425 3
383 440 3
403 462 3
404 462 3
366 425 3
376 434 3
388 446 3
403 461 3
352 411 3
364 423 3
377 434 3
377 435 3
378 435 3
395 453 3
398 456 3
460 461 3
351 410 3
352 410 3
353 411 3
355 413 3
359 417 3
360 417 0
363 421 3
365 423 3
374 432 3
385 500 3
387 446 3
392 450 3
393 451 3
394 451 3
394 453 3
396 453 3
399 456 3
461 462 3
348 406 0
349 407 0
350 407 3
350 408 3
351 408 3
354 411 0
413 414 3
416 417 3
362 420 3
363 420 3
364 421 3
364 422 3
366 424 3
368 426 3
369 427 3
370 428 3
371 429 3
372 429 3
372 430 3
373 430 3
375 433 3
378 436 3
379 436 3
379 437 3
383 500 3
386 443 3
387 445 3
445 446 3
391 449 3
392 449 3
393 450 3
397 456 3
399 457 3
406 407 3
407 408 3
412 413 3
360 418 2
419 420 1
421 422 3
424 425 3
426 427 3
427 428 3
371 428 3
429 430 3
373 431 3
374 431 3
374 433 3
376 433 3
435 436 3
383 441 3
389 446 3
389 447 3
390 449 3
394 452 3
456 457 3
457 458 3
418 419 2
366 423 3
425 426 3
430 431 3
432 433 3
434 435 3
436 437 3
379 438 3
440 441 3
443 500 3
446 447 3
390 447 3
390 448 3
450 451 3
451 452 3
397 453 3
351 409 3
410 411 3
417 418 2
423 424 3
428 429 3
438 439 3
452 453 3
462 463 3
408 409 3
420 421 3
422 423 3
431 432 3
433 434 3
386 444 3
447 448 3
449 450 3
411 412 1
443 444 3
448 449 3
397 455 3
453 455 3
409 410 3
437 438 3
441 500 3
455 456 0
458 460 3
387 444 3
444 445 3
412 470 0
453 511 3
456 515 1
452 511 3
462 519 2
408 465 3
418 476 3
411 470 3
415 473 3
453 512 3
460 517 2
461 518 3
461 519 2
414 472 3
423 482 3
424 482 3
425 483 3
426 483 3
432 491 3
433 491 3
438 496 3
455 512 3
458 517 2
462 521 3
406 464 3
407 464 3
413 472 3
416 474 3
425 482 3
439 496 3
440 498 3
441 498 3
443 501 3
460 518 2
463 521 3
412 471 2
414 473 3
417 476 1
428 486 3
433 492 3
434 492 3
500 501 3
511 512 3
457 515 1
519 520 3
462 520 3
407 465 3
408 466 3
409 466 3
413 471 3
417 475 1
419 477 3
420 478 3
420 479 3
421 479 3
422 480 3
423 481 3
426 484 3
427 485 3
427 486 3
428 487 3
429 487 3
430 488 3
431 489 3
432 490 3
434 493 3
435 493 3
436 494 3
437 495 3
438 495 3
439 498 3
444 501 3
411 469 3
469 470 3
470 471 3
417 474 3
475 476 3
477 478 3
421 480 3
480 481 3
481 482 3
483 484 3
484 485 3
432 489 3
491 492 3
492 493 3
493 494 3
494 495 3
441 499 3
455 513 3
517 518 3
409 467 3
471 472 3
472 473 3
415 474 3
418 477 2
482 483 3
486 487 3
430 487 3
488 489 3
498 499 3
456 513 1
465 466 3
479 480 3
489 490 3
490 491 3
495 496 3
464 465 3
466 467 3
485 486 3
499 500 3
512 513 3
457 516 1
458 516 1
516 517 3
520 521 3
410 467 3
474 475 1
478 479 3
444 446 3
515 516 3
439 497 3
448 506 1
449 506 1
473 474 0
496 497 3
446 504 1
447 504 1
447 506 1
451 509 3
510 511 3
410 469 3
487 488 3
444 559 1
444 503 1
446 503 1
506 565 3
450 506 1
452 509 3
452 510 3
410 526 3
503 559 3
503 504 3
509 510 3
469 526 3
501 559 1
504 506 3
450 567 3
450 509 3
467 526 3
473 532 3
509 567 3
513 572 3
474 532 1
439 556 3
506 567 3
515 572 3
518 519 3
476 477 3
559 560 3
456 572 1
498 556 3
565 567 3
475 532 3
521 579 2
476 534 3
495 553 3
497 556 3
466 524 3
467 525 3
531 532 3
475 534 3
497 554 3
503 560 3
520 579 2
464 522 3
467 524 3
525 584 3
473 531 3
479 537 3
494 552 3
495 552 3
496 554 3
525 526 3
480 537 2
481 539 3
482 539 3
552 553 3
504 562 3
566 567 3
464 523 3
465 523 3
524 525 3
483 541 3
497 555 3
500 559 1
503 562 3
565 566 3
471 530 3
472 530 3
472 531 3
482 541 3
484 543 3
485 543 3
486 544 3
492 550 3
495 554 3
554 555 3
499 556 3
513 571 3
519 577 3
519 579 2
522 523 3
471 529 3
478 536 3
480 538 3
480 539 3
482 540 3
484 542 3
486 545 3
487 545 3
488 546 3
489 547 3
490 548 3
490 549 3
491 549 3
491 550 3
493 550 3
493 551 3
555 556 3
499 557 3
500 557 3
512 570 3
513 570 3
571 572 3
465 524 3
529 530 3
477 535 3
477 536 3
536 537 2
538 539 3
540 541 3
541 542 3
543 544 3
545 546 3
546 547 3
547 548 3
551 552 3
553 554 3
506 564 3
510 567 3
511 570 3
570 571 3
470 528 3
470 529 3
532 533 3
475 533 3
477 534 3
537 538 2
544 545 3
548 549 3
564 565 3
518 576 1
533 534 3
534 535 3
539 540 3
542 543 3
549 550 3
469 528 3
528 529 3
530 531 3
535 536 3
556 557 3
504 563 3
517 576 3
518 577 1
506 563 3
516 576 1
576 577 3
526 528 3
503 561 3
563 564 3
516 633 3
577 636 3
519 636 3
550 551 3
561 562 3
562 563 3
579 636 2
560 561 3
576 633 0
516 572 3
526 584 3
557 559 1
511 567 3
572 631 3
516 631 3
537 595 3
526 585 3
536 595 2
511 569 3
631 633 3
528 585 3
567 569 3
572 630 3
571 630 3
528 587 3
529 587 3
559 618 3
630 631 3
523 581 3
533 592 3
534 592 3
553 611 3
522 581 3
531 589 3
535 593 3
536 593 3
560 618 3
561 618 3
523 524 3
525 582 3
530 589 3
538 595 2
548 606 3
556 615 2
557 615 3
559 617 3
571 629 3
579 637 2
524 581 3
524 582 3
525 583 3
532 589 3
535 592 3
536 594 3
541 599 3
547 606 3
557 617 1
617 618 3
567 626 3
569 626 3
522 580 3
583 584 3
530 588 3
532 590 3
538 596 3
539 597 3
540 598 3
540 599 3
542 600 3
543 601 3
544 602 3
545 603 3
546 604 3
547 604 3
547 605 3
549 607 3
550 608 3
550 609 3
551 609 3
553 612 3
554 612 3
555 612 3
555 613 3
569 627 3
569 570 3
570 627 3
570 629 3
636 637 3
582 583 3
529 588 3
589 590 3
533 590 3
593 594 3
594 595 2
595 596 2
596 597 3
597 598 3
541 600 3
600 601 3
601 602 3
602 603 3
603 604 3
605 606 3
606 607 3
607 608 3
552 609 3
552 610 3
553 610 3
556 613 3
561 620 3
562 620 3
563 620 3
563 621 3
629 630 3
580 581 3
581 582 3
587 588 3
598 599 3
599 600 3
608 609 3
611 612 3
556 614 2
626 627 3
576 634 0
577 634 0
584 585 3
588 589 3
604 605 3
609 610 3
610 611 3
613 614 3
614 615 3
564 622 3
633 634 3
592 593 3
612 613 3
615 617 3
563 622 3
627 629 3
636 694 3
620 621 3
564 566 3
634 636 1
637 694 3
590 592 3
627 685 3
590 648 3
621 622 3
585 644 3
528 644 3
589 648 3
566 682 3
567 682 3
567 683 3
626 683 3
626 685 3
636 693 1
582 640 2
583 640 2
682 683 3
634 693 1
566 622 3
566 681 2
587 644 3
618 676 3
561 676 3
681 682 0
631 690 3
595 652 2
639 640 3
622 681 2
630 689 3
631 689 3
582 639 2
629 688 3
630 688 3
584 642 3
588 646 3
592 650 3
622 680 2
627 686 3
629 686 3
693 694 0
581 639 2
583 642 3
585 642 3
587 645 3
590 650 3
593 650 3
594 652 3
596 654 3
597 654 3
620 676 3
680 681 3
685 686 3
689 690 3
633 690 3
633 691 3
603 661 3
613 671 3
683 684 3
626 684 3
634 691 3
637 695 3
580 638 1
581 638 2
589 646 3
604 661 3
609 667 2
611 669 3
612 669 3
614 671 3
615 673 3
684 685 3
629 687 3
595 653 2
597 655 3
598 655 3
610 669 3
614 673 3
617 676 3
687 688 3
585 643 3
588 645 3
589 647 3
593 651 3
593 652 3
596 653 3
598 656 3
599 657 3
600 658 3
601 659 3
602 661 3
605 663 2
606 663 2
608 666 2
621 679 3
622 679 3
686 687 3
690 691 3
634 692 3
694 695 3
583 641 3
643 644 3
646 647 3
652 653 1
654 655 3
656 657 3
657 658 3
658 659 3
602 659 3
604 663 2
606 664 2
607 665 2
607 666 2
666 667 3
688 689 3
691 692 3
692 693 1
640 641 3
642 643 3
644 645 3
590 649 3
649 650 3
650 651 3
653 654 3
655 656 3
664 665 3
665 666 3
610 667 2
612 671 3
614 672 3
679 680 3
641 642 3
647 648 3
663 664 3
671 672 3
672 673 3
651 652 3
602 660 2
610 668 3
669 671 3
645 646 3
660 661 3
604 662 2
667 668 3
668 669 3
638 639 2
659 660 3
661 662 3
662 663 3
615 674 3
673 674 3
617 674 2
621 736 2
638 697 3
617 733 2
620 736 2
639 697 3
676 733 2
676 735 2
679 736 3
648 649 3
674 733 3
676 734 2
620 735 2
643 701 3
669 728 3
734 735 3
644 701 3
650 708 3
668 727 3
669 727 3
671 728 3
733 734 3
735 736 3
672 731 3
673 731 3
651 708 3
646 703 3
646 704 3
647 705 3
647 706 3
648 706 3
671 729 3
691 750 1
641 700 3
642 700 3
704 705 3
705 706 3
668 726 3
728 729 3
684 742 1
685 742 1
690 748 1
691 748 1
692 750 1
692 751 1
693 751 1
643 700 3
703 704 3
661 719 3
666 724 3
667 726 3
727 728 3
682 741 0
683 741 0
686 743 1
687 744 1
688 746 1
640 697 3
641 699 3
699 700 3
644 702 3
645 702 3
645 703 3
649 706 3
651 710 2
652 710 2
654 712 2
665 724 3
673 732 3
674 732 3
682 740 1
685 743 1
686 744 1
689 746 1
694 751 1
638 696 0
700 701 3
649 708 3
651 709 2
655 712 2
656 714 2
657 715 2
658 716 2
659 717 2
660 719 3
662 719 3
662 721 3
663 721 3
663 722 3
664 722 3
731 732 3
732 733 3
680 736 3
681 740 3
740 741 0
684 741 0
689 748 1
694 752 1
695 753 1
640 698 3
640 699 3
701 702 3
714 715 3
715 716 3
716 717 3
660 717 3
665 722 3
742 743 0
687 745 1
687 746 1
751 752 3
752 753 3
696 697 1
655 713 2
665 723 3
667 724 3
672 729 3
736 737 3
680 737 3
743 744 1
744 745 3
745 746 3
689 747 1
697 755 3
640 755 3
698 699 3
702 703 3
708 709 3
709 710 3
653 710 2
655 714 2
723 724 3
672 730 3
730 731 3
680 738 3
681 738 3
712 713 3
713 714 3
721 722 3
706 707 3
649 707 3
717 719 3
722 723 3
726 727 3
729 730 3
738 740 3
746 747 3
747 748 3
691 807 1
750 751 3
698 755 3
653 711 2
654 711 2
724 726 3
737 738 3
741 742 1
748 807 3
750 807 3
707 708 3
710 711 3
711 712 3
717 776 3
719 776 3
662 778 3
719 778 3
721 778 3
707 709 3
709 767 3
710 768 3
731 789 3
732 789 3
699 757 2
719 777 3
726 785 3
767 768 3
776 777 3
777 778 3
727 785 3
738 795 3
750 808 3
724 783 3
726 783 3
737 795 3
751 808 3
707 765 1
716 774 3
722 780 3
728 786 3
729 786 3
734 792 3
736 795 3
738 797 3
701 759 2
704 706 3
707 767 1
766 767 3
711 768 3
715 774 3
716 775 3
717 775 3
723 780 3
727 786 3
730 789 3
732 791 3
733 791 3
733 792 3
735 792 3
740 797 3
696 754 1
697 754 0
700 757 2
700 758 3
702 761 2
703 761 2
706 764 1
707 764 1
765 767 3
714 772 3
723 782 3
724 782 3
729 787 3
730 787 3
744 803 3
745 803 3
748 806 3
807 808 3
754 755 1
757 758 0
704 761 2
712 770 3
712 771 3
713 771 3
721 779 3
721 780 3
723 781 3
726 784 3
791 792 3
735 793 3
736 794 3
741 799 0
745 804 3
746 804 3
747 806 3
751 809 3
752 810 3
753 811 3
698 756 2
701 758 3
701 761 2
706 763 1
711 769 3
712 769 3
770 771 3
715 772 3
775 776 3
778 779 3
779 780 3
780 781 3
783 784 3
784 785 3
730 788 3
732 790 3
790 791 3
794 795 3
742 800 0
743 800 2
808 809 3
809 810 3
810 811 3
755 756 3
699 756 2
704 762 1
768 769 3
769 770 3
714 771 3
774 775 3
781 782 3
787 788 3
788 789 3
797 799 3
742 799 0
743 801 2
744 801 0
803 804 3
759 761 3
762 763 3
764 765 3
765 766 3
772 774 3
786 787 3
736 793 3
799 800 3
747 804 3
806 807 3
763 764 3
782 783 3
785 786 3
789 790 3
792 793 3
756 757 3
758 759 1
795 797 3
800 801 3
761 762 3
771 772 3
793 794 3
795 855 3
797 855 3
744 860 0
801 860 3
803 860 0
761 818 2
797 856 3
799 856 3
757 815 1
759 818 2
765 824 3
766 824 3
807 865 3
778 836 3
779 836 3
806 865 3
758 815 1
759 815 2
762 819 3
772 831 3
774 831 3
780 838 3
781 840 3
782 840 3
785 843 3
855 912 3
804 863 3
747 863 3
808 866 3
759 817 2
761 819 2
764 823 3
765 823 3
768 826 3
776 834 3
777 836 3
781 838 3
783 841 3
786 843 3
806 863 3
807 866 3
809 866 3
817 818 3
818 819 3
819 820 3
762 820 3
764 822 3
767 826 3
775 834 3
776 835 3
786 844 3
787 844 3
787 845 3
790 848 3
791 848 3
792 850 3
793 850 3
795 912 3
806 864 3
755 813 3
762 821 3
763 821 3
763 822 3
822 823 3
823 824 3
777 835 3
779 838 3
784 841 3
784 843 3
788 845 3
788 846 3
789 846 3
789 848 3
793 852 3
794 852 3
794 853 3
795 853 3
801 859 3
809 867 3
810 867 3
754 813 1
756 813 2
820 821 3
769 826 3
770 829 3
771 829 3
834 835 3
779 837 3
781 839 3
782 841 3
784 842 3
843 844 3
791 850 3
793 851 3
799 858 3
800 858 3
859 860 3
803 861 3
804 861 2
804 862 3
863 864 3
864 865 3
810 869 3
811 869 3
754 812 1
767 824 3
838 839 3
840 841 3
842 843 3
850 851 3
852 853 3
860 861 1
861 862 3
862 863 3
865 866 3
866 867 3
815 817 3
769 827 3
770 827 3
774 832 3
775 832 3
775 833 3
835 836 3
836 837 3
837 838 3
846 848 3
855 856 3
800 859 3
831 832 3
833 834 3
841 842 3
845 846 3
858 859 3
812 813 0
827 829 3
772 829 3
839 840 3
844 845 3
853 912 3
856 858 3
756 814 1
757 814 1
821 822 3
829 831 3
848 850 3
851 852 3
814 815 3
815 874 3
846 905 3
813 814 1
817 874 3
832 833 3
867 926 3
810 926 3
826 827 3
829 888 3
831 888 3
848 905 3
869 926 3
827 886 3
829 886 3
824 826 3
850 908 3
850 907 3
855 913 3
856 913 3
824 882 3
834 892 3
848 907 3
851 908 3
856 914 3
862 920 3
864 923 3
865 923 3
823 882 3
835 892 3
840 898 3
841 898 3
842 900 3
848 906 3
853 911 3
911 912 3
859 917 3
860 918 3
863 920 2
814 873 3
815 873 3
821 879 3
824 883 3
826 883 3
826 884 3
839 898 3
905 906 3
858 915 3
859 918 3
866 924 3
866 925 3
867 925 3
822 879 3
823 881 3
883 884 3
826 885 3
827 885 3
842 901 3
843 901 3
845 903 3
907 908 3
858 914 3
863 921 3
812 870 3
813 871 1
814 872 3
873 874 3
817 876 3
818 876 3
819 877 3
820 878 3
820 879 3
831 889 3
837 896 3
838 896 3
839 897 3
844 902 3
844 903 3
845 904 3
846 904 3
906 907 3
851 909 3
912 913 3
914 915 3
858 917 3
920 921 3
864 921 3
865 924 3
869 927 3
870 871 3
871 872 3
872 873 3
876 877 3
820 877 3
822 881 3
882 883 3
884 885 3
885 886 3
888 889 3
832 889 3
833 891 3
834 891 3
839 896 3
897 898 3
841 900 3
900 901 3
844 901 3
851 910 3
852 910 3
861 918 0
861 920 3
926 927 3
817 875 3
878 879 3
822 880 3
881 882 3
832 891 3
891 892 3
835 894 3
836 894 3
837 895 3
903 904 3
917 918 3
924 925 3
875 876 3
877 878 3
880 881 3
832 890 3
892 894 3
894 895 3
895 896 3
898 900 3
902 903 3
904 905 3
913 914 3
861 919 3
925 926 3
874 875 3
879 880 3
890 891 3
901 902 3
908 909 3
918 919 1
921 923 3
923 924 3
896 897 3
909 910 3
853 910 3
919 920 3
889 890 3
858 974 3
886 888 3
915 974 3
917 974 3
910 911 3
892 951 3
894 951 3
919 977 3
888 945 3
920 977 2
886 945 3
921 980 3
881 940 3
923 980 3
926 984 3
880 938 3
882 940 3
920 978 3
927 984 3
873 932 3
874 932 3
878 936 3
879 938 3
912 970 3
913 970 3
898 957 3
900 957 3
920 979 3
923 981 3
872 930 3
879 936 3
886 944 3
901 958 3
921 979 3
925 983 3
870 928 3
871 928 3
873 930 3
875 932 3
881 938 3
883 942 3
884 942 3
885 944 3
889 947 3
900 958 3
906 963 3
911 970 3
980 981 3
926 983 3
876 934 3
877 934 3
890 947 3
891 950 3
892 950 3
895 953 3
904 962 3
904 963 3
905 963 3
913 971 3
914 971 3
917 975 3
978 979 3
871 929 3
879 937 3
885 942 3
885 943 3
888 946 3
894 952 3
896 954 3
897 955 3
901 959 3
902 960 3
903 960 3
903 961 3
904 961 3
906 965 3
907 965 3
910 968 3
911 968 3
911 969 3
970 971 3
914 973 3
915 973 3
977 978 3
924 981 3
983 984 3
927 985 3
928 929 3
929 930 3
875 934 3
936 937 3
937 938 3
883 940 3
883 941 3
946 947 3
891 949 3
950 951 3
895 952 3
895 954 3
954 955 3
898 956 3
959 960 3
960 961 3
961 962 3
962 963 3
908 966 3
909 966 3
909 1025 3
910 1025 3
968 969 3
974 975 3
979 980 3
940 941 3
942 943 3
943 944 3
945 946 3
949 950 3
952 953 3
953 954 3
955 956 3
956 957 3
958 959 3
963 965 3
965 966 3
968 1025 3
969 970 3
973 974 3
984 985 3
930 932 3
941 942 3
890 949 3
951 952 3
957 958 3
914 1030 3
918 975 3
878 934 3
944 945 3
971 1030 3
973 1030 3
924 982 3
924 983 3
981 982 3
934 936 3
947 949 3
931 932 3
938 940 3
918 1034 3
982 983 3
930 931 3
966 1025 3
919 1034 2
875 991 3
975 1034 3
934 991 3
932 991 3
963 1021 3
934 993 3
962 1020 3
962 1021 3
936 993 3
938 997 3
940 997 3
945 1004 3
946 1004 3
1020 1021 3
963 1022 3
965 1022 3
974 1032 3
947 1006 3
949 1006 3
978 1037 3
979 1037 3
979 1038 3
980 1038 3
934 992 3
957 1015 3
973 1031 3
984 1041 3
930 988 3
931 988 3
991 992 3
992 993 3
937 995 3
945 1003 3
949 1007 3
953 1011 3
956 1015 3
958 1016 3
973 1032 3
983 1041 3
929 988 3
931 990 3
936 995 3
938 995 3
943 1001 3
1003 1004 3
947 1005 3
950 1007 3
954 1012 3
957 1016 3
959 1016 3
975 1032 3
975 1033 3
1033 1034 3
978 1036 3
981 1039 3
932 990 3
993 994 3
936 994 3
938 996 3
940 998 3
941 998 3
944 1001 3
944 1002 3
945 1002 3
946 1005 3
1005 1006 3
1006 1007 3
950 1009 3
951 1009 3
952 1010 3
953 1012 3
955 1012 3
968 1026 3
969 1027 3
970 1027 3
970 1029 3
971 1029 3
1030 1031 3
977 1034 2
977 1035 3
978 1035 3
1036 1037 3
928 986 3
929 987 3
990 991 3
994 995 3
995 996 3
997 998 3
942 1000 3
942 1001 3
1002 1003 3
950 1008 3
953 1010 3
1011 1012 3
1015 1016 3
959 1017 3
960 1018 3
961 1019 3
965 1023 3
966 1024 3
1037 1038 3
980 1039 3
984 1043 3
985 1043 3
986 987 3
987 988 3
996 997 3
941 1000 3
1001 1002 3
1007 1008 3
1008 1009 3
952 1009 3
955 1013 3
956 1013 3
1016 1017 3
1017 1018 3
962 1019 3
1023 1024 3
968 1027 3
1032 1033 3
1035 1036 3
982 1039 3
1041 1043 3
1009 1010 3
1010 1011 3
961 1018 3
1022 1023 3
1025 1026 3
1026 1027 3
982 1041 3
1000 1001 3
1019 1020 3
1021 1022 3
1004 1005 3
1024 1025 3
1031 1032 3
1034 1035 2
1038 1039 3
1012 1013 3
1013 1015 3
1027 1029 3
1029 1030 3
1018 1019 3
998 1000 3
