0.02333802692 0.02114954576 16.31980837
0.02795830214 0.0281617674 16.15581258
0.02415399258 0.02663530773 16.16630686
0.03111195991 0.006424090165 16.03599482
0.03006832196 -0.03683341962 16.81947194
-0.01656582351 -0.001723745848 21.60234085
-0.02413266858 -0.009026041585 22.37676042
-0.0150355747 0.002023614469 21.12943767
-0.03251751377 -0.004557855245 24.36804577
-0.00378370232 0.006216353071 18.82279137
-0.009462228156 0.02547703801 19.15218056
0.01458326681 0.01895928897 13.52514811
0.01618622853 0.01007947024 13.51186154
-0.03473114295 0.02410883232 26.93426575
-0.0332713458 0.05284098418 25.87476562
-0.1077004794 0.08036339465 48.26391469
-0.04315943629 0.0178397611 26.09262561
0.0007640436775 0.110165019 7.24800585
0.07805093774 0.02318348243 -20.74998969
0.02395558158 -8.401913622e-05 1.574228633
-0.009331870439 -0.01473376232 15.83253907
-0.003998063783 0.0005034186368 13.02065079
-0.01295062179 -0.009323144116 17.02667187
-0.001934135783 -0.01320224056 11.74970994
-0.01582604823 -0.002768571887 18.73788547
-0.08117542122 -0.06716709025 50.973379
-0.02496022607 -0.06927740277 19.68700098
0.001502477518 -0.06304772594 4.467038054
0.001142779674 -0.05426093609 4.499997166
0.004181794863 -0.0553223698 2.294363077
0.001104188687 -0.05451420701 4.510070186
-0.008672104023 -0.05755385977 11.09613178
-0.004479521928 -0.06651667086 8.25770092
-0.005901558731 -0.03481397886 8.68117501
0.002177880785 -0.004044936089 2.050315358
0.01723966488 0.01106631682 -9.453182427
0.06024618858 0.02620425122 -43.04527025
0.02644225138 0.02195820023 -15.97426989
0.02181412588 0.02842960313 -12.27585356
0.03197840757 0.02238269094 -11.50032257
0.04514601 0.02025467358 -22.69657674
0.06106300704 0.000285767851 -28.70331277
0.03201172297 0.0123669618 -2.834942705
0.01522115089 -0.005376542365 12.9272257
-0.01288077838 0.00080430252 39.52515594
-0.01147242022 0.001449680352 37.33735357
-0.007081127272 -0.02187284108 34.12191955
0.007183043068 -0.02482599517 19.83688284
-0.00269456011 -0.01938284195 29.86655821
0.03082377629 -0.002497565302 -6.291643643
0.03755251564 -0.0007749316948 -13.72392147
0.07177620476 0.004341909545 -52.16342935
0.1014534322 0.0130792457 -85.10820967
0.104017907 0.0983626983 -89.27288373
0.04105691943 0.3186133533 -18.8514511
0.02912831504 0.4849786416 -6.335928047
0.008282590665 0.550219069 18.09007618
-0.009270662754 0.5346792963 39.45029808
-0.01596610515 0.0917990981 0.1393085584
0.01298052298 0.02538420557 16.51165958
0.01805015123 0.002944005326 17.05433645
0.01110646563 -0.03386511106 18.26708272
0.06983750582 -0.05357104166 13.05125618
0.02240644532 -0.0309502808 17.51890558
-0.01646041645 0.001874723013 21.19628698
-0.01368005131 0.004100665221 20.78046817
-0.01095409965 0.008400998341 20.03413451
-0.004818480897 0.02839394223 18.63549933
-0.0205536093 0.03415202491 21.67360483
-0.004308265528 0.02128193628 18.02808857
-0.01120509393 0.0001231393888 20.61697389
-0.01244220493 0.002104457914 21.13378339
-0.01807840196 0.01348595702 22.20781998
-0.007712542878 0.01056488493 18.89878873
-0.02613560059 -0.0006011323494 20.08888596
-0.003477342002 0.01497390971 11.64335776
0.04550585065 0.02011171695 -7.599200142
-0.01475427456 -0.0045820018 17.87542841
-0.008324780595 0.001266199453 14.70039104
-0.01801767039 -0.004771956304 19.38191515
-0.002932677391 0.004110675339 11.52920466
-0.001653121973 -0.003827521328 11.44734551
-0.01326900445 0.003370015826 17.15691301
-0.01818255531 -0.05098137238 15.06798139
0.004236476101 -0.05180853703 2.384130756
-0.003839478556 -0.03670786207 6.571620252
0.001977098617 -0.05593768261 3.916901939
-0.001933445646 -0.03217765731 5.336035123
0.009559545742 -0.03355076231 -1.695075429
-0.009269862132 -0.03946393011 10.9982655
0.003971396528 -0.03555262437 1.640826123
0.01163104982 -0.00790368307 -4.668618974
0.004305974675 -0.002562874945 0.3696193072
0.03087040676 0.003021118159 -20.07819211
0.05313509734 0.03365217746 -37.5485892
0.02981503687 0.05201826115 -19.39762602
0.114225386 0.00914666449 -74.93714212
0.1082427994 0.007950197748 -69.19457854
0.06712656254 0.01155614485 -34.11963971
0.04360763435 -0.005520946861 -12.57354852
0.02367302209 0.0251149412 4.42464797
0.007879469387 0.005415498271 19.60931752
-0.01780008116 0.03374584841 43.29886245
-0.01207977448 0.05791251398 36.54583676
-0.03419414467 0.0301469502 59.3818532
0.002807554718 -0.01277212016 23.70923334
0.01220013517 -0.01166010303 13.97602283
0.03243960694 -0.004459054656 -7.95231637
0.03689945886 -0.007102174752 -12.6008757
0.06297356604 -0.00628425706 -41.70689844
0.09021093251 0.001419893713 -72.01832546
0.01372379998 -0.1479097188 24.00461888
0.04185615919 -0.2117624138 -8.416469089
-0.02564627829 -0.3143222764 74.81289063
0.07380159305 0.3692396814 -64.25107893
-0.2062009602 -0.4692372143 302.0886596
0.08226928961 0.08801075356 -1.912712299
-0.0004682965064 0.01665570371 17.30891952
0.01697517455 0.005698436298 17.03572614
-0.04406677338 0.06318315167 3.388556607
0.0362842008 0.003627818041 14.6125744
0.0134901917 -0.004415972987 17.50625163
0.003544121338 -0.001106034757 18.38021339
-0.003102839498 -0.002092173894 19.40638282
0.01359802374 0.01518190587 15.47681046
0.01699821117 0.00540653101 15.60187569
-0.01029237983 0.02568869084 20.418076
-0.03207034291 0.0146385356 25.53305248
-0.02375939302 0.00131456507 23.78015348
-0.009768523172 -0.004400957741 20.42565942
-0.01298907486 -0.001951456114 20.93057665
-0.01879120008 -0.001240374654 22.82529574
-0.0215480409 -0.001912957495 18.90211236
0.00867701053 0.002677387389 7.611430702
0.02216235364 0.01233563947 2.089941032
-0.009440263381 0.02075908529 14.63055162
0.001951039299 0.01946763386 9.611388273
-0.01721331944 0.02398991167 17.69828314
-0.006239306274 0.009311607716 13.04944688
-0.009304603514 -0.00641839827 15.5149571
-0.01664776504 -0.01438196977 19.71643086
-0.04257313208 -0.01011846639 26.94050017
-0.008329168454 -0.0176456428 8.321446111
0 0 -1
0.002742749778 -0.02347801164 1.87491139
0.01703977829 -0.009279159835 -7.823454863
0.02031735628 -0.0008064607656 -10.04204672
-0.01251136444 -0.01154826754 12.20741588
0.007777817304 -0.008618413566 -2.015898728
0.02720361322 0.009035548489 -16.88925557
0.06605198463 0.04257793263 -47.96841868
0.07388950075 0.05502704178 -54.606647
0.05195118542 0.06433920631 -37.9628346
0.05707687677 0.09037233857 -42.61977949
0.1328528647 -0.00164648586 -89.49355284
0.1137916406 -0.003757076884 -72.65845997
0.06655744264 0.003557442708 -32.82140836
0.04928173357 0.01314627701 -18.16984473
0.01895643716 0.01122183742 9.471190144
0.008870175978 0.01355232064 18.29387006
0.01664962199 0.0409858975 9.713616361
-0.001994948405 0.06000678153 27.45817813
-0.05128022927 0.01117012453 78.47610673
-0.02503490783 0.02468368261 50.44279367
-0.004030697188 0.003020941604 30.33258077
0.02058416844 -0.001671617578 4.093349394
0.04879824676 0.007663115506 -26.56116038
0.07291773901 -0.002414154092 -53.06919034
0.1021558106 -0.01209475465 -84.67113188
0.02276850848 0.01532285151 4.453003187
-0.02180895859 0.01875754874 56.22301172
-0.04387434485 0.04594322162 80.85416385
-0.04991218429 0.1126493112 84.14249177
-0.08376395325 0.07847725114 126.9245455
0.04883767356 0.08845671111 -2.025771123
0.04381646676 0.08610481506 -1.582206113
-0.01110939839 0.09440277968 0.7547234118
-0.01028048306 0.1207602121 -1.306760599
0.02462116174 0.001598309156 16.17414525
0.008996201536 -0.003133598717 18.20342637
0.001404602705 -0.01012061214 19.28442406
0.006942527922 -0.008690237267 18.07344604
0.02301187201 -0.003142303293 15.13381176
0.02126319897 -0.00153930446 15.30364304
-0.02817616426 -0.00256978112 25.91558531
-0.03369246491 -0.01737059712 27.85876244
-0.02644975097 -0.01364152131 25.64361875
-0.01349942166 -0.01494151101 22.46178196
-0.009936915743 -0.02355549302 21.50152739
-0.02730869026 0.004812130828 25.55840139
-0.006423462208 -0.01200443826 13.84958414
0.01278662592 -0.005255804587 6.564703244
0.03724472614 0.007724549026 -3.775465625
0.003581577171 -0.002501700423 10.67256789
0.001142613659 -0.009851255088 12.10438501
0.002334986568 -0.00374873824 11.0346888
-0.0298093965 -6.264350872e-05 25.54976533
-0.0332733757 -0.01489526881 28.23810108
-0.02827807446 -0.002065228373 18.64896396
-0.02809959389 0.008736227321 17.79535574
-0.007005336968 0.004627675103 6.213809904
-0.007632362452 -0.005042537193 7.286446566
0.001839902995 0.004633618464 0.8272463413
0.0297917952 6.054298101e-05 -16.32701579
0.01131027031 0.003166257436 -4.084400704
-0.009543036617 0.008385649301 9.098327171
0.02952036388 0.007615666968 -18.35439917
0.0393324709 0.009585390917 -25.62443058
0.09601459351 0.03006920484 -69.01879103
0.08198853772 0.009451156425 -55.43549518
0.06885651723 0.04848696438 -48.70928975
0.0467524152 0.05763159237 -31.97575372
0.1175622549 -0.03763430229 -74.44590174
0.09272560162 -0.005603026843 -54.729774
0.0550598704 0.009122389132 -23.50954882
0.04615665382 -0.001064190278 -14.52655327
0.0139764119 -0.004086860332 14.7076284
0.01368892108 0.01482066036 13.75004777
0.004127580735 0.01579886115 22.99694412
-0.0001033979807 0.02342387347 27.23992712
-0.02527146577 0.02273776126 51.43619741
-0.03899244927 0.02628837333 65.70054282
-0.01309590647 0.003826502578 39.34220579
0.02728018943 0.009855069609 -3.915562852
0.05007348414 0.002591071378 -27.70115797
0.09112943027 0.01476823626 -74.03916703
0.08564356851 0.02650619703 -68.27109446
0.05032554539 0.04035555013 -28.74769829
0.04872321287 -0.002035153702 -24.32428618
0.09180423333 -0.1886022782 -59.94956625
0.03122898301 -0.2946830101 21.85252643
-0.01844555841 -0.3299679844 85.01851534
0.0256806802 0.0971737558 -1.88123068
0.01754296804 0.07297987674 1.04748365
0.00917518077 0.04333801997 3.998728914
0.0156988799 0.03069189469 5.13678325
0.0001583922219 -0.01459405278 20.01710584
-0.004740638485 -0.01985371138 21.09725713
0.007919336045 0.004392081848 16.84083522
0.01201657541 0.01268960109 15.01996987
0.01519139439 0.00469615479 15.50319989
-0.003185752417 -0.002999748128 20.20830482
-0.03259466923 -0.007242667634 26.64529852
-0.03524797479 -0.001540797839 26.51383659
-0.3124170028 -0.1146773093 109.8748726
-0.01388550839 -0.02268142638 22.80758161
0.02051440783 0.03520418474 -1.101172356
0.04590693676 -0.01658384077 -3.789341196
0.017005307 0.001125207319 4.292608058
0.03796879764 0.01093141748 -4.338762519
0.01187065235 0.005285760346 6.972870722
-0.01010483377 -0.01190388754 16.85240523
-0.01796969287 -0.02377645807 21.73824254
0.008696012898 -0.009461123601 8.118603837
-0.02326884216 -0.003823058212 22.65448853
-0.007426959709 0.003405768616 7.416645365
-0.02333025072 0.008787600362 15.23865916
-0.02084011227 0.004162609446 14.53034308
-0.01744362435 0.006266989546 12.17731517
-0.003130674608 0.00577921988 3.901900957
0.007278316905 0.009090844399 -2.586711386
0.02100130098 0.01327457972 -11.72908883
0.005075917993 0.01326994926 -1.056687423
-0.001356196544 0.01751308582 2.660148236
0.01487892062 0.02290437684 -9.507338843
0.07052053014 0.01724128193 -48.94351983
0.1046835623 0.0166625054 -73.38131458
0.0906929121 0.009711412057 -62.03399417
0.07332481024 0.01604851602 -49.59657892
0.06571346073 0.01661510314 -43.79810451
-0.1144850009 0.01062738813 113.1345666
0.05661748908 0.01055597374 -24.72254832
0.04362793555 0.00262672265 -12.6975645
0.0478456512 -0.01176264925 -15.05264833
0.04551563323 0.009227304293 -15.20617851
0.029363429 0.01529674859 -0.9041686618
-0.01157578624 -0.01802543492 41.80316332
-0.01196606292 0.001008390641 40.10935484
-0.01580193493 -0.0309489433 46.18406301
-0.0168512386 -0.02978185062 47.6958274
-0.02036057958 0.007779026396 47.48209308
0.008998805858 0.003765259799 16.67950194
0.04884289409 -0.001624787443 -26.12495728
0.1168080895 0.003950803985 -101.3720103
0.1238444936 0.02507585427 -110.939781
-0.001772120547 0.06556572789 28.74111754
-0.02304599971 0.4262885421 22.11307342
0.04486947056 0.02441388905 -14.76890334
0.00852971998 0.01102474156 31.56527091
-0.1402009901 -0.02930859411 219.784404
0.007413500532 0.05540314894 2.853796665
0.001915396318 0.0331939871 5.398768025
0.006307295768 0.007572647338 7.932997095
0.00572095893 -0.009693949313 10.64146663
-0.007354774511 -0.008137779227 20.07400132
-0.0008565905657 -0.005629532098 19.06339088
0.02156298373 0.01440787843 13.5847496
0.01167390525 0.03095373271 13.48516423
-0.004888173486 0.02765927614 16.56085353
0.001469968735 0.03134285495 14.95484511
-0.01675606939 0.02966430827 18.90502691
-0.04628669679 0.03184524551 25.67810054
-0.04059814305 0.00557532171 26.90467623
-0.01551720367 0.005071692947 13.35868309
0.01190199856 0.01673345446 3.913199801
0.04071711878 0.01816663645 -5.806071407
0.03308232661 0.01232543636 -2.632175107
0.03003255867 0.004556690556 -0.345737885
0.003423768755 -0.0006783234154 10.91543977
-0.02997525926 -0.01417642095 25.71393442
-0.04202365558 -0.03849672946 33.88545112
-0.002901820451 -0.005798853255 6.252960126
-0.007668548644 0.001134099193 7.8075837
-0.009162877531 -0.0005573409337 8.730004636
-0.007884339091 0.004927634465 7.488277822
-0.02351183166 0.0008883442658 16.47831246
-0.02030780072 0.005000510416 13.88259579
0.004458651227 0.002019059893 -0.1734598255
0.007847895419 0.0008537526605 -2.141224849
0.02377827378 0.0146011829 -13.90111418
0.01379776512 0.0140283906 -7.042537398
0.003052085412 0.02648509364 -1.328127208
0.0325658991 0.03146168286 -22.79961711
0.07282761964 0.04415428177 -53.02715876
0 0 -1
0.07815029809 0.0137176007 -52.78273923
0.0579140155 0.004351427265 -36.49758608
0.06894609555 0.006918848781 -45.78581208
-0.02961912739 -0.006040012137 44.75920722
0.03887359547 -0.05892432854 -2.032473867
0.04794026019 -0.04500130409 -11.39265909
0.06448195965 -0.02946061473 -27.80363772
0.02400767079 -0.01953646951 7.755655244
-0.01098896755 -0.04319555572 43.38655435
-0.02240162795 -0.05820935476 56.43541432
0.00289779889 -0.05764633744 31.88798909
-0.01380808789 -0.03775502738 45.38884642
-0.01397176434 -0.03175400862 43.93081947
-0.001329597275 -0.05548011643 33.81995075
0.02878540758 -0.01763461186 -2.641710023
0.06166511453 -0.01083945578 -39.18418952
0.1119413797 -0.0005944761746 -95.61438052
0.3242309447 0.02732385826 -336.3128576
0.1180216992 0.001852547891 -96.0319946
0.05212117618 0.04767630135 -25.88977645
0.06068474896 0.04225897671 -37.31827824
0.04649701342 0.008137838135 -14.85412865
0.06263923153 0.02061307426 -35.88145077
-0.07520165882 -0.01961431648 39.20178607
-0.07872082056 -0.00585786889 37.35457288
-0.05374643501 -0.01042403027 36.05582091
-0.03656331062 -0.01296742673 35.63892847
-0.06239192038 -0.004491592767 36.83834887
-0.07324508886 -0.01137365441 39.19990212
-0.07770957579 -0.008962702038 39.42592121
-0.06837479439 0.007798302361 35.25427475
-0.001423194388 0.0867298045 8.697119627
-0.003098968291 0.08437539785 8.973550261
-0.04604066669 0.07971302243 19.00997732
-0.05131220917 0.06357846908 22.58149791
-0.06273350629 0.03317268145 30.22942259
-0.004222254829 0.0119990654 9.403497541
0.0206925983 0.01394880045 1.633665175
0.01504269554 0.01667814491 3.212558468
0.02195322533 0.01574985496 0.9003329907
0.03623338517 0.004204502237 -2.674614858
-0.01149548688 -0.009180546231 18.04657826
-0.03614997451 -0.01018180188 27.82072451
-0.03862790796 -0.009553361263 28.79649817
0.001080639643 0.008451807583 2.418372571
-0.00835718328 -0.003532242136 8.550717524
-0.01124506376 0.009946471827 8.233513595
-0.006002096302 0.002180351836 6.654631926
-0.02455523194 -0.009783193966 18.48667671
-0.02204313096 -0.005805196242 16.4710054
0.004527507105 0.009190508264 -1.247219948
0.01615418918 0.01176556214 -8.696451433
0.03384984906 0.0699235898 -27.8739963
0.01049504726 0.06696636634 -12.09143944
0.02108492687 0.03718946202 -15.36158822
0.03987917038 0.03959578584 -29.02412814
0.06395747155 0.03737170996 -46.02894498
0 0 -1
0.07223062818 0.03857274744 -51.66337999
0.03743825477 0.03909922319 -25.05083766
0.03696342217 0.004701815469 -19.95040258
0.002223864153 -0.02478854606 20.18786522
0.08250656889 -0.01707095542 -49.16218318
0.1196890145 -0.08988844616 -69.22807773
0.08898508548 -0.05694148255 -46.03117634
0.0372126971 -0.02353926306 -3.961466572
-3.803154067e-05 0.008316315877 26.00235606
-0.01788250954 -0.02218064131 46.2299707
0.003539647269 -0.01647392449 25.05231411
-0.06386003013 -0.03585604729 95.15423159
-0.0291348193 -0.03225308222 59.09423918
0.01460583591 -0.03920707988 15.16949584
0.03822057726 -0.0003566982153 -15.08052026
0.06856271387 -0.01062969122 -46.66075005
0.1708180832 -0.005312398576 -160.3503592
0.2728308537 0.0438377522 -279.9336378
0.04664925079 -0.00129238052 -10.12093948
0.05177120505 0.02402624369 -21.81491676
0.03379762612 0.03866818405 -3.293098782
0.04604597479 0.06073069872 -21.64193541
0.0917410026 0.04826534262 -75.56007962
-0.06178107827 -0.02233559822 39.46004531
-0.06528662598 -0.008698106394 37.41526291
-0.06190845981 0.01176155975 33.30671991
-0.03978874934 -0.01870865924 37.2246711
-0.2717627298 0.09127283966 41.37063078
-0.05166470294 0.007556585944 33.3945058
-0.0681763021 -0.008413249123 37.97534798
-0.08972910909 -0.007472710192 41.04981789
-0.05334049583 0.04027288524 26.70455026
-0.01267107722 0.07289839158 14.0002009
-0.05893211042 0.02515036636 31.3153757
-0.06916657984 0.04456250729 30.6096851
-0.09040324079 0.01378913997 41.24722794
-0.3269353099 -0.08134251018 121.4239234
-0.003790888265 0.00573588947 10.41517712
0.02369508454 0.007907586528 1.067304132
0.02079666537 0.0156884583 1.29268766
0.02157779756 0.01239976431 1.641839017
-0.01609828842 0.007250002402 17.10979006
-0.01399397309 0.02470403004 13.34139541
-0.01428945786 0.0314885145 12.46693712
-0.02232489679 0.05086425609 7.068181965
-0.02381528408 0.06568161178 5.654555651
-0.01945323074 0.045813068 6.833356054
-0.0295027315 0.02517622174 15.39684737
-0.01417411342 0.01402593817 8.847390405
-0.005793112168 0.004704621996 5.428967175
0.01589920815 0.02413526472 -10.54209515
0.0541900218 0.03349989181 -35.20437118
0.07086774943 0.08705990466 -52.9142816
0.03230051546 0.1139603734 -32.73104763
-0.002860241004 0.08003517287 -5.324618312
0.02806730548 0.06393235981 -24.3307841
0.06582165532 0.06573443824 -51.7537573
0.08333357871 0.05606818863 -62.84311317
0.07049351841 0.0531537017 -51.75530078
0.0227413326 0.01127767184 -9.57428267
0.01181988167 -0.005691232978 1.66520149
0.03877024565 -0.009112246383 -12.39069444
0.1180404069 -0.03225303026 -77.81282988
0.1568639959 -0.05748273094 -106.2511064
0.1292389253 -0.05940673545 -81.70295813
0.06620776105 -0.03049134278 -29.82796758
0.008744508763 0.01131046805 17.0320116
-0.01097446204 0.003813069595 35.80554853
-0.02602171278 -0.0007699010232 52.36569063
-0.08927658313 0.006022537886 113.4926841
-0.04325006918 -0.01226758793 70.26606862
0.04180827792 -0.009861593413 -17.52672793
0.03372034179 0.4745790624 -82.8700049
0.04470021526 0.02802103493 -18.59680756
0.04426110718 0.01885092662 -16.77027927
0.1257949684 0.006623980141 -106.3309392
0.1211740663 -0.002179424192 -98.7918097
0.08500459032 -0.002912340917 -56.97775032
0.05333242537 0.02611023259 -24.09928782
0.05702004025 0.06939526491 -35.73931025
0.09173408745 0.07251298132 -78.61651106
-0.05954136387 -0.0212760619 39.16033701
-0.06232648166 -0.01139108263 37.37144448
-0.07205443201 0.006262106942 34.73843035
-0.06649128515 0.009846470719 33.78777345
-0.06048134481 -0.003383867236 36.04107357
-0.05972023706 -0.01159634826 36.97457572
-0.06205285789 -0.02221956163 39.18873941
-0.07058529587 0.004054978164 35.90269279
-0.04671626162 0.01612469857 29.99308972
-0.05035036796 0.0314871932 28.19003387
-0.06524243386 0.01013753631 34.90058652
-0.07693135989 0.00876451956 38.23769899
-0.1263892038 0.0005724485644 53.00704254
-0.006414133714 0.01518251761 9.614247811
0.01087070024 0.01242846936 4.990106489
0.02047595494 0.01103516914 2.181633655
0.01997488827 0.00632928991 3.350482385
0.01621113175 0.00510284407 4.910463744
-0.004865474861 0.009825223217 12.26255644
-0.007117533058 0.01920038873 11.45996206
-0.04726940778 0.04172791169 25.11009223
-0.08348401618 0.1227623751 25.35327691
-0.04590945645 0.0994762352 11.20387011
-0.0367660704 0.05490531372 14.28705249
-0.04805210647 0.1375975641 6.033964525
-0.03544745815 0.04632218012 15.00748002
0.0009593167518 0.04642630246 -5.453557791
0.02270388041 0.1732607123 -41.20946641
0.0711793268 0.05603546957 -49.42776351
0.1235202532 0.08142336714 -85.8888031
0.1527556368 0.1328623498 -113.948419
0.1855987375 0.1415728945 -137.7349273
0.0120433623 0.0536188048 -11.23197126
0.05914592873 0.06241905355 -26.51387943
0.08700058347 0.08261018337 -69.08028165
-0.1433946011 0.0109285778 135.2479829
0.04458453687 0.1243662818 -44.51202085
0.09215546988 0.02868364235 -63.35274406
0.1157663873 0.009866377525 -78.57527628
0.1313069909 0.05601177596 -110.0355483
0.1544365935 -0.02278337628 -110.3013726
0.1209340789 -0.02684570746 -79.45720195
0.06349368671 -0.01930036408 -29.19755227
0.02333592042 0.01010880592 2.552094146
0.01255691577 0.03772030786 7.779945918
-0.008472351391 0.03017290371 30.02469912
-0.09649666868 -0.02039709672 124.7224505
0.05706819689 0.01195687758 -37.18638386
0.06202207264 0.01131929827 -42.01506747
0.07596917115 0.06997816666 -59.5782604
0.03343764315 0.06586664194 -12.99255269
0.01836187376 0.03513814157 9.1099054
0.08541494154 -0.004739630925 -58.62748124
0.10256513 -0.01966015487 -75.0795573
0.1111397216 -0.01639327572 -85.61123428
0.08807275598 0.01798095729 -64.34244903
0.07291474264 0.05760130956 -53.33719641
0.07730784506 0.0696739214 -60.69537502
-0.04537848776 -0.01220440569 37.16651604
-0.03693220378 -0.008181674752 36.1982637
-0.05667737274 0.0001675427228 34.91441097
-0.06427994049 0.004455984349 34.74790498
-0.05402673727 0.003462321936 34.17199412
-0.09140953044 0.0001900798385 38.88132904
-0.05400602106 0.01134164936 31.37962326
-0.03696425406 -0.002219294119 31.77398769
-0.0456822691 0.005647447573 31.70234175
-0.0582371344 0.002769327751 34.96931225
-0.07697013737 0.01062341832 37.42085517
-0.06805046556 0.005231122901 36.3278481
-0.07335413233 0.0101746205 37.07292187
-0.05070401984 -0.007359617644 27.94219856
-0.000845043161 0.02131116155 6.973717913
0.01337265473 0.008967743072 4.844530636
0.0268448724 0.01255049879 -0.3538929641
0.008552183011 0.006349210071 7.544458768
0.008197327285 0.01806848492 5.315646576
0.007746744447 0.03840813046 1.307879687
-0.01708830556 0.08911486674 2.23856497
0.002593070686 0.005703442252 16.70789604
0.008634249086 0.03478112168 7.954633858
-0.001642843592 0.02800451989 14.37363674
-0.3818281417 0.1294883838 190.7038856
-0.04028225617 0.3107128395 -32.83983911
0.006590409724 0.3255446449 -61.81673138
0.0097840699 0.320067104 -62.47165471
0.0290818739 0.2944988563 -69.15579834
0.02672174121 0.2989569093 -68.47900567
0.1784248032 0.09516835497 -123.8214451
0.26496948 0.07325981303 -177.6735329
0.2362277629 0.02210049709 -145.5767016
0.1366799577 0.05475884635 -81.03597124
0.07910966491 0.05079791114 -38.60267726
0.06104946597 0.02302456761 -19.32126918
0.04801860949 -0.02232864616 -0.5402439775
0.7521769655 -0.03088090297 -560.4123441
0.196538782 0.03817197201 -118.001282
0.1378139234 0.05077577482 -71.12780068
-0.2140897256 0.0733992942 227.9107013
0.4783731837 -0.04096756906 -365.7502517
-0.00434369495 -0.4400881091 146.3794548
0.1616626572 -0.01981877997 -94.40547851
0.1602340363 -0.02757753242 -91.03440677
0.09103586623 -0.008425986905 -56.10320024
0.09048279206 -0.002483170918 -56.77178987
0.08287750238 0.008996247589 -51.37509136
0.04750502656 0.0745789508 -28.42296978
0.04747369918 0.1433322034 -43.21119106
0.01304659753 0.09967787599 3.544501756
0.009029649939 0.0672248139 13.49791079
0.06104938212 0.008276466651 -33.60128462
0.08643934468 0.01303713029 -63.13594702
0.107161532 0.0004486684573 -83.93557852
0.1092681621 0.05627007063 -98.10132836
0.1189273527 0.03177270583 -104.2025184
0.1077269782 0.06047215572 -96.33901091
-0.04239588158 -0.006676967181 35.87416051
-0.04597657911 -0.001860560267 34.89043238
-0.05074279539 0.01436558789 31.6564591
-0.07037045218 -0.001140804003 36.09884836
-0.04015392565 0.008145758992 31.44211441
-0.06206218406 0.009580574282 33.83407271
-0.07878819249 0.01611552081 33.46616902
-0.04015084059 0.0119214139 28.85919079
-0.05331458797 0.0008061842845 33.98753228
-0.05345675399 0.003522526469 33.63446665
-0.07089989118 0.01097819053 35.55909065
-0.06376356449 0.01110735757 33.61122222
-0.09161847349 0.02114956752 39.25162235
-0.07238396436 0.3052043 -31.8088382
0.01131608918 0.3278782379 -62.48526418
0.00354812909 0.3021427311 -53.95218298
0.002046647548 0.2684732554 -45.19627669
0.004217685577 0.3049776041 -54.56916621
-0.003037745837 0.2543331137 -40.51994644
0.01959328131 0.2241031862 -43.30252483
0.05811859682 0.1812556836 -50.54737073
0.04946721327 0.02315696786 -9.178593442
0.01098048886 0.005052102843 13.18074713
-0.02018517324 0.04123550684 20.54624547
-0.05099745431 0.197722784 -0.5343199753
-0.0283733314 0.3007334037 -36.77223508
-0.01778744706 0.3037927801 -43.08461147
0.002389242525 0.3238950944 -59.06395317
0.004537698909 0.3085219328 -56.79808144
0.03390819423 0.3013922945 -73.52330079
0.07507761443 0.2750462563 -94.58470582
0.2108266021 0.1433733342 -156.6935373
0.2348235647 0.03525693583 -147.6433701
0.1294945833 0.03577895347 -71.72432319
0.1264370829 0.04321255516 -71.83336881
0.2707997232 0.1869283298 -212.7029414
0.2442938697 0.07317657716 -164.2109477
0.1960000223 0.0442156805 -118.9986069
0.186312412 0.05306490477 -112.4501203
0.1473213972 0.05001326051 -78.48594193
0.02007623823 0.08487164448 22.62474497
0.03618611101 0.03978603992 19.29115853
0.1040300024 -0.03262924834 -37.70042363
0.1609250575 -0.01197014772 -95.79336782
0.1389528463 0.07323499429 -92.33176405
0.09984799964 0.02443530123 -43.58836489
0.09452957837 -0.004584545997 -60.37223552
0.09486851114 0.00164982012 -62.12468173
0.09048402016 0.04276725158 -66.72982199
0.04667609407 0.09689641062 -32.23862195
-0.008226496603 0.07527171695 31.70625561
-0.01558074543 0.03727554053 47.763323
0.03307162014 0.0174591361 -2.997414419
0.05094435684 0.005753487178 -20.71834015
0.04433488077 0.6201115923 -51.47882544
0.03741800251 0.6912400533 -58.96737914
0.2012357756 -0.06973472184 -68.18130629
-0.06857699461 2.864982202 -416.5125471
-0.03585279526 0.009477860912 31.87307914
-0.03335055362 0.007989269342 32.20305892
-0.04304383712 0.01673893494 30.29230532
-0.04481356383 0.01958135012 28.97595054
-0.03438584694 0.0179501158 28.67234698
-0.05556508245 0.03827917589 26.02546003
-0.05635345091 0.06451151524 19.21727241
-0.06719210832 0.05850373902 22.06611161
-0.05424774677 0.03000403279 27.04592433
-0.05124229907 0.01042983876 31.52523309
-0.03589817594 0.05283569744 17.71918322
-0.02823178342 0.07402031744 10.25639851
-0.01249735857 0.2590253345 -39.3942157
-0.001448715719 0.281540379 -47.91054131
-0.0120378721 0.263204589 -39.57170229
-0.004134163184 0.2802608926 -45.94819107
-0.008478982189 0.2730340298 -42.77501955
-0.004078969891 0.274461762 -44.90755898
-0.005876778133 0.2714576856 -43.53559014
0.003295986849 0.2785112756 -49.3193794
0.0138584897 0.271151558 -52.2087508
0.01813497289 0.3140561826 -64.56546914
0.01366911984 0.319040241 -63.64433322
0.01132470383 0.3333727741 -66.23563259
0.01246563429 0.3244272985 -64.38385402
0.01458900383 0.3126939657 -62.83946061
0.01612273773 0.3450670041 -72.02799016
0.007088069653 0.3339099998 -63.81325404
0.01126347991 0.3239003064 -63.98816011
0.004173879705 0.3209004691 -58.81204988
0.008019409993 0.3220778858 -61.62919905
0.05425915255 0.2705901827 -80.11052611
0.226086161 0.02706369586 -139.2445522
0.1774694853 0.007322089901 -100.3008224
0.08609347492 0.007066094574 -33.74737169
0.2384764894 0.03791647494 -150.9221515
0.2576589766 0.0434935829 -166.5595772
0.2117962545 0.06432058734 -135.4288461
0.1786968764 0.05132925476 -106.21614
0.1512396197 0.05055244379 -81.81552801
0.03905699425 0.05885569069 11.86108128
0.02804623027 0.03368004769 28.09539737
0.02951386388 0.01913129423 30.21073293
-0.01830442438 0.0261967913 72.69071852
0.01434419823 0.08502592875 26.48456727
0.03970291057 0.08035228666 3.071261458
0.03386561648 0.063010982 12.85663765
0.03290538676 0.07401545926 11.14962078
0.03290538676 0.07401545926 11.14962078
0.1905427427 -0.01373334914 -82.60775068
0.1833867193 -0.0867231148 -56.20500578
0.1780222738 -0.08838993086 -49.26546852
0.1708678424 -0.07393112267 -45.31333725
0.0342899079 -0.1989798203 137.2982391
0.1975401296 0.1100657295 -111.1305656
0.2433414291 0.01776533425 -142.3887807
0.2531164574 -0.06317178292 -132.9724654
0.1855617029 -0.06578533142 -49.98340622
-0.04491302631 0.04103651373 23.67699249
-0.04184967538 0.03255593123 25.79929331
-0.0405500676 0.04341533653 23.15261386
-0.04663959733 0.05285502006 20.43642706
-0.04214367214 0.0375138789 23.97504633
-0.03374866395 0.06909941007 14.8403031
-0.05140127357 0.1235886743 2.857604787
-0.03710415422 0.1253211576 -0.3258938277
0.002857368237 0.270029751 -45.98005853
-0.009764864991 0.2809394392 -46.38108345
-0.01826965007 0.2877354131 -46.49284305
0.01388796413 0.2754955505 -50.46992834
0.00739794768 0.2984850646 -54.87299999
0.006639442686 0.2812173975 -50.18122313
0.003205603885 0.2648117127 -44.6819971
-0.001659371962 0.2617881507 -42.41493867
-0.01299374273 0.2669257847 -39.8332167
-0.002034948284 0.2787256487 -46.99268719
0.004131459161 0.30363691 -56.15924903
0.01304887232 0.314741187 -62.73979366
0.01256014163 0.3290297313 -66.05259589
0.01807623585 0.3236203945 -67.09889672
0.02057249052 0.325726085 -68.5493567
0.0102619608 0.3316758897 -65.11648674
0.009109376072 0.3249364934 -62.8356238
0.01071653512 0.3323417439 -65.63965496
0.007036839987 0.3288254321 -62.3960646
-0.0005667131917 0.3347949783 -59.56673208
0.005070823652 0.3342370875 -62.95922644
0.005659760335 0.3262540336 -61.09920597
0.002585444913 0.324223837 -58.61880556
0.01423862281 0.3159111731 -64.24865998
0.04481104236 0.26835216 -72.71154232
0.01779598672 0.2842368159 -57.87523739
0 0 -1
0.2397118283 -0.009163186884 -139.6098645
0.2683753529 -0.01444929802 -160.2443143
0.2161176356 0.004587671565 -123.2886545
0.1839925881 0.05853840502 -111.440331
0.1264135974 0.0505439218 -60.50497989
0.03801595538 0.04012901491 18.17468854
0.02718208518 0.001455275106 37.57848093
0.009483707351 0.01400280128 50.03256144
-0.00367225513 0.02414850869 59.36715534
0.02717662679 0.04561210286 24.19705984
0.03491090957 0.07057565739 10.13747247
0.03215339931 0.07428700396 11.87227614
0.09880494644 0.02849615236 1.974505195
0.1450813608 -0.01016512471 -35.26002362
0.1599699701 -0.08398098307 -31.41697607
0.1643340359 -0.1330912584 -23.67805296
-0.08342765093 0.2580625987 147.7205921
-0.08510221896 0.2621268604 148.5003087
0.2067988395 0.07761911094 -113.6281545
0.203437842 0.08423541733 -111.3233281
0.2006515092 0.07561559035 -105.7896416
0.1899722804 -0.00593861585 -71.20143332
0.1123307795 -0.06101329223 38.37344038
-0.04044644399 0.08239228367 12.00688779
-0.04161785335 0.07862375365 12.8473641
-0.02641967574 0.08436100945 10.75149442
-0.05757355491 0.11459458 4.401229962
0.002263364308 0.3059315927 -55.96044889
0.002302841771 0.2950313438 -52.60514191
0.009109122302 0.309653548 -57.40570729
0.004014943446 0.2896985517 -51.8884271
0.005837897006 0.2974029417 -54.16909049
-0.01861768504 0.2769470702 -43.05582692
-0.002725874942 0.28922379 -50.10504099
0.007210665862 0.2879572069 -51.95582514
-0.0003988843525 0.2736552256 -46.12136637
-0.001560249956 0.274337987 -45.86276827
-0.000934922367 0.2776826908 -47.0679461
0.0005114272352 0.281910836 -48.89974841
0.01010559024 0.3058013962 -59.15704817
0.01756582755 0.3127767823 -63.73171616
0.01776613566 0.3266714693 -67.75624795
0.02418748317 0.3313363538 -71.7600082
0.01784387077 0.3445947009 -72.7714571
0.01988518549 0.335706907 -71.15059809
0.01903446431 0.338823804 -71.5436901
0.01682212856 0.335871456 -69.70150717
0.01524776343 0.329955469 -67.18156374
0.009399510624 0.3296431029 -64.06964624
0.007990683133 0.3237473254 -61.49952379
0.0008066729633 0.3245739194 -57.58162363
0.005223528657 0.3304281117 -61.88985008
0.00232516749 0.3312656876 -60.31465343
0.004307852636 0.332787659 -62.17954413
0.00630384753 0.3242180765 -60.91134468
0.009313113433 0.3115524817 -59.55849584
0.01869468684 0.302006908 -63.62124568
0.03985168745 0.2866654782 -74.69491675
0 0 -1
0.2300877596 -0.04116434865 -123.4060286
0.2775122901 -0.04355322835 -159.7857427
0.2263238019 0.003464283341 -131.2769089
0.09006691679 0.0220936258 -21.4926943
0.04684987372 -0.002719333589 22.32251961
0.03549540576 -0.0008533087021 31.20586911
0.005619245333 0.02962498237 49.39353526
-0.005290078556 0.03145742027 58.86176369
0.01410432048 0.03387457427 39.76730224
-0.01854625109 0.03085279715 119.9090194
0.02215769383 0.03006077384 79.0088746
0.07768223988 0.00475840693 30.47112973
-0.692337672 -0.07944905725 853.6378625
0.1942918758 0.2696921246 -179.9866404
0.2398209993 0.2755761228 -231.3875327
0.04214228569 0.3716876695 -41.87486487
0.04214228569 0.3716876695 -41.87486487
0.240854279 0.05657910446 -147.2556988
0.2075642044 0.09444638763 -119.2657519
0.1561795684 0.04462965335 -43.7445107
0.08610536176 -0.01472455205 57.6477081
0.03603314941 -0.0469020677 128.4245726
-0.08638299961 0.318367833 -59.09326259
-0.08239659658 0.1420216284 -4.684938117
-0.007905189072 0.4107917581 -87.68099602
-0.001296837497 0.3367264001 -65.21742145
0.0121308257 0.3358811273 -66.07831235
-0.002226290205 0.273812418 -44.97533494
0.02109488475 0.2517223537 -42.05761042
0.008717641969 0.2852892144 -50.63163971
0.006806015256 0.2822234914 -49.7473151
-0.003249889659 0.2777530525 -46.32377335
-0.0008430563228 0.2776739127 -46.98934846
-0.007221615217 0.2679054633 -42.50647834
0.006275214145 0.2809831409 -50.23720292
0.008585266727 0.2875205324 -53.08588298
0.02669891175 0.3183814592 -68.30014527
0.01942929353 0.3246137095 -67.8983762
0.02072718883 0.3380647628 -72.36065631
0.02094301498 0.3364332498 -72.00387617
0.02574399792 0.3306456007 -71.87732269
0.02123452642 0.3411927594 -73.34244948
0.01941348173 0.3343391585 -70.33989098
0.01410288509 0.3350602501 -68.15812608
0.01401427486 0.3331433306 -67.48186578
0.007685511102 0.3245407534 -61.56178914
0.009900480317 0.330660956 -64.65932152
0.007977981271 0.3285981352 -62.99562031
0.005760058749 0.3244462736 -60.45706701
0.003874326237 0.3249376593 -59.4739212
0.006880458601 0.3284432373 -62.50339079
0.0068796412 0.3264345957 -61.78202806
-0.0001747964232 0.3305952219 -58.51722423
-0.0008223048486 0.3286595933 -57.5267024
-0.003381873562 0.3242708106 -54.35695444
0.003820949741 0.3178439198 -57.57006554
0.01396706165 0.3089633797 -62.19221127
0.03106770454 0.292404237 -69.8361718
0.0559438517 0.2474036694 -75.09876021
0.3263988491 -0.05008680309 -197.7593026
0.2571283519 -0.005492593537 -154.3992174
0.07638814443 -0.03874731232 7.806191011
0.05813154272 -0.03208468649 20.97195408
0.0664801891 -0.03234356877 12.90293746
0.3381509942 0.1818838241 -286.5526102
-0.1950516012 0.09663491109 233.4938868
-0.01473102581 -0.01548845839 130.5249077
-0.01262677052 0.00345680821 122.5375674
0.01966962053 0.01491881579 86.44958723
0.05512591164 0.03249758906 45.07688477
0.1058348207 0.02286561946 -4.97265806
0.1777396403 0.2368922212 -152.7181871
0.1945084785 0.2149865263 -163.9030939
0.1453363025 0.1176436341 -79.09568568
0.2667828487 0.07681375336 -183.3635118
0.2472605585 0.07173286332 -159.3290117
0.1716374625 0.07046302188 -70.07761378
0.07812123501 0.0024820406 62.48425409
0.04171949297 -0.00391760047 108.3645129
0.1262645978 0.1043926571 -28.320391
0.005940171039 0.3454631444 -68.41577174
0.01063547533 0.3263258771 -61.81026845
-0.0137364082 0.3344094019 -63.31713364
-0.01714022424 0.3231416228 -59.55712682
-0.02015846884 0.2995649956 -51.59710218
-0.01758126251 0.2777559881 -44.21673633
-0.009146563612 0.274590209 -44.29543192
-0.005815584878 0.2634969914 -41.17102142
-0.00241077595 0.2702974285 -44.02548618
-0.003308922243 0.2768214976 -46.13630121
0.00158302007 0.2854025269 -50.20503809
0.01081583684 0.3014854204 -58.04975649
0.02214094594 0.3239739647 -68.54408496
0.02202445308 0.3328639889 -71.4644765
0.03091961089 0.3391179489 -76.02248621
0.02893781912 0.3365913011 -74.65375111
0.02391922909 0.3402738976 -74.08533162
0.0196756162 0.3361038866 -71.12629181
0.01958875739 0.3327698364 -70.09858321
0.02610208158 0.3332967678 -72.90508508
0.01793590723 0.3413946878 -72.06936975
0.01267427914 0.3342026995 -67.16757462
0.01278852169 0.3263310488 -64.66394156
0.01006506591 0.3301317266 -64.59752043
0.007402514159 0.3262620001 -61.93124112
0.005964592998 0.328243076 -61.74754306
0.006847745137 0.3276777897 -62.07321717
0.003384254464 0.3288421322 -60.41761962
0.002883728512 0.3302865857 -60.59754775
0.00218349011 0.3201332754 -56.78247383
0.005638238951 0.3242277428 -60.29837063
-0.002915246782 0.3284046417 -55.95930318
-0.003720816525 0.3298835638 -55.896105
0.002271193129 0.3280245447 -59.57529435
0.002653589128 0.3254853089 -59.11160826
0.01931780587 0.3074429333 -65.669311
0.03255063285 0.2899970826 -70.17562007
0.07931912277 0.2592447959 -97.69054776
0.2545217518 0.03615136277 -166.0507433
0.0498682026 -0.08814289016 45.54090874
0.009187981509 0.1605984225 -5.111475046
0.2171209542 -0.01980018088 -126.4476819
0.3724196384 0.1560005945 -309.5654334
0.345349564 0.1939388882 -297.0655812
0.2409657038 -0.07767409059 -103.5036559
0.1767586818 -0.1196776111 -26.12665419
0.09598697881 -0.04374411914 28.97108045
0.06964606089 0.0009648435095 40.07959242
0.237755271 0.3479089829 -241.4113085
0.2176092337 0.3152865199 -210.1859786
0.2311292428 0.1196165889 -158.1221431
0.2324884327 0.2358050111 -199.8732024
0.2590945635 0.124196262 -190.6003372
0.2321561798 0.1031560441 -152.289417
0.160420151 0.07378380624 -58.08908477
0.09131163409 0.03928459084 34.35219567
0.0359304527 0.01057623103 110.2183455
0.1437673253 -0.2043388164 39.75580113
-0.007304903358 0.3440574372 -67.68281362
-0.007140038593 0.3102998717 -55.5725418
-0.03638377577 0.2587008878 -35.47014336
-0.03007600116 0.2561773872 -35.94518339
-0.03047218671 0.238929797 -29.63630687
-0.01866687943 0.26321782 -39.09877082
-0.01029941087 0.2614229802 -39.59958677
-0.009592623976 0.2665479537 -41.52795708
-0.004643077244 0.2564039109 -38.84883989
0.006419935435 0.2697642994 -45.87496276
0.0235802704 0.3119159747 -64.50488373
0.02374977422 0.3174239918 -66.55834703
0.02466648068 0.3297946969 -71.02185904
0.03153729029 0.3457105301 -78.47806341
0.02218226828 0.3426471123 -74.48161681
0.02379088915 0.3355532872 -72.51809537
0.01656884443 0.3410419422 -71.82986305
0.02285994549 0.3338204169 -71.59891785
0.02248830842 0.3334323236 -71.35452103
0.02417993597 0.3336453803 -72.05551786
0.02142465248 0.3344446509 -71.18727823
0.01045974176 0.3332625249 -65.83177686
0.01014883814 0.324818647 -62.70904065
0.0103684373 0.3314017458 -65.20467245
0.006375781001 0.3246093787 -60.71096568
0.01421161532 0.3312390565 -67.32903754
0.004170303854 0.3279360894 -60.55659461
0.001099169638 0.3255260545 -57.88564965
-0.001329600175 0.3187663891 -53.97581737
8.67648706e-06 0.3114533091 -52.19705834
0.002453765694 0.3119967349 -53.95693716
0.002674429103 0.32352288 -58.18405104
0.0009896204291 0.3225354787 -56.60152204
-0.0003263728837 0.3288027116 -57.94750808
0.0003057100556 0.3274749285 -57.92449212
0.001711097216 0.3199561323 -56.42688126
0.0190994743 0.2975033033 -61.93983112
0.03218005972 0.2881393134 -69.12034961
0.03065556017 0.2790292455 -64.62055431
0.01822414972 0.2506826241 -44.03205525
0.01921358642 0.2539686799 -46.18949956
0 0 -1
0.3231321588 0.05028062552 -228.4095798
0.334397796 -0.03848833584 -207.0921321
0.2878403867 -0.05135781507 -157.7458075
0.1976007896 -0.05616613339 -68.86189478
0.1360418653 -0.03794749403 -13.45785654
0.08621898626 -0.01896720992 30.20246146
0.6844986073 0.2002246702 -664.6107216
0.225088249 0.1304588835 -154.3477173
0.2336532986 0.237032339 -201.2865932
0.2527349992 0.1946824663 -207.3546943
0.2456086065 0.1791231177 -194.2933702
0.2293481864 0.1493058424 -164.9728851
0.1290969119 0.1301667007 -41.19726239
0.06438449032 0.1074785551 42.6970222
0.02452034092 0.1079041558 90.3845333
-0.07244144963 0.09276537968 214.3296013
-0.04749942808 0.3408038561 -66.07693535
-0.05887684937 0.2715421594 -40.16347226
-0.06603817051 0.1754090457 -4.495161732
-0.04217044047 0.2049683756 -16.67733736
-0.008229216797 0.2187621035 -24.59955402
-0.004128531593 0.2201354544 -25.49615094
-0.009413132303 0.2473064743 -34.66291353
-0.01161850666 0.2327977698 -29.19955152
0.01358618904 0.2365806009 -35.05830953
0.023623639 0.2876125811 -55.72098865
0.03240073173 0.3109278568 -66.0450608
0.0293255313 0.326089693 -70.86753748
0.02718791653 0.3401526762 -75.36496575
0.02973946004 0.3285029515 -71.84116325
0.02255538137 0.3244128689 -68.0599605
0.02237902863 0.3104653645 -63.05650747
0.01731289012 0.3119852698 -61.72031521
0.02135869937 0.3137127258 -63.84531176
0.0280176372 0.3166686143 -67.57778838
0.0267812591 0.3194014511 -68.0297016
0.01695864215 0.3216383585 -64.59236444
0.008661731836 0.3198192198 -60.21091033
0.002396230349 0.3086555644 -53.04889151
0.008437049059 0.3178243298 -59.33200447
0.0040614019 0.3135771532 -55.45927803
0.002794232575 0.309635233 -53.31029112
-0.0009775016759 0.2974467691 -46.69339582
-0.002957164076 0.2873730925 -41.86542673
0.0001965359047 0.2878803218 -43.89392275
0.03196076249 0.2492929803 -49.40121416
0.01467301843 0.2708561505 -47.23605693
0.01027035532 0.3012724256 -55.33424556
0.004554853372 0.2995707532 -50.89016723
-0.0007389599639 0.3055901474 -49.33736252
0.001146086966 0.307961086 -51.56159536
0.0003923765608 0.3034109588 -49.43360406
0.007115368265 0.2822465146 -46.97893634
0.02138818846 0.2709619534 -54.28764182
0.02810070011 0.2647909159 -57.39365445
0.01674598827 0.2699696402 -49.62219101
0.01071268319 0.2368092315 -32.36849054
0.01721055998 0.2410172451 -39.71635765
0.3273646285 -0.01462654684 -209.1516437
0.3139481167 -0.02612760247 -192.4462045
0.2691616779 -0.009740680557 -155.4283065
0.1883867324 -0.04370590326 -64.27694818
0.1864102257 -0.04531577883 -61.85748104
0.1357227382 -0.007873310894 -24.3822058
0.104080795 -0.009201068856 8.7142548
0.08405316901 0.002617490159 25.4085287
0.07687731358 0.002100329647 33.29703054
0.07687731358 0.002100329646 33.29703054
0.2373399091 0.1862628551 -187.2698033
0.2187220991 0.2277927861 -180.5994227
0.1445237567 0.2604093363 -106.3994717
0.07586131522 0.2848292901 -33.70962413
0.01829137898 0.2275566718 56.06040774
-0.06461738358 0.1726863259 176.3768275
