0.00176248902 0.01237399298 6.762957454
0.002761267533 0.01615689409 6.754390774
0.005337480377 0.01233339854 6.485794115
0.01016482925 0.008280589972 6.384903322
-0.004687023439 0.0006931784616 7.984095055
-0.008606241281 0.003397487996 8.147278675
0.003915348329 -0.002027313999 6.706014686
-0.03240379259 0.02289898667 30.3335209
-0.03462999569 0.01769307306 30.87696357
-0.03907296366 -0.02475839827 32.18807921
-0.002265991547 0.01228446853 18.01446229
-0.02851303584 0.02530625757 23.86682284
-0.01340305654 -0.02923986665 20.59386685
0.02848873051 -0.03553309424 9.30559583
-0.001255587165 -0.03918680757 18.44338841
-0.02621057463 -0.03237339181 26.45904618
-0.05958086198 -0.07521294669 38.06404381
-0.004844052791 -0.01165885202 15.78472937
0.05361922161 -0.06780248796 -4.756882783
0.002887777415 -0.06968693993 16.02974586
-0.01526923683 -0.02093888093 22.58727314
-0.01535621502 -0.006681820315 22.39449718
-0.01536247481 -0.002853292146 15.17744768
0.006116733721 -0.01145018416 4.550792937
0.004929477763 -0.007651157066 9.750416758
0.007747349401 -0.00188222548 8.277039764
-0.0001763946408 -0.001404944889 12.52041346
0.01997065508 0.01993887283 0.1108573013
0.02974955856 0.0009992400151 -5.255273284
0.02069343499 -0.01394816653 0.8071845523
0.008124341514 -0.01899127425 8.757663599
-0.01238044807 -0.0206476911 22.53513158
-0.03165349797 -0.01544144484 35.88982143
-0.04099131651 0.009748568887 42.23287053
-0.05376250433 0.0002845651559 51.75983747
0.007908481052 0.03333904531 3.653809346
0.05284701863 0.005718735926 -17.73558653
-0.00768719252 0.01542779041 14.5369695
0.01513038578 -0.01154856083 -3.744506617
0.05714462427 0.01570350911 -40.0549937
0.0359763556 0.003998774093 -21.53313923
0.7654596717 -0.07601502559 -666.9830558
0.007458887528 0.003033301197 3.757316701
-0.01083072795 -0.003842462347 20.8398724
-0.0159657376 -0.004567888586 25.7543263
-0.04021839597 0.01814365918 48.86742182
-0.01702278858 0.02691900812 24.98158163
-0.003465072441 -0.0470290672 13.34158342
-0.08165891692 -0.07708460577 95.22534238
-0.03888247456 0.00669642824 48.87168461
-0.03649010363 0.04713906277 45.05606115
-0.0121047543 0.05289266351 18.14216689
0.03439889931 -0.01509126405 -32.99074605
0.02256965709 -0.03209770104 -18.1731177
-0.01183436783 -0.04233106132 21.11021129
0.01611107029 0.008338816926 -11.70553917
0.01408162074 0.08547729792 -9.88948663
0.0001837150431 0.01724258697 2.493006455
-0.004123805087 0.01929156372 6.54302394
-0.001926308384 0.01853251538 6.548937905
0.001295045136 0.006973928419 6.796562065
0.00430584705 -0.003855770158 7.053678562
-0.00572228675 -0.01085800548 8.441296082
-0.007677595447 -0.005642515822 8.241856156
0.009470178151 -0.002373215211 5.915018348
0.007578926358 -0.00149130476 6.274838395
-0.03513676308 0.01215939584 31.07349883
-0.00910436915 0.004907213126 19.43702951
-0.004526849295 0.008267070965 18.65222071
-0.06076847924 -0.03071955318 33.2852168
-0.02018222205 -0.07307314633 23.31112465
0.03565696626 -0.078915538 8.495426489
0.02019344158 -0.02890949169 11.66883314
0.007752307123 -0.01939116754 14.7405251
-0.06150097226 -0.0445941728 38.18962842
-0.003302313439 -0.03829225361 16.26080172
0.04494593363 -0.03791646291 -2.647539903
-0.003810407739 -0.03676717139 18.07639048
-0.005062688668 -0.03403032291 18.49161922
-0.03251617108 -0.02773828714 31.11048158
-0.03553789932 -0.001239363933 25.26204291
-0.03090061914 -0.0148298434 23.18342166
0.02643165609 -0.03023284049 -1.098071924
0.0006164044833 -0.02573937856 12.59104252
0.01710335638 -0.008463123973 2.577163748
0.03235448045 0.006558637326 -6.891705248
0.01618386505 -0.008507098198 3.395367945
0.01695066641 -0.02668791861 3.237831736
0.007337472484 -0.01093301714 9.238644994
-0.01632503725 -0.01276072315 25.03366342
-0.03851024261 -0.02273205151 40.55572293
-0.03571387232 -0.01358277647 38.58316991
-0.01886392137 0.02153174019 25.1222391
-0.003745766377 0.05009776972 12.78357677
0.04660048698 0.003396786658 -12.85343618
-0.01600398072 0.009897590072 21.402194
0.01214294883 0.003266945201 -1.668574185
0.04932549572 0.03114178786 -33.53383296
0.03300534512 0.02577572885 -19.22824369
0.03683992864 -0.002226075329 -9.142079948
-0.008559378944 -0.004278900739 18.76255151
-0.005747308636 0.002770768682 15.93300046
-0.02145451658 0.0175914039 30.54801716
0 0 -1
-0.04858688175 0.01418868274 57.28914142
-0.007558066206 0.003586522865 15.17546809
-0.04575809552 0.009448554381 55.41619813
-0.04103985437 0.01432576016 50.63876817
-0.02534914387 0.01026254375 33.96761469
0.008535862099 0.03968787149 -4.623170848
0.007925879966 0.02579845599 -3.395154867
0.01014791505 0.00754802855 -5.258302146
0.001844060207 0.004091762471 4.518225923
-0.03213805153 0.0532201943 40.68920386
-0.002851685362 0.02778076795 5.85008393
-0.01654652312 0.02721486468 22.59212801
0.001929834634 0.04532256498 5.230454445
-0.006145153183 0.04842562515 5.370730839
-0.01517436227 0.0382617736 6.129521569
-0.0005185431976 0.04680159793 4.794634297
-0.00473713283 0.007790268019 7.117393418
-0.01719527248 -0.003703338685 9.101749647
0.01181251248 0.01291974166 4.360582019
0.0271561317 0.03253593 0.9933032009
0.0244994563 0.02428294811 2.173271031
0.02842680928 -0.02384848586 12.8882638
-0.01438297252 0.0005851049117 20.99803783
-0.07035818971 -0.03075879782 35.44652953
-0.02765893224 -0.06349614768 24.60423316
0.00127770796 -0.1001677591 18.72439972
0.0466164099 -0.2341427983 11.34037185
-0.0185633919 -0.04892361198 23.64386944
-0.04961137799 -0.06697092871 34.60317259
0.02689874692 -0.07491472185 6.429498626
0.02552471271 -0.06706154139 6.341860668
0.03527670668 -0.06952449371 3.460470911
0.02803967771 -0.07255228104 5.834647954
-0.07144267172 -0.08671301572 49.72238465
-0.0468740802 -0.00155562176 30.80157287
-0.05649275446 -0.001977552144 35.61308434
-0.05045375205 0.0006737799495 32.02700788
-0.02352713588 0.01483314948 16.79727689
0.01861136007 -0.01557147481 2.214207331
0.03000749419 -0.004797294879 -4.92806824
0.009230698902 -0.01349494851 7.874088956
0.01245842787 -0.0235857849 6.236036192
0.006881046719 -0.03290497774 10.64878944
-0.006129665324 -0.01344379424 18.39390163
-0.02304699857 -0.001011579834 29.03264319
-0.01388857838 -0.004517910457 22.53983001
8.041624974e-05 -0.0002844038878 12.2768114
0.00777757238 -0.001346688163 6.654552036
0.003253487208 -0.0006289618086 21.32320958
-0.0005356198343 -0.0005029023162 24.39449604
-0.001189676327 0.005070103306 24.66036115
-0.02370950199 0.01282883206 43.30153114
0.03711603293 0.02170426212 -10.85486203
0.04540882702 0.007480991591 -17.16552935
-0.0005224310245 -0.002924523059 11.39910143
-0.0001716200971 -0.007397210224 11.23583696
-0.01012990305 0.006545242634 20.06595237
-0.0278809347 0.01462911251 37.07012212
-0.05377378029 0.01034732946 63.041862
-0.03611505874 0.003526006167 45.11006679
-0.02609152711 -0.007828121338 34.8079696
-0.01609790601 -0.02052495169 25.1091934
0.004324411767 0.01728277471 1.051014521
0.003168485947 0.0183093643 2.394784449
-0.005278285331 0.003059412065 12.72252885
-0.002696984114 -0.002100550673 10.10644481
-0.0458010273 0.02768596907 58.74796056
-0.0366484663 0.07147617612 44.90909552
0.0009369208256 0.05569846474 0.05538712389
-0.002927627033 0.07338907134 3.953499401
-0.009471792297 0.05323943324 4.94596256
-0.01802298008 0.03826439291 6.619179727
0.007679585304 0.04909810091 4.368598161
0.02432730713 0.06148307773 2.712256347
-0.01069431796 0.06374465303 4.59727596
0.001044268316 0.04200220461 4.235796164
0.02346353675 0.0484536677 1.17797631
0.0284704857 0.04961660516 0.1064878733
0.03660137501 0.02920699344 0.4945387233
-0.0307188794 -0.001554723715 15.8571795
-0.06057314448 0.03854246952 19.20075738
-0.06662918761 -0.01340756233 23.69050377
-0.02069084886 0.01798845915 9.607478128
0.1371733906 -0.09126600389 -23.18531784
0.05866481698 0.02704149494 -10.75204244
0.09842171372 0.008482260512 -20.42072316
0.06765662221 -0.04106226935 -11.10239932
0.003323064895 -0.05923597387 14.96630122
0.03361970321 -0.09216605534 3.543348015
0.02168107196 -0.1079563796 10.64445115
-0.05390527863 -0.05606555716 39.52653315
-0.03132513113 0.00344302324 22.97637876
-0.0287415374 0.03275578795 19.55561108
-0.04758252957 0.06336505957 26.5673358
-0.06009584007 0.03972166381 34.24389447
-0.0118847855 0.05335606195 7.185793362
0.03585512686 -0.04507141817 -5.605949385
0.03577900047 -0.03788851846 -5.991220759
0.01269800805 -0.02965804808 7.055864038
0.008008551911 -0.02450306765 9.293025387
0.007979427081 -0.02370605988 9.3460186
-0.01261280067 -0.0277876531 23.43530295
-0.01384855553 -0.0189959324 23.30717211
-0.005952793775 -0.01112246892 17.18162596
-0.008642460859 -0.04054813453 21.34196982
-0.01076489807 -0.0430665414 23.23317839
0.01345939455 -0.00904279224 14.02667802
0.007426522102 -0.0002994100846 17.96064186
0.00112240006 -0.0025091499 23.21631804
-0.01107683904 0.02004911466 31.91559857
0.01473771795 0.02604712737 8.772048591
0.03566639616 0.01247616649 -8.744428127
-0.002931866565 -0.003005049809 13.78775502
-0.01217751089 0.005657095117 21.74411782
-0.004455569252 0.008864935035 14.29818397
-0.0217132045 0.002777445233 31.6833064
-0.05285579596 -0.007394570242 63.34845904
-0.07127417995 -0.01581443169 82.04228908
-0.02405712062 -0.008181899068 32.65883936
0.02003707486 0.02215769407 -16.55442194
0.01931661779 0.01789689279 -15.23470113
-0.0001648423858 0.01016066615 6.675009296
0.003711844534 0.0058576709 2.490511088
-0.007810548897 0.006459932986 15.42122389
-0.02910110288 0.02364014736 39.22288901
-0.02733994801 0.04775983644 35.52574584
-0.002121179075 0.0492492791 4.914745173
0.004531637157 0.05106486133 -3.435457823
-0.01269030836 -0.0001708297456 9.628319278
-0.002785275266 0.007597903185 8.868885156
0.0151250461 -0.005071022774 9.272757696
-0.0003952331228 -0.02300101703 12.05218836
-0.01217507605 0.004618238743 9.904764819
-0.0106157554 -0.002562028329 10.01105844
0.01500699477 -0.02797606993 9.435506604
0.0263269233 -0.02962361752 7.935933144
-0.006996366611 -0.01868738408 12.59607954
-0.005684089235 -0.08073953837 18.19439512
-0.04027024543 -0.04591169689 22.13752784
-0.00122524123 -0.140711285 23.06886115
0.004175375378 -0.05734983426 14.06651602
0.04185949942 -0.001405565657 -2.460283191
0.1092259078 0.03730137003 -27.00548619
0.1125654597 0.02839810972 -26.86072985
-0.0564997141 0.05857556817 25.68051187
-0.006061885977 -0.1083602905 22.85850449
-0.009590699185 -0.06793305174 20.64842946
-0.003013406644 -0.04475846406 16.01489794
-0.01010327434 -0.05518217431 19.93779386
-0.0328092298 -0.08435599899 32.5025844
-0.002263413665 -0.1386960061 24.19380693
-0.00948239814 0.05390231225 9.383912462
-0.01167829107 0.1298430477 2.666210654
0.06929421828 0.01076958588 -31.74035517
0.0400490945 -0.07399534769 -5.323968341
0.03695350171 -0.08463643654 -2.769044482
0.004851381055 -0.02928587299 11.85984596
0.006988827552 -0.03317212961 10.91395048
-0.004654996905 -0.03695139714 18.86654603
-0.004128550907 -0.05516301831 20.07858589
0.0005567027901 -0.02237084203 13.6972874
-0.02885690577 -0.01244584708 33.7197241
-0.01317686348 -0.001617460691 19.71301851
-0.0098992436 -0.03614290835 21.46958107
0.01334508058 -0.01693473798 14.9053633
0.008191591707 0.002347642569 16.98146289
0.005616983308 0.008114466556 18.36868751
0.004395148865 0.005119069747 19.7816051
0.01315202207 0.002266294178 12.27382433
0.03455727556 0.009566325458 -7.489679576
-0.001889329684 -0.005999483957 13.01026706
0.008992917496 -0.008575252302 3.005299712
-0.009618155502 0.006886078063 19.36878354
-0.04895251968 -0.008783024877 59.26618933
-0.06979835647 -0.05260282128 83.55798727
-0.04054083634 -0.0299179817 51.41485075
-0.01493346263 0.005544714874 21.64634795
0.01503518036 -0.003303443673 -8.950847162
0.01356736819 -0.02002811787 -5.537047554
-0.00436430287 -0.005436595489 12.63452255
-0.008429490555 0.001425841237 16.47291805
-0.00317113421 -0.001937742612 10.78052065
-0.009698133075 0.004948633643 17.72838733
-0.0007861398057 0.004824145841 7.121544283
0.004439586201 0.01809081482 -0.4571729512
-0.001671684458 0.01518727462 7.252074098
-0.01374334844 -0.0365072257 13.35031338
0.002246592207 -0.04332475019 13.86432624
0.005474952301 -0.04297793699 13.40910949
-0.000828361545 -0.03246156697 12.48571248
-0.01515826038 -0.03208336047 13.80962588
-0.01424922847 -0.02963172464 13.13337583
-0.005961599857 -0.02593472603 11.26662368
-0.01011795731 -0.05346634454 15.31029989
-0.03416006948 -0.05789775946 19.82514902
-0.02052744076 -0.08752757431 20.93259089
1.078169862e-05 -0.08672951922 15.70195809
0.003341319336 -0.1123534632 18.01545255
0.01940639198 -0.09919583444 13.18566856
-0.01030297681 -0.1034784934 21.63588479
0.003780967239 -0.03587896223 8.368310743
0.09696092154 0.02425724879 -21.18699313
0.00283909461 -0.02773010172 5.815402762
0.03302195549 -0.1606591169 11.65853062
0.05900844042 -0.07033414237 -8.809739214
0.008539839557 -0.1176925042 17.42965082
-0.01972167882 -0.09947333321 27.33958831
-0.0200267032 -0.09259527556 26.23810134
-0.008897443784 -0.1344726458 26.42971562
-0.0214934411 -0.06896719326 23.65277189
0.03174292339 -0.06852423255 -3.856233119
0.05156936558 -0.09991102983 -10.41103312
0.04246964496 -0.0821727976 -8.307174015
0.06113033955 -0.1182858066 -14.2227945
0.04694818463 -0.1052418214 -6.326377089
0.04394719686 -0.08491864886 -6.687606027
0.0324371133 -0.05036808125 -3.826898089
-0.01846985607 -0.06005022996 30.39106276
0.04557208046 -0.03980740518 -16.17556299
-0.02675725428 0.02330530114 28.27431048
-0.02239639469 0.01659335236 25.16100641
-0.02698810352 -0.01624994454 32.65023314
-0.01902100896 -0.0279271433 27.91125637
-0.007557345798 0.002496552435 14.91733223
0.009478279536 -0.02476721024 4.639962027
0.009094741911 -0.05088905121 8.443135224
0.01832639213 -0.01868172146 -3.584226116
0.7358544326 -0.02399636441 -637.8125397
0.007460090697 0.005021058809 2.958067897
0.01662117553 0.007887086893 -5.648998915
-0.007297664863 0.01485160636 16.31357848
-0.06787300699 0.01140448198 75.68042524
-0.05163600317 -0.01544169329 60.91216539
-0.02791069837 0.0125025728 34.29004001
-0.02122638536 -0.003652732438 29.41261887
0.00849516064 -0.008491868796 -1.662089501
0.01036176995 -0.0222118575 -1.885177393
0.002076339887 -0.01700362054 6.725094343
-0.003651609745 -0.005434924643 11.92151561
-0.01779047071 0.009264083851 26.303417
-0.007485497594 -0.008217171902 16.42754208
0.00486291462 -0.004552486792 1.200648971
0.02185242146 0.003653606589 -20.32421409
-0.008777782253 0.002340092834 17.25663114
-0.01724706106 -0.01629916617 10.66780154
-0.02234813534 -0.02665314334 12.285352
0.002726359155 -0.01954216236 10.58567172
0.00273872857 -0.008172343612 9.078008262
-0.01841875405 -0.01522758166 11.88116461
-0.01942845508 -0.005962651936 10.42020726
-0.01551543648 0.0049351601 8.494833979
-0.0244813321 -0.01097468282 12.24082962
-0.03068977465 -0.01934263932 14.61361528
-0.04657733636 -0.03333172733 18.91783832
-0.007548558509 -0.01838695714 8.721201759
0.01197417423 -0.04362988431 7.716363708
0.01261560889 -0.04995314598 8.207019359
-0.01585326234 -0.02995510127 13.26045335
-0.006974510702 -0.03913242318 11.65827125
0.08518563184 0.01112802627 -15.71103043
0.0139936601 -0.02254265285 0.8540672155
0.001666922035 -0.04713766136 8.761552664
0.1998864108 -0.0427337723 -68.89571494
-0.01744569011 -0.06146557578 21.96687701
-0.0172038402 -0.06572320516 21.71304203
-0.0275958309 -0.04612489223 23.84974401
-0.03569653712 -0.0596512946 29.43678732
-0.001274069627 -0.07197175183 13.70573379
0.03525419618 -0.05820414521 -6.742274
0.030191235 -0.04462488068 -5.933686188
0.04765604414 -0.03486891044 -17.25135819
0.04356634663 -0.07509817241 -8.72366926
0.05131822662 -0.03955084694 -18.67473423
0.07554798147 -0.06037374489 -30.66129547
0.006076996826 -0.02863322008 9.911516846
-0.05065131601 0.02351478919 39.94450057
-0.007030602369 -0.05159390495 20.07031143
-0.02613795112 0.06316453713 22.43917955
-0.04175834262 0.006285938097 41.3484484
-0.06675560306 -0.07494726194 70.67410021
-0.01944317592 -0.02411753099 27.56437243
-0.002032653058 -0.03566401942 15.33199547
-0.004370226657 -0.06860208972 21.6548234
0.02523989444 -0.04001587529 -6.399625288
0.01647109124 -0.007583044538 -3.184641975
0.1427788719 0.007159145612 -105.9941894
0.01319091368 0.008241259827 -2.659442688
0.02164786696 0.01332982018 -11.27913575
-0.01017551903 0.006260068855 19.97034207
-0.04172024288 -0.009079739476 52.77928895
-0.06655124853 0.02704420524 72.194549
-0.03129293298 0.03196989591 35.30403473
-0.01338564246 0.03193634197 16.90815095
-0.009874270416 -0.02584407911 19.92681531
0.009635711107 -0.006403371015 -3.52378403
0.01282545898 -0.01148764622 -5.919929828
0.0007268768502 -0.006461651374 7.078348439
-0.009668112693 -0.000919409165 18.17956498
-0.03637973277 0.05765011708 41.48030863
0.002516934112 0.004951094232 2.655026723
0.0252828142 0.01266961727 -25.80427384
-0.02075676102 0.000645951144 32.04948441
-0.001055734628 0.01762203243 5.203799612
-0.0001772006337 0.02025495425 4.620791202
0.008178658426 0.01395573198 5.417733515
0.001551376549 0.01857901052 5.054507149
-0.01019607957 0.01038722943 7.043584398
-0.009968193631 0.04182774026 1.916677885
-0.0255450352 0.03584032462 5.130076583
-0.02874696181 0.01783650407 8.55565006
-0.03660557993 0.003278898388 11.83896358
-0.02691942032 0.008228740482 8.784924991
0.003991038134 0.04101070145 -3.197738195
-0.01446864095 0.04397644805 1.078539931
-0.01574322867 0.0237942537 4.755769113
-0.0210930144 0.007137930802 9.233305868
-0.02502081834 0.01102261904 9.863758175
0.09293502032 -0.006033128306 -15.79610578
0.0219534018 0.0261407016 -9.506909733
0.01067641658 0.04703574591 -8.928392579
0.1810841366 0.02242650795 -71.63573249
-0.003453641475 -0.005570443248 5.216932216
-0.001185786841 0.0511927244 -4.216228193
-0.02336016627 -0.03917874226 20.99766225
-0.04373412817 -0.07981943623 36.31135306
-0.009763607282 -0.07276651427 18.13352984
0.04795155948 -0.06832328337 -12.49226487
0.0529651136 -0.04187560599 -19.19185167
0.07664771796 -0.01049011115 -37.4804803
0.05061862723 -0.01364196426 -21.60578221
0.04286848967 -0.003563067608 -18.5265311
0.1076299254 -0.01495733179 -57.38620621
0.1002836758 0.002894232455 -54.75330459
0.1164550874 0.01242981423 -66.69608791
0.09833362526 0.006059500427 -52.57224943
0.08197919235 0.01955808038 -43.50752856
0.1300923811 0.2151886944 -114.7107223
-0.1015075683 -0.004590311776 103.1487201
-0.1025082883 0.02825075939 98.02893063
-0.05151295976 0.0593161325 51.43050235
-0.01146539412 0.07605385117 16.61681316
0.02037913475 0.06139044201 -7.807944041
0.1001060554 0.02536266159 -71.07967958
0.1471850931 0.01321909186 -111.0697297
0.1405646719 0.003232005604 -102.9834307
-0.01141696812 0.02663919498 28.10978759
-0.007719939764 0.04578594328 21.4823773
-0.01403228109 0.0347466704 29.70683385
-0.02327941287 0.03463817775 38.80800142
-0.004232265725 0.02302161073 21.15304654
0.03458731198 0.01544246558 -11.7057473
-0.006790133397 0.004887948815 33.87512987
-0.00577220754 0.003336303115 33.040701
-0.01199651218 0.004063119352 39.5899904
-0.01587560132 0.01278652077 42.77555465
-0.008382529799 0.006169207515 35.36828019
-0.006955263276 0.01515076789 32.17827022
-0.00797004156 -0.001512041421 35.92147246
-0.02263892235 0.03740269076 28.88914634
-0.03657398338 0.05014832596 43.82162214
-0.006565498975 0.0398016146 1.323307644
0.0007683355958 0.04297303006 0.6512422114
0.007425620823 0.04297228179 0.4373720158
0.006354208774 0.05412771583 -1.414184485
-0.0006980158196 0.0442649557 0.9430509729
-0.005592495905 0.004824166107 9.641463365
-0.02453508662 0.03711147554 5.429153121
-0.02343764038 0.05484389526 1.649499103
-0.01518171124 0.06821821443 -3.191778455
-0.02391950293 0.08155568806 -3.910752247
-0.003545585797 0.1000415773 -11.35121085
-0.007043800376 0.09078568078 -8.655798058
-0.03084428479 0.04903246197 4.439544719
0.007602721315 0.07483581369 -11.11896808
0.02699498566 0.06987522396 -16.60133246
0.0841283783 0.004411984905 -14.98045118
-0.002402888239 0.2710101334 -44.18394904
0.02015416263 0.126997555 -26.3316574
0.01981174009 0.1484207022 -29.7990067
-0.009380080823 0.2510896658 -37.80046133
0.002207483894 0.1361953363 -20.82956495
-0.0386328877 0.1555107536 -5.979090463
-0.03967976623 0.2247940524 -18.46177146
-0.008442311311 0.2614648836 -40.88130677
0.02795089439 0.2687549821 -61.43684451
0.04424359396 0.0176706249 -24.58831189
0.07536880465 -0.006735619556 -37.34042677
0.06749436529 0.001171089121 -33.94751737
-0.007934154183 0.004704632006 31.03524104
-0.01169280171 -0.01649067538 37.56528732
0.1275918269 -0.021130189 -68.58602846
0.1299651949 -0.001237883681 -73.53640955
0.1131951636 0.004884387902 -62.90663968
0.07656586353 0.01162767683 -38.03136881
0.07309593291 0.03361693264 -41.43288316
-0.06816352568 0.01870992694 73.0801378
-0.06560528838 0.01459469004 72.48388987
-0.03335213184 0.09711084725 30.82577053
-0.0259356704 0.08574577681 27.00946252
0.009166873704 0.03697340089 6.010388329
0.07929018555 0.00778016073 -49.49463437
0.1512043415 -0.003917029526 -111.792842
0.1511734647 0.004633966817 -112.8223841
0.004824428523 0.01330195069 15.44103149
-0.00657491226 0.01728974834 25.54021768
-0.00211573101 0.02008420178 20.62684662
-0.01970137653 0.01605273682 38.67965216
-0.006072809307 0.01267797825 24.92871375
0.02628305526 0.008169531683 -1.774118703
4.637858045e-05 0.00649152305 26.29105851
-0.007573929783 0.0005166749209 35.43235015
-0.0101708982 0.002868444632 37.68834161
-0.00575885835 0.001432426302 33.20927999
-0.01140032899 -0.004340150334 40.74610238
-0.009021158656 0.001811809922 36.79668718
-0.005407154416 -0.002748112124 33.20714477
0.004168960891 0.04812558202 -5.585941351
-0.003518813187 0.05478439628 2.412732841
0.01479335814 0.08038472241 -6.535543228
0.004756335777 0.07005011702 -4.304009206
-0.00160536695 0.05294405774 -0.713093319
0.003547035836 0.04118647871 1.200546397
-0.01047005202 0.07671843811 -4.64255677
-0.01145033208 0.03911365891 3.289002182
-0.02881151085 0.05320329753 2.55046731
-0.01753756905 0.0315455623 5.117179482
-0.01437927461 0.0856012579 -5.958235692
-0.01667861498 0.3937652572 -67.31926953
0.006661315346 0.4577130706 -85.50804264
0.01370315082 0.4655962917 -88.51985835
0.003389934071 0.4490756256 -82.46461939
0.01710454966 0.4623007469 -89.16892738
0.02714327935 0.3990576298 -79.06263754
0.02173823933 0.08050639011 -10.46228376
-0.04026433219 0.3039248534 -36.26931879
-0.02667147111 0.3199684085 -44.90955122
-0.01080855183 0.2785199002 -42.52204749
-0.04104221156 0.3080369983 -35.99683362
0.001070482716 0.2706703192 -46.56961272
-0.02100580579 0.2460297345 -31.32997974
-0.01759015732 0.2746357204 -38.85485643
0.00843026724 0.3016642896 -57.32070581
0.0299110274 0.2960667365 -67.43260403
0.2849670262 0.01344781169 -147.4039648
0.3223080539 0.02594622496 -172.0748737
0.3138910028 0.05588293931 -171.7870037
-0.04998852138 0.03227028504 51.93532973
-0.005963511568 0.03311831634 23.66225451
0.03832390493 0.01538112854 -0.9904007479
0.1186054001 0.04317955128 -74.87973536
0.1014169151 0.01182114475 -56.20772839
0.09940843963 0.04329564383 -62.04537533
0.08828377985 0.02998432644 -50.58280099
0.0620819345 0.06791727822 -38.8354661
0.005573423715 0.07705702917 3.628503569
-0.008214972542 0.08821352082 12.28536462
-0.06069039906 0.06850429689 58.65917011
0.01088025909 0.020122207 7.56347877
0.05594481495 0.02601851936 -32.62697904
0.1158470453 -0.01029801472 -78.50425953
0.155957897 -0.0131925625 -113.7683179
-0.003517164718 0.005241176141 24.62801543
-0.00873111741 -0.004243780324 31.59574057
-0.004409769291 -0.001726327085 26.91763963
-0.01475469685 -0.004673764041 37.8237541
-0.008370125059 0.003707732227 29.30515332
0.02728002997 0.003810987074 -2.072535834
0.004508699816 -0.006143077663 24.00161196
-0.0159946159 -0.001806435262 45.16525787
-0.01661357506 -0.002205120813 45.8565575
-0.009152012603 -0.002109410181 37.69803349
-0.01740616964 -0.001267150616 46.8339238
-0.01182534773 -0.0003733389956 40.42880883
-0.01223782824 -0.00285120699 41.35614425
0.0235069997 0.06147362564 -32.01021158
0.01175552233 0.08902874841 -23.34749119
0.02278067099 0.1053404631 -11.97341409
-0.02175401873 0.4149353931 -73.54879681
-0.006622457594 0.4038818506 -71.55628914
-0.005897198846 0.3999742621 -70.61872064
0.0201165671 0.6312193307 -126.667154
-0.004927477893 0.3758634956 -64.82144862
-0.008489442239 0.3958010096 -69.15044984
-0.01207332693 0.4064453094 -70.57584869
-0.01555387276 0.3740714456 -62.44563106
-0.00745581725 0.3751784768 -63.98963037
-0.004917963531 0.3609638251 -60.71839372
-0.0153472438 0.3648540258 -59.13209293
-0.007856033036 0.3572801333 -59.17635474
0.009076090588 0.3895860686 -71.13318661
-0.006466020433 0.3266523494 -52.34696435
0.002915757841 0.3276473557 -56.04864209
-0.02760098142 0.2809429052 -35.25867354
-0.04542344112 0.3086247142 -35.17271253
-0.02237882304 0.2910945624 -40.11892424
-0.02098294195 0.2848487086 -39.48229344
-0.008867625711 0.2893698725 -45.94307072
-0.01050474981 0.3008716282 -47.71456176
-0.004142794374 0.3220453303 -55.61822476
0.0067851537 0.327532158 -62.05450488
0.00614072434 0.3218510411 -60.46207419
0.027883505 0.3118745649 -70.03168091
0.2655297501 0.1126325238 -157.601652
0.3044524409 0.04006650057 -163.8208174
-0.02697057535 0.01789588343 40.94070729
-0.0006014506788 0.03967902226 19.45011606
-0.01030644901 0.01596406093 31.4659988
-0.1157101446 -0.02682789892 112.7331279
0.02765989866 0.226108229 -51.19384746
0.0562541443 0.1487480856 -53.4937552
0.05121905509 0.1449034744 -49.17599534
0.08196627075 0.03257182234 -46.10978167
0.0544889962 0.07665904206 -35.27964988
0.006632224681 0.09553725639 -0.3780968472
-0.06859903847 0.1010328331 59.44845309
0.004920912646 0.03151590934 9.917880861
0.05981489414 0.03978913363 -39.17709109
0.1190891417 -0.01268400812 -80.83624272
0.380948166 0.002008822565 -321.9084652
0.004549549257 0.04134125236 8.883464705
-0.01720281695 -0.01627354412 42.31212196
-0.007300763799 -0.02312314512 34.33784757
-0.01450158297 -0.01715524806 40.0190743
0.006710871307 0.01563252557 11.50823722
0.0199966089 0.004251699702 5.323097696
-0.002784070992 0.00433186064 29.55906872
-0.01077046167 0.009773427126 36.77562626
-0.01110323438 0.01036735094 36.90048934
-0.01788511691 0.004732276132 46.0827665
-0.01615363799 0.01303939433 42.0973219
-0.008930309772 0.001110685937 36.71044066
-0.02047523425 0.0002312527816 50.50002513
-0.004173048729 0.3530276359 -61.79492141
-0.01067318336 0.1785221649 -14.49815121
-0.01746217926 0.3434867355 -56.36650024
-0.01257917064 0.3656242758 -61.98358809
-0.009506739178 0.3770373282 -64.88122552
-0.001719692137 0.3841514187 -67.05295033
0.002559683089 0.3801466679 -66.56936334
-0.00736859001 0.360767413 -60.75520236
-0.007265280725 0.374170568 -64.28065965
-0.003364899881 0.3666858698 -62.81374604
-0.00953090872 0.357583607 -59.43860377
0.003625034068 0.3480379582 -59.84253304
-0.009245332387 0.3363496655 -53.99846273
-0.003373170873 0.3159984405 -50.47883439
-0.01751829949 0.3050165808 -43.96718128
-0.02208475127 0.2944158645 -40.16951098
-0.0159459787 0.274290637 -37.2458079
-0.03305953932 0.2628441062 -28.96219597
-0.03262484564 0.2527843345 -27.00196189
-0.03741387371 0.2541624233 -25.51092655
-0.01589754477 0.2892849508 -42.74267903
-0.009519549869 0.3134522534 -51.33773891
0.001793644503 0.3204659619 -57.89082675
-0.003475177436 0.3259106538 -56.81512501
0.008315978346 0.3266343035 -62.54580211
0.003577797335 0.3301071549 -60.97125629
0.003275968543 0.332908648 -61.43278899
0.01606168646 0.3149778853 -64.06823651
0.07860989309 0.2524454464 -84.08175681
0.370172943 0.04443530263 -203.0500352
0.004400921975 -0.004474172436 26.77866013
-0.01047078944 0.0009397811842 34.80977379
-0.01966942406 0.0007437040103 41.04030841
-0.09556056783 0.02593289997 85.26723465
0.01266858419 0.2470756635 -45.28132164
0.02348836602 0.241723401 -51.7531781
0.01368138375 0.2183430776 -38.76438832
0.05610930527 0.1510891042 -54.19582419
0.03552451898 0.08716559927 -22.41864372
-0.00260168449 0.04958947108 17.5698644
-0.01884618638 0.07644660732 24.23503516
-0.01172087912 0.2564894605 -27.44560588
0.03255153847 0.2782759248 -71.54690781
0.005561159458 0.2125190502 -31.15540027
0.01516494381 0.04720482132 1.598395877
-0.01447230694 0.3300406465 -42.79800665
0.01515941181 0.3132451182 -66.90202623
0.004602083442 0.3161871266 -57.30140925
-0.02004892595 0.3315276193 -36.67035075
0.02564898767 0.2808298147 -69.82317827
0.02290736704 0.07015201578 -13.86905854
-0.00220246267 0.02077660856 24.79156584
-0.01492590603 0.03772174003 34.5620897
-0.01602526055 0.04032946095 35.16513344
-0.01315990101 0.02583278265 35.54508851
-0.009693382664 0.02461114735 31.86073969
-0.02300786006 -0.009949122441 55.75758254
-0.005524786028 -0.001421786746 32.95264922
-0.0171616914 0.4328341764 -64.51507334
-0.0490887671 0.4441058017 -28.25796515
-0.007168951449 0.3307150245 -53.10996412
-0.001230205265 0.3430824919 -56.56507395
-0.006051182617 0.3413340846 -55.69849509
-0.002742540797 0.3515161653 -58.70655661
0.005325451792 0.3533067759 -60.0407829
0.0004424230645 0.3214390321 -50.90267407
-0.003613922107 0.334078762 -54.27291292
-0.02190773431 0.308301953 -44.38875469
-0.01001188764 0.3136059066 -47.8298039
-0.01445134449 0.3027377199 -43.94013855
-0.02597727426 0.2803602776 -35.23222979
-0.03977256476 0.2647940176 -27.6875751
-0.04615437845 0.2592377058 -24.50032783
-0.03857753477 0.2502708163 -24.30137625
-0.03358960005 0.2442954941 -24.28495268
-0.02837970134 0.2608945715 -30.81272601
-0.02459937269 0.2957428153 -41.65069588
-0.009585867797 0.2959004287 -47.03305882
0.00378160639 0.3224906427 -59.25187552
0.0006108444267 0.3268288601 -59.12491165
0.01431174664 0.3240082308 -64.30305664
0.01142997057 0.3276786203 -63.76524717
-0.0007197065774 0.3308784089 -58.97672071
0.00605490662 0.333713431 -63.14395908
0.007138191064 0.3326724598 -63.42991082
0.001296131191 0.3319019594 -60.14125808
0.009733640921 0.3153668096 -60.56742028
0.01125136316 0.3127773337 -60.62310951
0.004565794875 0.3108947176 -56.04274011
0.001278216658 0.3121161821 -54.48828192
-0.00205921669 0.3134595141 -52.50879715
0.009234343812 0.3022792351 -57.2644457
0.01424199234 0.301954707 -60.60656868
0.01808026819 0.2828565259 -58.36751136
0.006498332138 0.2950847074 -53.08244582
0.007640876139 0.2850699101 -51.32028121
-0.002068952209 0.2911866833 -45.2218186
0.001506926992 0.318540029 -55.4188898
0.01280497428 0.3008868439 -59.9556019
0.007973753266 0.3047899536 -56.93346245
0.0103153602 0.2838248225 -53.37539383
-0.003700715421 0.3011247058 -45.59226347
-0.004664481304 0.3156310971 -48.47207843
-0.007102280181 0.3455209507 -53.99419149
-0.01024485165 0.3335864688 -47.70016035
0.01117961526 0.3337507696 -68.26401315
-0.003291705229 0.3412119553 -55.83183547
-0.006306385805 0.3414796465 -52.81513116
-0.003593000359 0.347922778 -57.22994525
-0.005538452457 0.3542649105 -56.72478803
-0.002834151506 0.3614856396 -61.5940443
0.005327476624 0.3743289582 -74.06957118
-0.002755524978 0.3796482236 -66.55642885
-0.003286001184 0.3917669904 -69.53384046
0.001888110332 0.3612318725 -67.04165151
-0.002010360018 0.4276986517 -80.97620794
0.002296491478 0.4241136007 -84.92058286
-0.02291912842 0.4490418949 -61.36010202
-0.004843137121 0.318323196 -49.65556505
-0.004765803119 0.3181402933 -49.57822047
-0.006522047957 0.3048872578 -45.88904173
-0.006872764388 0.2977200986 -43.6502483
-0.006420375265 0.2918261702 -42.00570876
-0.009774048827 0.2864569423 -40.15959901
-0.02061296673 0.2808255855 -37.16573111
-0.01993873999 0.2705634466 -34.18057004
-0.02340251588 0.2691315235 -33.21479094
-0.02117639051 0.2445755893 -26.51198989
-0.02287193425 0.228571724 -21.40996752
-0.03858683149 0.2331743245 -19.71776565
-0.0414713788 0.2378191506 -20.19927278
-0.03896300448 0.2597670263 -27.42273821
-0.03082714804 0.2790708535 -35.34117398
-0.008967523356 0.3108279575 -51.5558923
-0.007145564267 0.3195169751 -54.53795225
0.009347362684 0.3370687452 -65.50827261
0.001788999051 0.334967779 -61.9946013
0.003077932426 0.3266792392 -60.04515769
0.01174671113 0.33190299 -65.29281405
0.007537451716 0.3317113169 -63.30513349
0.001245275635 0.3328189992 -60.59315712
0.00595855511 0.3287605309 -61.74399292
0.00482034581 0.3260755829 -60.33389006
-0.004134407273 0.3287973479 -56.45926956
0.008989726437 0.336622194 -65.91760067
0.01397488083 0.3308351166 -67.21303745
0.003510679694 0.3246304819 -59.21312194
-0.002370408261 0.3246574055 -55.57496447
0.004069366566 0.3223289958 -59.10249306
0.004390729769 0.3249917364 -60.09933188
0.003507036534 0.3203923176 -58.13709517
0.004022522794 0.3175160378 -57.67086079
0.01220638512 0.3118209833 -61.92745879
0.01004639516 0.3129060728 -60.59655061
0.008391450866 0.3136693841 -59.48996757
0.007112944199 0.3220427373 -60.90597096
0.01197525931 0.3261489766 -66.14119308
0.005077419724 0.325476825 -60.07576363
0.00451675775 0.3245703312 -59.32530405
0.007666693716 0.333387113 -64.61836506
0.01482313225 0.3308152519 -70.35028337
0.00561222243 0.3321845601 -62.25425302
0.002277847389 0.3388377937 -60.96760334
0.009484515598 0.3343127597 -66.70254954
0.005030714366 0.3325212895 -61.61908444
0.007269478396 0.3321464258 -63.83436684
-0.002128926909 0.3400061174 -56.54516159
0.007745886754 0.3365640909 -66.06410811
0.01078971419 0.3435108563 -71.33155578
-0.009496669354 0.3544100614 -52.05279477
-0.004424695489 0.3432974127 -54.47492856
-0.0016199866 0.3477782511 -58.83805785
0.004499356279 0.343780642 -65.14773744
0.009251647752 0.3552698319 -74.00475074
0.005941403042 0.3624476468 -72.27078686
0.01283594935 0.387268163 -88.06646547
-0.009973367965 0.3069356558 -46.18573549
-0.00921090342 0.3021566861 -44.71694701
-0.0106548031 0.2942975307 -42.23688765
-0.001945308958 0.2742245916 -36.43569597
-0.0163144581 0.2685236298 -33.67374606
-0.03633928846 0.2525009393 -26.4190791
-0.03377055549 0.2542860982 -27.11140695
-0.02461867915 0.2563884481 -29.18196525
-0.04509450024 0.2279640954 -16.81427331
-0.02723717411 0.2238564174 -19.54031356
-0.03675700815 0.2243184373 -17.53081328
-0.0215004418 0.2600996587 -32.57398536
-0.01593187004 0.2876350362 -42.71973003
-0.01903545634 0.2964347936 -43.95462921
-0.01052385229 0.3148950496 -52.13882009
0.01429414 0.3412935455 -68.48367016
0.01025039322 0.335902939 -65.29237024
0.01176401392 0.3425646755 -68.04046466
-0.0002958230525 0.3354095452 -61.13344732
0.007894989054 0.3332172922 -63.86312236
0.01081901384 0.3356593401 -65.93746638
0.004123956945 0.3294526709 -61.01880422
0.005889041987 0.3282928928 -61.44693241
0.005353918784 0.3349466396 -63.19242851
0.004706889805 0.3322877906 -62.07098179
0.00137566298 0.3332199115 -60.61892174
0.0009316637645 0.3184984273 -55.74635611
0.005409624638 0.3223004685 -59.53518802
0.001040799494 0.329111271 -58.99876252
0.004329952816 0.3301741229 -61.38450143
0.0009662996766 0.3329741622 -60.1718893
0.004072277878 0.3361831037 -63.22120783
-0.0003936228912 0.3250008222 -56.67748486
0.004081683844 0.3284737764 -61.02403569
0.005351463956 0.3228072132 -60.10079415
0.007724558134 0.3207224256 -61.20414044
0.009697931911 0.317322768 -61.60664816
0.01557125006 0.3144620776 -65.36572789
0.01286869708 0.3242996162 -66.20587951
0.0109264229 0.3261231299 -65.06536763
0.007778175848 0.3330187709 -64.67402383
0.01004699056 0.332560365 -66.50884134
0.000703139198 0.3324301187 -57.8871389
0.009962528426 0.3418375639 -69.55637653
0.007248203 0.3352060301 -64.83280034
0.009237304664 0.335857764 -67.01057996
0.006762216345 0.3307505475 -62.88145866
0.002643909944 0.3311452619 -58.88018453
0.002945772279 0.3406616345 -62.22368345
-0.003739498925 0.3292910831 -51.42453234
-0.004620212324 0.3527182374 -57.56774474
-0.003563158778 0.3409121475 -54.94679828
-0.01085869179 0.3411939889 -46.70119839
-0.008909953306 0.3188987067 -41.93864174
0.005635985272 0.321794341 -59.68929917
0.02375508356 0.3248664114 -82.10059347
0.0257927738 0.3558580903 -94.48208122
0.01106536122 0.3673200037 -80.19236842
-0.01603221137 0.2994002178 -43.69200795
-0.01275043182 0.2901544322 -40.68379134
-0.005919492557 0.2827896995 -38.47974654
-0.03247212745 0.2627619281 -30.06605221
-0.04227610187 0.2488954329 -24.57612164
-0.02663687466 0.2233194006 -17.90726159
-0.03418387311 0.2200587237 -15.90616534
-0.04033366847 0.225755887 -16.9344972
-0.02836153038 0.2421992733 -25.23630788
-0.01100629367 0.2803167059 -41.65481348
0.00216960838 0.3120525514 -55.0362187
-0.004117968975 0.2980595999 -49.12183575
0.005582219934 0.3128620908 -56.16966151
0.005313139045 0.3276195918 -60.93118173
0.00757604932 0.3433330784 -66.92394955
0.01623826089 0.331890867 -65.84168137
0.006482630918 0.3307107342 -62.16044579
0.002934704387 0.3256105712 -59.16589418
0.005114422024 0.3314728003 -62.03671645
0.01002138296 0.3334959029 -64.87136054
0.004598721879 0.3295804764 -61.21539476
0.00435687062 0.3260374508 -59.91072221
0.01372255913 0.3300794926 -65.81671236
0.01137265852 0.3309591189 -64.91221491
0.001754217038 0.3356474627 -61.4501861
-0.008301192042 0.331933385 -54.83543982
-0.0001819429163 0.3304000307 -58.88789465
-0.002662035902 0.3299108748 -57.15024391
0.006798272161 0.3336172994 -64.06452763
0.007015975839 0.3318814629 -63.63700164
0.0006374900129 0.334421901 -60.3762869
0.002695411108 0.3278943041 -59.59398984
-0.001886548721 0.3242154222 -55.2408616
-0.0003812175505 0.3344360681 -59.73883875
0.0005197325169 0.3290233114 -58.4330392
0.003786349616 0.3276399302 -60.44066928
0.00842182493 0.320192467 -61.46549428
0.01374002551 0.3225280673 -66.50488075
0.01051597419 0.3204934423 -63.16334886
0.01771624806 0.3076408954 -64.94551292
0.01559288214 0.3207742839 -67.42349925
0.009745281719 0.3304321545 -65.4637773
0.02052290378 0.3458428219 -80.4322632
0.009283232662 0.3465869152 -70.50993704
0.009488106695 0.3501296157 -71.92833465
0.02902975821 0.3686895577 -97.37941764
0.02951559362 0.3778725528 -101.1787443
0.01219614453 0.3902107381 -87.7044153
0 0 -1
-0.009703803978 0.381033332 -61.8923968
-0.02994472826 0.4097076331 -48.91312564
-0.02169998131 0.3728421918 -45.34002437
-0.01078148751 0.359329754 -53.24045732
-0.02048942533 0.364524751 -43.73743964
0.01173008608 0.3366386035 -72.2701426
0.04496866957 0.3398113167 -112.5458824
0.1355394354 0.1859883786 -169.3661499
0.117636647 0.1441560943 -133.1461957
-0.03017198643 0.294729471 -41.92049689
-0.03068765516 0.2770876703 -35.60493953
-0.04019395655 0.2441431489 -23.3690479
-0.0456796658 0.2253163211 -15.9209931
-0.05971468107 0.1882771311 -1.952924838
-0.03949646473 0.2000666319 -8.320333632
-0.03089808304 0.200420556 -9.644222635
-0.02663518625 0.2338196459 -22.34648792
-0.00564611469 0.2862520184 -44.16919201
-0.007175935368 0.3099538319 -52.44762155
0.006263605389 0.3136642178 -56.43504423
0.007038494676 0.314918932 -57.09060197
0.01440763635 0.3236672792 -62.01959798
0.01000606551 0.3281964597 -62.47538429
0.01126454831 0.3297635166 -63.38719475
0.00675881946 0.3222231667 -59.3875137
0.002211408452 0.3165952315 -55.75364273
0.00222247731 0.3244678241 -58.59702002
0.009722535499 0.3209110546 -60.23908381
0.004411845162 0.3229515684 -58.74543496
-0.005293352815 0.3177423429 -52.84566527
0.01134808572 0.3226581192 -62.18369102
0.01720406552 0.3243111962 -65.43723837
0.007646054214 0.3218477504 -59.78105295
0.003868610879 0.3231674137 -58.28379051
-0.002442427215 0.3192946016 -53.56154445
-0.0003420279549 0.3212348736 -55.58959167
0.005915177315 0.3261052203 -60.98292464
0.007906060245 0.323110406 -60.96867488
0.005624898085 0.3243240125 -59.99130457
-0.005674332628 0.3298179819 -54.61713021
0.0008709591944 0.31887886 -55.20104036
0.0003590863709 0.3286145239 -58.19413889
-0.0009535523974 0.3233066191 -55.44477317
0.003734235998 0.320363272 -57.80712865
0.002774831112 0.3249662045 -58.6318641
0.0003159783508 0.3140173061 -52.8933423
0.01184283222 0.3097137532 -60.46204174
0.01126469709 0.3173291302 -62.62082842
0.008652389242 0.3241721227 -62.8814308
0.0113934572 0.307440068 -59.44212022
0.03019994196 0.3031065366 -74.42380489
0.03343533417 0.3203734249 -83.29631698
0.0200728187 0.3486691693 -80.95925375
0.01701435575 0.3587255238 -81.86918493
0.02984154977 0.3752859235 -100.0143836
0.02059687252 0.3908421195 -96.33810164
0.02295037381 0.3789178577 -94.45745024
0.0007297207263 0.3875419794 -74.4804954
-0.008488726902 0.3813001627 -62.28960085
-0.01828732543 0.3729819556 -48.07912134
-0.03325336132 0.4125432072 -45.56067474
-0.01931064915 0.3990818848 -56.88208098
-0.03000102475 0.4861326911 -75.61823157
-0.007478443074 0.3899806639 -67.89974723
0.01556583558 0.3420182483 -78.52428188
0.05582197351 0.2238220292 -84.89185473
0.3439286263 0.345533035 -484.3046169
-0.04806639674 0.2924616309 -40.9168297
-0.05262555231 0.2636027151 -30.12086011
-0.05876269675 0.2227454435 -14.79623247
-0.04953132811 0.1854252914 -1.809713878
-0.05426185076 0.1661383441 5.454181073
-0.02914521055 0.1792904702 -2.274636403
-0.01588670448 0.2133553105 -16.50880197
0.005959592743 0.2696758837 -40.12845827
-0.001907514157 0.308595179 -52.85918822
-0.003659262824 0.3038052584 -50.75112332
0.0024049221 0.2994022443 -50.45284801
0.01385260986 0.2979245215 -52.77123252
0.01629953723 0.306137663 -56.31940107
0.01043744116 0.3093104301 -55.8393916
0.002594442013 0.2933505899 -47.75354158
0.006356986042 0.3014366945 -51.93315321
0.005082068532 0.2962709426 -49.58394163
0.005114416368 0.2963546618 -49.60275343
0.004771182839 0.2962704908 -49.43188964
0.003503173723 0.2906894523 -46.87484846
0.009218702284 0.3097286202 -56.49480991
0.01921770356 0.3179647588 -64.10300248
0.00745868098 0.3165540217 -57.89875747
-0.002017186253 0.2990560174 -46.75131528
-0.003551477337 0.2897186753 -42.45772657
-0.0004595041918 0.2809533145 -41.06969485
-0.000196309513 0.296266037 -46.71147147
0.003944717342 0.3102019654 -54.10354214
0.006935159218 0.2888258894 -48.12687967
0.002533681345 0.2920174957 -46.46932192
0.003735807972 0.2869746332 -45.51088785
0.002756866029 0.3118365663 -53.83748052
-0.003987159452 0.3102260332 -48.53134137
-0.004459993148 0.3001543145 -44.59264289
0.004106009215 0.299428572 -50.59465175
0.003424899331 0.3046954988 -51.94024274
0.004028618672 0.3167362841 -56.71542409
0.008795488402 0.3029467247 -55.48929242
0.006921785574 0.2966612299 -51.62252928
0.009096656386 0.2981612288 -54.03534662
0.006388351073 0.290556916 -48.97523611
0.02425642209 0.2741978049 -58.83555837
0.04161640361 0.263989086 -70.87444445
0.0511095729 0.2966010377 -91.45156845
0.03625308622 0.3286811721 -89.23578099
0.03582742992 0.3617422652 -100.8234915
0.02308118601 0.3729853484 -92.49745939
0.00949822296 0.3494286068 -70.23639013
0.01934233738 0.3689499266 -87.34100552
-0.001153516437 0.3743870017 -67.74686243
-0.005889877697 0.3378281509 -49.32815589
-0.02136942068 0.3639314863 -41.63997247
0.005825835548 0.442341745 -100.6484769
-0.01620502359 0.4970427012 -95.02746093
-0.02558217906 0.4963400712 -84.13549248
-0.02416751498 0.7216756216 -169.6691806
0.0004134625883 0.6716083488 -180.8810818
0.01454693055 0.3752118923 -88.54531121
