0 1 3
1 2 3
2 62 3
2 5 3
5 6 3
6 7 3
7 65 3
65 67 0
9 67 3
9 10 3
10 11 3
11 12 3
12 14 3
14 15 3
15 16 3
16 18 3
18 19 3
19 20 3
20 22 1
22 23 3
23 24 3
24 25 3
25 26 3
26 27 3
27 28 3
28 29 3
29 30 3
30 31 3
31 33 1
33 91 3
35 91 1
35 36 3
36 37 3
37 38 3
38 39 3
39 40 3
40 41 3
41 42 3
42 43 3
43 45 3
45 105 3
48 105 3
48 49 3
49 52 3
52 53 3
53 55 3
55 56 3
56 57 3
14 71 3
47 105 3
47 48 3
32 33 1
5 62 3
12 71 3
43 44 3
31 32 3
44 45 3
49 108 3
52 108 3
1 59 3
20 79 3
22 79 0
2 61 3
5 63 3
1 60 3
2 60 3
61 62 3
19 77 3
20 77 3
52 109 3
60 61 3
18 75 3
0 58 0
0 59 3
59 60 3
62 63 3
9 68 3
22 80 2
23 80 2
108 109 3
58 59 1
6 63 3
16 75 3
41 100 3
49 107 3
67 68 3
42 100 3
55 113 3
56 114 3
10 68 3
23 81 3
48 107 3
107 108 3
56 113 3
24 81 2
40 98 3
113 114 3
57 115 3
6 64 3
15 73 3
18 77 3
29 145 3
30 88 3
39 98 3
43 101 3
7 64 3
16 73 3
16 74 3
29 88 3
91 93 0
35 93 3
45 102 3
48 106 3
106 107 3
11 69 3
74 75 3
28 86 3
29 86 3
31 89 1
38 96 3
41 98 3
42 101 3
56 115 3
31 88 3
36 94 3
37 94 3
37 95 3
37 96 3
39 96 3
39 97 3
102 105 3
64 65 3
10 69 3
14 72 3
73 74 3
18 76 3
24 83 0
26 84 3
27 84 3
93 94 3
97 98 3
44 101 3
44 102 3
114 115 3
63 64 3
12 69 3
71 72 3
75 76 3
76 77 3
80 81 3
25 83 3
86 145 3
32 89 1
32 91 1
47 106 3
81 83 0
88 89 3
94 95 3
96 97 3
41 99 3
52 111 3
53 111 3
26 83 3
27 86 3
99 100 3
79 80 1
89 91 1
98 99 3
53 113 3
83 84 3
88 145 3
95 96 3
111 113 3
15 72 3
72 73 3
77 79 3
109 111 3
68 69 3
69 71 3
84 86 3
101 102 3
109 168 3
111 168 3
62 120 3
63 120 3
113 170 3
75 134 3
76 134 3
105 106 3
111 170 3
63 122 3
64 122 3
67 126 3
72 130 3
93 149 3
105 163 3
106 163 3
109 167 3
68 126 3
99 158 3
100 158 3
167 168 3
59 117 0
63 121 3
121 122 3
65 124 0
67 124 3
88 147 3
89 147 2
91 149 0
120 121 3
73 130 3
88 146 3
107 164 3
58 117 3
61 119 3
62 119 3
65 123 3
73 131 3
86 143 3
89 148 2
95 153 3
96 153 3
97 155 3
98 156 3
102 161 3
107 166 3
108 166 3
59 118 3
60 118 3
119 120 3
123 124 3
69 127 3
77 136 3
79 137 3
80 137 0
83 140 3
84 143 3
86 144 3
146 147 3
94 152 3
96 155 3
97 156 3
99 157 3
102 160 3
106 164 3
114 173 3
115 173 3
68 127 3
69 129 0
71 129 3
71 130 3
74 131 3
74 132 3
75 132 3
77 135 3
80 139 0
81 139 0
83 139 3
83 141 3
84 142 3
144 145 3
91 148 0
149 207 3
93 152 3
157 158 3
111 169 3
58 116 3
116 117 3
61 118 3
64 123 3
67 125 3
130 131 3
135 136 3
79 136 3
80 138 0
140 141 3
83 142 3
143 144 3
93 151 3
94 153 3
96 154 3
98 157 3
160 161 3
108 167 3
168 169 3
113 171 3
114 172 3
125 126 3
131 132 3
136 137 3
137 138 3
138 139 3
139 140 3
141 142 3
154 155 3
156 157 3
101 217 3
169 170 3
170 171 3
171 172 3
172 173 3
117 118 1
127 129 3
142 143 3
145 146 3
147 148 3
148 149 3
151 152 3
153 154 3
155 156 3
42 158 3
102 163 3
164 166 3
77 134 3
64 180 3
75 191 3
149 151 3
118 119 3
122 180 3
123 180 3
132 191 3
134 191 3
101 160 3
166 223 3
164 223 3
166 167 3
129 130 3
134 135 3
151 207 3
152 153 3
160 217 3
124 125 3
148 207 3
101 158 3
163 164 3
119 177 0
126 127 3
158 217 3
158 216 3
102 220 3
120 177 3
134 193 3
135 193 3
216 217 3
161 220 3
118 176 0
123 182 3
124 182 3
143 201 3
146 203 3
152 210 3
153 210 3
163 220 3
163 221 3
170 228 3
118 177 0
126 185 3
127 185 3
142 201 3
145 203 3
154 212 3
155 212 3
167 225 3
171 228 3
117 176 3
176 177 3
120 178 3
121 178 3
144 201 3
155 213 3
156 215 3
157 215 3
164 221 3
168 225 3
173 230 3
129 187 3
130 188 3
136 193 3
137 195 3
138 195 3
207 209 3
151 209 3
156 213 3
161 219 3
172 230 3
116 174 3
116 175 3
117 175 3
125 183 3
126 184 3
187 188 3
131 188 3
131 189 3
132 189 3
134 192 3
136 195 3
139 197 3
140 199 3
141 199 3
147 206 3
148 206 3
153 211 3
156 214 3
219 220 3
220 221 3
223 224 3
166 224 3
168 226 3
169 227 3
171 229 3
175 176 3
123 239 3
132 190 3
192 193 3
138 197 3
206 207 3
209 210 3
210 211 3
211 212 3
212 213 3
214 215 3
215 216 3
160 218 3
161 218 3
224 225 3
225 226 3
226 227 3
227 228 3
229 230 3
173 231 3
174 175 3
180 239 3
182 239 1
124 183 3
125 184 3
184 185 3
127 187 3
191 192 3
140 197 3
228 229 3
230 231 3
177 178 3
189 190 3
190 191 3
136 194 3
197 199 3
217 218 3
194 195 3
142 199 3
142 200 3
144 203 3
213 214 3
183 184 3
188 189 3
193 194 3
199 200 3
200 201 3
201 203 3
121 180 3
218 219 3
178 180 3
182 183 3
185 187 3
207 266 3
209 266 3
164 280 3
203 262 3
146 262 3
146 206 3
221 280 3
223 280 3
178 237 3
180 237 2
239 240 0
182 240 3
206 262 3
206 263 3
189 247 3
185 244 3
187 244 3
217 276 3
218 276 3
178 236 3
185 243 3
199 256 3
213 272 3
214 272 3
184 243 3
195 254 3
197 256 3
201 259 3
201 260 3
203 260 3
203 261 3
195 252 3
177 236 3
244 245 3
187 245 3
189 246 3
194 252 3
195 197 3
200 259 3
260 261 3
262 263 3
207 265 3
212 270 3
213 270 3
230 288 3
231 288 3
174 232 3
175 232 3
180 238 3
183 241 3
183 242 3
184 242 3
188 246 3
246 247 3
192 250 3
197 254 3
261 262 3
206 265 3
265 266 3
212 269 3
218 277 3
219 277 3
225 283 3
175 233 3
176 233 3
177 235 3
182 241 3
191 250 3
252 254 3
199 257 3
259 260 3
266 267 3
209 267 3
211 269 3
219 278 3
224 282 3
226 283 3
176 235 3
237 238 3
188 245 3
256 257 3
200 257 3
210 267 3
220 278 3
223 282 3
176 234 3
240 241 3
190 248 3
191 249 3
193 252 3
206 264 3
210 268 3
215 272 3
215 273 3
221 279 3
223 281 3
226 284 3
227 285 3
228 286 3
229 287 3
231 289 3
232 233 3
233 234 3
234 235 3
241 242 3
190 249 3
249 250 3
197 255 3
255 256 3
264 265 3
268 269 3
216 273 3
216 274 3
216 276 3
278 279 3
280 281 3
281 282 3
282 283 3
283 284 3
284 285 3
285 286 3
286 287 3
287 288 3
235 236 3
236 237 3
238 239 3
189 248 3
248 249 3
192 251 3
193 251 3
254 255 3
267 268 3
279 280 3
288 289 3
243 244 3
250 251 3
251 252 3
263 264 3
269 270 3
213 271 3
272 273 3
273 274 3
274 276 3
276 277 3
277 278 3
245 246 3
270 271 3
271 272 3
242 243 3
247 248 3
252 311 3
200 316 3
254 311 3
257 316 3
276 334 3
259 316 3
246 304 3
276 333 3
245 304 3
274 333 3
287 345 3
333 334 3
288 345 3
238 296 3
239 296 3
259 317 3
260 317 3
240 298 3
244 302 3
245 302 3
261 318 3
262 318 3
241 298 3
256 315 3
257 315 3
260 318 3
239 298 0
241 299 3
242 299 3
247 304 3
251 309 3
254 312 3
265 323 3
266 325 3
267 325 3
273 331 3
232 291 3
233 291 3
239 355 3
243 302 3
247 305 3
248 306 3
249 306 3
252 309 3
311 312 3
255 313 3
255 315 3
316 317 3
262 320 3
263 320 3
266 323 3
269 327 3
270 327 3
270 386 3
272 331 3
277 335 3
278 335 3
232 290 3
234 292 3
235 293 3
236 293 3
236 294 3
296 355 3
298 355 1
242 300 3
243 301 3
304 305 3
249 307 3
252 310 3
254 313 3
317 318 3
263 321 3
263 322 3
264 322 3
268 326 3
268 327 3
278 336 3
279 337 3
280 338 3
281 339 3
282 340 3
283 341 3
284 342 3
285 342 3
285 343 3
286 344 3
291 292 3
292 293 3
237 294 3
299 300 3
300 301 3
301 302 3
248 305 3
250 307 3
250 308 3
251 308 3
309 310 3
312 313 3
315 316 3
322 323 3
268 325 3
326 327 3
334 335 3
335 336 3
336 337 3
337 338 3
338 339 3
339 340 3
340 341 3
341 342 3
343 344 3
344 345 3
237 296 3
298 299 3
305 306 3
306 307 3
307 308 3
313 315 3
318 320 3
320 321 3
327 386 3
342 343 3
289 345 3
321 322 3
325 326 3
290 291 3
294 296 3
274 331 3
293 294 3
308 309 3
315 373 3
323 325 3
270 387 3
298 414 3
310 311 3
386 387 3
271 387 3
271 388 3
355 414 0
313 373 3
274 391 3
333 391 3
345 346 1
345 347 1
296 353 3
272 388 3
346 347 3
331 388 3
302 361 3
245 361 3
331 391 3
344 403 1
345 403 1
304 361 3
346 403 3
294 353 3
305 363 3
317 374 3
304 363 3
313 372 3
372 373 3
312 371 3
313 371 3
344 402 1
323 382 3
325 382 3
402 403 3
361 419 3
304 419 3
334 391 3
343 401 1
344 401 1
310 368 3
327 385 3
401 402 3
296 354 3
354 355 3
301 359 3
310 367 3
311 368 3
371 372 3
290 348 3
291 348 3
294 352 3
305 364 3
309 367 3
325 383 3
326 383 3
387 388 3
335 393 3
336 393 3
342 400 1
343 400 1
346 405 3
347 405 3
352 353 3
299 357 3
306 364 3
321 379 3
326 384 3
291 349 3
292 350 3
293 351 3
298 357 3
300 358 3
300 359 3
302 359 3
311 369 3
312 370 3
315 374 3
316 374 3
322 379 3
322 380 3
323 381 3
327 384 3
334 392 3
400 401 3
348 349 3
349 350 3
350 351 3
351 352 3
353 354 3
299 358 3
307 364 3
308 366 3
367 368 3
369 370 3
318 374 3
320 378 3
321 378 3
380 381 3
381 382 3
384 385 3
385 386 3
391 392 3
392 393 3
309 366 3
368 369 3
370 371 3
379 380 3
338 340 3
341 399 1
342 399 1
357 358 3
363 364 3
378 379 3
340 398 1
340 399 1
399 400 3
307 365 3
318 378 3
382 383 3
398 399 3
358 359 3
308 365 3
373 374 3
374 433 3
337 393 3
337 395 1
338 395 1
338 396 1
340 397 1
357 414 3
364 365 3
365 366 3
340 396 1
397 398 3
346 404 3
359 361 3
396 397 3
403 404 3
404 405 3
366 367 3
318 433 3
395 396 3
364 421 3
374 432 3
363 421 3
373 432 3
359 418 3
361 418 3
378 433 3
393 452 1
337 452 1
383 384 3
393 451 1
395 452 3
451 452 3
358 416 3
418 476 3
432 433 3
392 451 1
357 416 3
363 419 1
372 431 3
373 431 3
431 432 3
378 436 3
391 448 3
391 449 1
392 449 1
387 444 3
403 461 3
357 415 3
359 476 3
379 436 3
386 444 3
388 391 3
448 449 3
449 451 3
404 461 3
352 410 3
355 413 3
415 416 3
368 426 3
379 437 3
387 445 3
388 445 3
388 447 3
391 447 3
348 407 3
349 407 3
353 410 3
354 413 3
413 414 0
359 417 3
366 425 3
367 425 3
367 426 3
378 435 3
383 441 3
388 446 3
348 406 3
350 408 3
351 409 3
414 415 3
358 417 3
369 426 3
369 428 3
370 428 3
371 429 3
372 430 3
436 437 3
380 438 3
381 439 3
382 440 3
384 441 3
384 443 3
385 443 3
445 446 3
446 447 3
447 448 3
395 453 3
396 454 3
397 455 3
398 456 3
399 457 3
400 458 3
401 459 3
402 460 3
404 462 3
405 463 3
407 408 3
408 409 3
409 410 3
417 476 3
364 422 3
366 424 3
425 426 3
428 429 3
429 430 3
435 436 3
379 438 3
438 439 3
439 440 3
440 441 3
384 442 3
452 453 3
453 454 3
454 455 3
455 456 3
456 457 3
457 458 3
458 459 3
459 460 3
460 461 3
461 462 3
462 463 3
406 407 3
353 411 3
414 472 3
416 417 3
363 420 3
421 422 3
365 422 3
365 424 3
430 431 3
437 438 3
442 443 3
386 443 3
410 411 3
420 421 3
424 425 3
441 442 3
444 445 3
451 508 3
449 508 3
411 469 3
354 411 3
418 419 2
419 420 0
369 427 3
443 444 3
424 482 3
427 428 3
426 427 3
433 492 2
433 435 3
365 482 3
417 475 3
475 476 3
419 476 0
365 423 3
415 472 3
422 423 3
425 484 3
426 484 3
411 413 3
413 472 0
435 492 3
438 496 3
421 480 2
422 480 3
437 496 3
449 507 3
451 509 3
432 491 2
448 507 3
508 509 3
452 509 3
413 469 3
433 491 2
421 479 2
423 482 3
427 485 3
428 487 3
429 487 3
444 502 3
459 517 3
479 480 3
428 485 3
443 502 3
458 517 3
410 468 3
415 473 3
416 473 3
416 474 3
428 486 3
430 487 3
441 499 3
442 501 3
443 501 3
452 510 3
453 510 3
409 468 3
417 474 3
483 484 3
440 499 3
445 502 3
406 464 3
407 465 3
408 466 3
410 469 3
425 483 3
438 497 2
439 497 2
440 497 2
446 504 3
446 505 3
447 505 3
448 505 3
507 508 3
453 511 3
454 512 3
455 512 3
455 513 3
457 515 3
458 516 3
460 518 3
461 519 3
462 520 3
463 521 3
464 465 3
465 466 3
468 469 3
413 471 3
424 483 3
430 488 2
440 498 2
442 499 3
501 502 3
445 504 3
504 505 3
509 510 3
511 512 3
512 513 3
456 513 3
456 515 3
515 516 3
517 518 3
518 519 3
519 520 3
520 521 3
471 472 0
474 475 3
420 478 2
423 480 3
486 487 3
487 488 3
431 488 2
431 489 2
432 489 2
496 497 3
497 498 3
510 511 3
409 466 3
472 473 3
473 474 3
420 479 3
426 485 3
485 486 3
435 494 3
436 494 3
437 494 3
437 495 3
448 506 3
506 507 3
419 478 2
489 490 3
432 490 2
492 494 3
495 496 3
498 499 3
442 558 2
513 514 3
456 514 3
516 517 3
494 495 3
499 558 3
505 506 3
514 515 3
409 467 3
469 471 3
488 489 3
490 491 3
502 504 3
466 467 3
467 468 3
476 478 1
484 485 3
478 479 2
482 483 3
501 558 3
492 553 3
494 553 2
502 561 3
504 561 3
472 530 3
491 492 3
495 553 2
471 530 3
475 478 1
474 533 1
475 533 1
480 482 3
469 528 3
471 528 3
475 535 1
551 553 3
478 535 2
478 536 2
492 551 3
468 527 3
469 527 3
475 534 1
552 553 3
473 530 3
534 535 3
490 549 3
491 549 3
551 552 3
499 557 2
501 559 3
509 568 2
533 534 3
482 540 3
486 544 2
498 557 3
557 558 3
507 566 3
508 566 3
510 568 2
517 575 3
480 540 3
484 542 2
485 542 3
487 544 3
496 553 3
496 554 3
509 566 3
516 575 3
518 575 3
489 547 3
490 547 3
492 550 3
497 554 3
558 559 3
504 563 3
505 563 3
566 568 3
464 522 3
465 523 3
466 523 3
468 526 3
535 536 3
483 540 3
483 541 3
484 541 2
485 543 2
486 543 3
488 545 3
488 546 3
488 547 3
492 549 3
553 554 3
497 555 3
498 556 3
502 560 3
511 568 2
513 571 2
514 571 2
515 573 3
516 573 3
518 576 3
519 577 3
520 578 3
521 578 3
522 523 3
466 524 3
467 524 3
467 525 3
467 526 3
526 527 3
480 538 3
541 542 3
487 545 2
545 546 3
490 548 3
549 550 3
554 555 3
555 556 3
501 560 3
511 569 2
512 569 2
512 571 2
514 573 3
575 576 3
576 577 3
577 578 3
479 536 1
479 537 1
479 538 3
542 543 3
543 544 3
546 547 3
547 548 3
548 549 3
550 551 3
556 557 3
559 560 3
561 563 3
568 569 3
512 570 2
524 525 3
536 537 3
480 539 3
539 540 3
544 545 3
507 565 3
565 566 3
570 571 3
537 538 3
538 539 3
560 561 3
569 570 3
523 524 3
540 541 3
562 563 3
506 565 3
573 575 3
474 531 3
561 562 3
506 563 3
525 526 3
531 533 3
530 587 3
473 587 1
473 531 3
563 565 3
527 528 3
531 587 3
471 587 3
528 587 3
571 573 3
531 590 3
533 590 3
566 625 3
587 588 3
558 616 3
565 625 3
568 625 3
568 626 3
531 588 3
554 613 3
555 613 3
557 616 3
625 626 3
541 599 3
556 613 3
561 620 3
562 620 3
573 631 2
575 631 2
527 585 3
535 593 3
536 594 3
540 599 2
544 602 3
547 605 3
550 609 3
551 609 3
554 612 3
569 628 3
570 628 3
575 633 3
536 593 3
545 602 3
548 605 3
548 607 3
549 607 3
562 621 3
563 621 3
626 628 3
576 633 3
534 592 3
542 600 3
543 600 3
543 601 3
544 601 3
545 604 3
546 604 3
550 607 3
612 613 3
556 614 3
565 621 3
571 631 3
577 635 2
522 580 3
528 586 3
533 592 3
539 598 3
540 598 2
600 601 3
607 609 3
551 610 3
552 610 3
553 611 3
553 612 3
613 614 3
557 615 3
559 617 3
560 618 3
561 619 3
576 635 2
523 580 3
526 584 3
527 584 3
534 593 3
599 600 3
545 603 3
604 605 3
548 606 3
610 611 3
556 615 3
615 616 3
616 617 3
617 618 3
618 619 3
565 622 3
565 624 3
624 625 3
631 633 3
578 635 2
578 636 3
528 585 3
586 587 3
593 594 3
537 594 3
537 596 2
538 596 3
598 599 3
601 602 3
603 604 3
609 610 3
611 612 3
614 615 3
619 620 3
620 621 3
621 622 3
565 623 3
570 630 3
571 630 3
635 636 3
525 584 3
584 585 3
539 596 3
602 603 3
606 607 3
523 581 3
524 582 3
525 582 3
585 586 3
531 589 3
590 592 3
592 593 3
605 606 3
622 623 3
623 624 3
628 630 3
580 581 3
524 581 3
525 583 3
588 589 3
589 590 3
582 583 3
583 584 3
630 631 3
633 635 3
581 582 3
594 596 3
596 653 3
631 691 3
596 598 3
633 691 1
594 653 2
633 692 1
635 692 2
607 665 3
609 665 3
623 681 3
622 681 3
598 656 3
612 670 3
615 674 3
616 674 3
626 685 3
628 685 3
611 670 3
613 673 3
614 673 3
624 681 3
626 684 3
631 690 3
691 692 3
617 674 3
625 683 3
625 684 3
690 691 3
635 693 2
610 668 3
613 671 3
624 683 3
692 693 3
588 646 3
609 668 3
671 673 3
628 687 3
630 687 3
636 693 1
581 639 3
596 656 3
665 666 3
609 666 3
613 670 3
617 676 3
618 676 3
620 679 3
621 679 3
683 684 3
580 639 3
582 639 3
582 641 3
583 641 3
586 644 3
596 655 3
599 656 3
606 665 3
615 673 3
619 676 3
580 638 3
584 641 3
584 642 3
585 644 3
587 644 3
587 646 2
589 647 3
589 592 3
592 649 2
592 650 2
593 650 2
594 652 2
653 654 3
596 654 3
655 656 3
599 657 3
600 658 3
601 659 3
602 660 3
603 661 3
604 662 3
606 664 3
609 667 3
611 669 3
670 671 3
672 673 3
619 678 3
620 678 3
684 685 3
630 688 3
636 694 1
638 639 3
582 640 3
585 642 3
587 645 3
589 646 3
654 655 3
656 657 3
657 658 3
658 659 3
659 660 3
660 661 3
661 662 3
605 662 3
605 663 3
605 664 3
664 665 3
666 667 3
667 668 3
668 669 3
669 670 3
671 672 3
622 679 3
693 694 3
639 640 3
641 642 3
585 643 3
644 645 3
645 646 3
646 647 3
593 651 2
593 652 2
652 653 3
662 663 3
663 664 3
673 674 3
676 678 3
628 744 3
642 643 3
589 649 3
649 650 3
651 652 3
617 675 3
678 679 3
685 744 3
687 744 3
687 688 3
674 675 3
675 676 3
631 688 3
647 649 3
650 651 3
640 641 3
643 644 3
679 681 3
673 852 3
674 852 3
688 690 3
676 737 3
678 737 3
691 749 3
624 682 3
692 749 3
649 706 3
676 734 3
681 682 3
688 748 3
690 748 3
647 706 3
675 734 3
682 683 3
687 746 3
688 746 3
679 738 3
681 738 3
682 741 3
683 741 3
694 753 3
670 729 3
671 729 3
744 746 3
645 703 2
658 716 3
664 723 3
665 723 3
676 735 3
735 737 3
690 749 3
646 703 3
647 705 3
652 711 3
653 711 3
659 716 3
671 730 3
672 730 3
734 735 3
679 737 3
693 752 3
694 752 3
644 703 2
646 705 3
650 708 3
664 722 3
666 723 3
668 726 3
669 726 3
670 728 3
673 731 3
731 852 3
688 747 3
747 748 3
692 750 3
752 753 3
638 696 3
639 697 3
642 701 2
643 701 2
643 702 2
644 702 2
649 708 3
651 709 3
654 711 3
654 713 3
655 713 3
656 714 3
657 715 3
657 716 3
716 717 3
659 717 3
660 718 3
661 718 3
661 719 3
661 720 3
662 720 3
663 721 3
664 721 3
669 728 3
728 729 3
672 731 3
681 739 3
684 741 3
744 745 3
745 746 3
748 749 3
693 750 3
639 696 3
640 697 3
641 699 2
642 699 2
701 702 3
702 703 3
646 704 3
705 706 3
649 707 3
708 709 3
652 709 3
654 712 3
713 714 3
714 715 3
715 716 3
717 718 3
719 720 3
720 721 3
721 722 3
666 724 3
667 725 3
729 730 3
730 731 3
675 852 3
738 739 3
682 739 3
699 701 3
703 704 3
704 705 3
706 707 3
707 708 3
652 710 3
711 712 3
712 713 3
718 719 3
723 724 3
724 725 3
725 726 3
669 727 3
737 738 3
682 740 3
684 803 3
746 747 3
640 699 2
709 710 3
710 711 3
722 723 3
726 727 3
727 728 3
739 740 3
740 741 3
741 803 3
750 752 3
749 750 3
696 697 3
685 803 3
640 756 2
736 737 3
737 797 3
738 797 3
744 803 3
697 756 3
699 756 3
731 790 3
790 852 3
734 852 3
735 736 3
699 758 3
701 758 3
741 800 3
800 803 3
749 808 3
852 853 3
748 808 3
739 797 3
801 803 3
699 757 3
800 801 3
750 808 3
756 757 3
745 803 3
737 795 3
748 807 3
807 808 3
791 852 3
735 794 3
736 795 3
701 759 3
725 783 3
790 791 3
736 794 3
796 797 3
702 759 3
711 769 3
712 769 3
726 783 3
737 796 3
750 809 3
752 811 3
703 762 3
704 762 3
705 764 3
706 764 3
747 805 3
752 809 3
702 761 3
703 761 3
710 769 3
717 775 3
730 789 3
731 789 3
795 796 3
745 804 3
746 804 3
747 804 3
808 809 3
752 810 3
705 763 3
708 766 3
709 766 3
710 768 3
716 775 3
718 775 3
794 795 3
740 798 3
802 803 3
803 804 3
804 805 3
809 810 3
810 811 3
696 754 3
697 755 3
757 758 3
763 764 3
707 764 3
707 765 3
707 766 3
709 767 3
709 768 3
768 769 3
712 770 3
713 771 3
714 772 3
715 772 3
715 773 3
716 774 3
718 776 3
719 777 3
720 778 3
721 779 3
722 780 3
723 781 3
724 782 3
726 784 3
727 785 3
728 786 3
729 787 3
741 799 3
801 802 3
748 805 3
754 755 3
755 756 3
758 759 3
761 762 3
762 763 3
764 765 3
767 768 3
769 770 3
713 770 3
771 772 3
772 773 3
773 774 3
774 775 3
775 776 3
776 777 3
777 778 3
778 779 3
779 780 3
780 781 3
781 782 3
782 783 3
783 784 3
784 785 3
785 786 3
786 787 3
789 790 3
735 852 3
797 798 3
740 799 3
766 767 3
730 787 3
799 800 3
753 811 3
765 766 3
770 771 3
805 807 3
798 799 3
759 761 3
802 804 3
850 852 3
850 853 2
794 852 3
802 861 3
804 861 3
805 806 3
806 807 3
791 850 3
799 858 3
730 846 3
789 846 3
798 858 3
787 846 3
759 818 3
761 818 3
800 858 3
798 856 3
851 853 3
797 856 3
807 866 3
858 920 3
806 866 3
850 851 3
866 867 3
808 866 3
798 857 3
857 858 3
804 862 3
764 822 3
797 855 3
801 858 3
861 862 3
757 815 3
758 815 3
758 816 3
759 816 3
761 819 3
789 848 3
855 856 3
805 862 3
809 866 3
755 813 3
759 817 3
762 819 3
766 824 3
783 841 3
790 848 3
791 849 3
795 852 3
795 854 3
796 855 3
756 813 3
817 818 3
762 820 3
763 822 3
767 824 3
778 837 3
779 837 3
782 841 3
784 842 3
786 844 3
786 845 3
787 845 3
790 849 3
796 854 3
754 812 3
763 820 3
765 822 3
765 823 3
767 825 3
768 826 3
769 827 3
770 828 3
771 829 3
772 830 3
773 831 3
773 832 3
774 832 3
775 833 3
776 834 3
777 835 3
778 836 3
780 837 3
780 838 3
781 838 3
781 839 3
782 840 3
841 842 3
785 843 3
785 844 3
856 857 3
801 920 3
806 864 3
812 813 3
756 814 3
815 816 3
816 817 3
823 824 3
825 826 3
826 827 3
827 828 3
828 829 3
829 830 3
830 831 3
831 832 3
832 833 3
833 834 3
834 835 3
835 836 3
836 837 3
837 838 3
839 840 3
840 841 3
842 843 3
843 844 3
844 845 3
795 853 1
854 855 3
805 863 3
805 864 3
813 814 3
757 814 3
819 820 3
822 823 3
824 825 3
849 850 3
802 920 3
814 815 3
838 839 3
845 846 3
848 849 3
853 854 0
862 863 3
864 866 3
866 868 3
809 868 1
810 868 1
818 819 3
867 868 3
863 864 3
810 869 1
868 869 3
820 822 3
846 848 3
861 920 3
853 912 3
854 912 1
858 917 3
917 920 3
920 980 3
853 910 2
846 905 3
848 905 3
851 910 3
862 920 3
864 922 3
866 922 3
866 923 3
868 926 3
817 875 3
820 879 3
822 879 3
850 908 3
867 926 3
849 908 3
853 911 3
848 907 3
849 907 3
850 909 3
851 909 3
911 912 3
922 923 3
866 924 3
867 924 2
815 874 3
816 874 3
822 880 3
842 900 3
908 909 3
855 912 1
857 915 3
923 924 3
818 876 3
819 876 3
819 877 3
823 880 3
825 883 3
831 889 3
832 889 3
837 895 3
839 898 3
840 898 3
843 900 3
843 902 3
844 902 3
855 914 3
856 915 3
867 925 3
812 870 3
813 871 3
814 872 3
815 872 3
817 874 3
817 876 3
876 877 3
820 877 3
820 878 3
879 880 3
823 881 3
824 882 3
824 883 3
825 884 3
826 884 3
827 885 3
828 886 3
829 887 3
830 887 3
830 888 3
832 890 3
833 891 3
834 892 3
835 892 3
835 894 3
836 894 3
836 895 3
838 896 3
839 897 3
841 899 3
842 899 3
843 901 3
845 902 3
845 903 3
846 904 3
856 914 3
858 916 3
918 920 3
863 922 3
924 925 3
870 871 3
814 871 3
815 873 3
875 876 3
878 879 3
881 882 3
884 885 3
885 886 3
886 887 3
888 889 3
890 891 3
891 892 3
895 896 3
896 897 3
841 898 3
899 900 3
901 902 3
903 904 3
904 905 3
909 910 3
912 914 0
914 915 3
858 915 3
916 917 3
917 918 3
869 926 3
872 873 3
873 874 3
880 881 3
882 883 3
883 884 3
889 890 3
897 898 3
900 901 3
902 903 3
910 911 3
912 913 3
925 926 3
874 875 3
877 878 3
887 888 3
907 908 3
913 914 0
915 916 3
871 872 3
894 895 3
898 899 3
863 920 3
892 894 3
905 907 3
920 977 3
863 980 1
922 980 1
926 927 3
907 964 3
918 977 3
905 964 3
894 951 3
892 951 3
899 958 3
900 958 3
912 970 3
913 970 2
926 984 3
882 941 3
883 941 3
916 974 3
925 984 3
907 966 3
908 966 3
909 967 3
915 974 3
917 975 3
979 980 3
908 967 3
913 972 3
916 975 3
918 976 3
920 979 3
894 952 3
895 952 3
901 958 3
911 969 3
914 972 1
917 976 3
923 980 1
888 946 3
889 946 3
889 948 3
890 948 3
977 979 3
925 983 3
927 984 3
874 932 3
875 932 3
882 940 3
891 948 3
902 960 3
903 960 3
903 961 3
910 967 3
910 969 3
915 972 1
979 1036 3
923 981 1
870 928 3
871 929 3
872 930 3
873 932 3
875 933 3
876 934 3
877 935 3
878 936 3
879 937 3
880 938 3
881 939 3
940 941 3
884 942 3
885 943 3
886 944 3
887 945 3
887 946 3
889 947 3
891 949 3
892 950 3
951 952 3
895 953 3
896 954 3
896 955 3
897 955 3
898 956 3
899 957 3
901 960 3
904 961 3
904 962 3
905 963 3
910 968 3
911 970 3
975 976 3
977 1036 3
980 981 3
924 983 3
983 984 3
927 985 3
928 929 3
929 930 3
932 933 3
933 934 3
934 935 3
935 936 3
936 937 3
937 938 3
938 939 3
939 940 3
941 942 3
942 943 3
943 944 3
886 945 3
945 946 3
948 949 3
949 950 3
953 954 3
954 955 3
955 956 3
956 957 3
901 959 3
960 961 3
904 963 3
963 964 3
966 967 3
967 968 3
968 969 3
915 1031 1
976 977 3
984 985 3
946 947 3
947 948 3
950 951 3
952 953 3
957 958 3
907 1024 3
969 970 3
972 1031 3
974 1031 1
974 975 3
944 945 3
958 959 3
959 960 3
961 962 3
964 1024 3
962 963 3
966 1024 3
913 1029 2
970 1029 3
873 930 3
972 1029 2
923 1040 1
930 932 3
981 1040 3
924 1040 1
974 1032 1
924 1041 1
983 1041 1
1031 1032 3
1023 1024 3
1040 1041 3
964 1023 3
930 989 3
932 989 3
972 1030 3
975 1033 3
951 1009 3
1029 1030 3
974 1033 3
980 1038 3
980 1039 3
981 1039 3
943 1001 3
952 1009 3
977 1035 3
979 1037 3
979 1038 3
984 1041 1
984 1042 3
944 1001 3
968 1027 3
969 1027 3
976 1035 3
1036 1037 3
1038 1039 3
933 991 3
938 996 3
939 996 3
941 999 3
950 1009 3
958 1016 3
967 1025 3
968 1025 3
1041 1042 0
930 988 3
988 989 3
932 990 3
933 990 3
934 991 3
939 997 3
940 999 3
942 1000 3
943 1000 3
952 1010 3
959 1016 3
960 1018 3
963 1021 3
964 1021 3
968 1026 3
970 1028 3
975 1034 3
976 1034 3
928 986 3
929 987 3
934 993 3
935 993 3
937 995 3
996 997 3
940 998 3
944 1002 3
945 1003 3
946 1004 3
947 1005 3
948 1006 3
949 1007 3
950 1008 3
952 1011 3
953 1011 3
954 1012 3
955 1013 3
956 1014 3
957 1015 3
959 1017 3
959 1018 3
961 1018 3
961 1019 3
962 1020 3
964 1022 3
1026 1027 3
1027 1028 3
1030 1031 3
1035 1036 3
984 1043 3
985 1043 3
986 987 3
987 988 3
990 991 3
936 993 3
936 995 3
995 996 3
997 998 3
998 999 3
941 1000 3
1001 1002 3
1002 1003 3
1003 1004 3
1004 1005 3
947 1006 3
1006 1007 3
1007 1008 3
1011 1012 3
1012 1013 3
1013 1014 3
1014 1015 3
1015 1016 3
1019 1020 3
1020 1021 3
1021 1022 3
1022 1023 3
966 1025 3
1028 1029 3
1033 1034 3
1000 1001 3
1005 1006 3
1008 1009 3
1009 1010 3
1010 1011 3
1016 1017 3
1017 1018 3
1018 1019 3
1025 1026 3
1032 1033 0
1034 1035 3
1042 1043 3
999 1000 3
989 990 3
1037 1038 3
1039 1040 3
993 995 3
991 993 3
1024 1025 3
