1 175 0
1 2 3
2 3 3
3 4 3
4 5 3
5 6 3
6 7 3
7 8 3
8 9 3
9 10 3
10 11 3
11 12 3
12 13 3
13 14 3
14 73 3
73 74 0
16 74 3
16 17 3
17 18 3
18 19 3
19 20 3
20 21 3
21 22 3
22 23 3
23 24 3
24 25 0
25 26 3
26 27 3
27 28 3
28 29 3
29 30 3
30 32 3
32 33 3
33 35 3
35 37 3
37 38 3
38 39 1
39 40 3
40 41 1
41 42 3
42 43 3
43 44 3
44 45 3
45 46 3
46 47 3
47 48 3
48 49 3
49 50 3
50 51 3
51 52 3
52 53 3
53 54 3
54 55 3
55 56 3
56 57 3
35 92 3
30 89 3
32 89 3
35 94 3
37 94 3
33 92 3
3 119 0
4 119 0
17 75 3
33 91 3
16 75 3
91 92 3
55 113 2
56 113 2
59 175 0
1 59 3
4 63 3
5 63 3
44 102 3
57 115 2
3 60 3
43 102 3
46 104 3
2 60 3
13 72 3
14 72 3
92 93 3
37 95 3
38 95 3
41 99 3
4 62 3
7 65 3
23 81 3
35 93 3
40 98 1
41 98 3
42 99 3
42 100 3
43 100 3
2 59 3
62 119 0
6 65 3
8 66 3
19 77 3
20 77 3
20 78 3
21 78 3
24 81 3
62 63 3
7 66 3
9 66 3
9 67 3
12 71 3
13 71 3
26 84 3
27 84 3
99 100 3
45 102 3
46 105 3
47 105 3
51 109 3
56 114 0
57 114 0
6 64 3
10 67 3
11 69 3
12 70 3
72 73 3
18 76 3
21 79 3
22 80 3
25 83 3
26 83 3
27 85 3
28 85 3
28 87 3
29 87 3
30 88 3
93 94 3
104 105 3
48 106 3
52 109 3
54 112 2
60 119 0
63 64 3
65 66 3
10 69 3
11 70 3
17 76 3
77 78 3
78 79 3
22 79 3
80 81 3
84 85 3
87 88 3
88 89 3
94 95 3
98 99 3
45 104 3
105 106 3
49 106 3
49 108 3
50 108 3
52 110 3
53 110 3
53 112 2
54 113 2
113 114 1
114 115 0
59 60 3
66 67 3
10 68 3
74 75 3
75 76 3
79 80 3
83 84 3
39 97 1
64 65 3
68 69 3
19 76 3
38 96 1
38 97 1
97 98 3
116 175 3
69 70 3
50 109 3
112 113 3
71 72 3
76 77 3
95 96 1
96 97 3
108 109 3
70 71 3
43 159 3
109 110 3
67 68 3
85 144 3
102 159 3
106 108 3
106 165 3
28 144 3
100 159 3
108 165 3
110 112 3
24 83 0
33 89 3
33 148 3
106 164 3
91 148 3
110 169 3
112 169 2
64 122 3
87 144 3
89 148 3
164 165 3
65 122 3
73 132 0
105 164 3
74 132 3
75 132 3
77 135 3
24 140 3
62 121 3
63 121 3
67 125 3
67 126 3
68 126 3
69 127 3
70 127 3
73 131 3
78 135 3
81 140 3
83 140 1
94 152 3
95 152 3
98 156 3
62 120 3
125 126 3
131 132 0
89 147 3
102 104 3
102 161 3
104 161 3
109 167 3
120 121 3
63 122 3
147 148 3
92 150 3
93 150 3
95 153 3
112 170 2
113 170 2
88 147 3
96 153 0
96 154 3
97 154 3
97 155 3
97 156 3
105 163 3
163 164 3
60 118 3
118 119 0
66 124 3
68 127 3
72 130 3
73 130 3
76 134 3
79 137 3
80 137 3
88 146 3
102 160 3
108 166 3
114 172 0
115 173 2
59 117 3
59 118 3
121 122 3
65 123 3
67 124 3
70 128 3
71 129 3
72 129 3
75 133 3
75 134 3
76 135 3
78 136 3
80 138 3
81 138 3
84 142 3
146 147 3
91 149 3
155 156 3
99 157 3
100 158 3
159 160 3
104 219 3
108 167 3
117 175 0
122 123 3
123 124 3
127 128 3
128 129 3
130 131 3
132 133 3
79 136 3
137 138 3
83 142 3
85 142 3
148 149 3
92 149 3
153 154 1
156 157 3
99 158 3
160 161 3
110 167 3
113 172 2
115 172 2
117 118 3
124 125 3
129 130 3
133 134 3
135 136 3
83 141 3
154 155 3
104 163 3
166 167 3
110 226 3
169 170 3
170 172 3
136 137 3
152 153 3
158 159 3
165 166 3
134 135 3
138 140 3
141 142 3
161 219 3
169 226 3
172 173 3
126 127 3
85 201 3
144 201 3
87 146 3
163 219 3
138 197 3
140 197 3
94 150 3
157 158 3
150 152 3
119 120 1
149 150 3
167 226 3
87 203 3
146 203 3
219 220 3
144 203 3
118 176 0
119 176 3
163 220 3
117 176 0
150 210 3
152 210 3
142 201 3
209 210 3
174 175 3
153 210 3
159 218 3
160 218 3
116 174 3
117 174 0
131 189 3
132 189 1
140 141 0
169 227 3
170 227 3
170 229 1
172 229 1
137 195 3
138 196 3
142 200 3
160 219 3
170 228 3
121 180 3
122 180 3
126 184 3
136 195 3
195 196 3
200 201 3
150 208 3
164 222 3
227 228 3
172 230 1
125 184 3
127 186 3
128 186 3
144 202 3
147 205 3
208 210 3
153 211 3
159 217 3
163 222 3
165 222 3
228 229 3
123 181 3
124 183 3
125 183 3
127 184 3
129 188 3
130 188 3
130 189 3
132 191 3
133 191 3
135 193 3
136 194 3
202 203 3
148 205 3
149 208 3
154 211 0
156 214 3
157 215 3
158 217 3
217 218 3
165 223 3
229 230 3
173 230 1
173 231 1
120 178 3
121 179 3
124 181 3
124 182 3
183 184 3
127 185 3
129 187 3
134 192 3
194 195 3
197 256 0
140 256 0
141 199 3
146 204 3
148 206 3
149 207 3
154 212 3
156 215 3
158 216 3
163 221 3
221 222 3
222 223 3
166 224 3
167 225 3
178 179 3
179 180 3
180 181 3
185 186 3
129 186 3
188 189 3
132 190 3
191 192 3
192 193 3
136 193 3
196 197 3
141 256 3
203 204 3
204 205 3
206 207 3
208 209 3
210 211 3
211 212 1
155 212 3
215 216 3
216 217 3
223 224 3
166 225 3
225 226 3
174 176 3
181 182 3
189 190 0
205 206 3
207 208 3
212 213 3
155 213 3
214 215 3
224 225 3
182 183 3
190 191 3
201 202 3
156 213 3
218 219 3
230 231 3
184 185 3
186 187 3
142 199 3
213 214 3
220 221 3
226 227 3
119 177 3
187 188 3
119 178 1
193 194 3
199 200 3
176 177 3
199 256 3
212 270 3
213 270 0
208 267 3
197 255 0
209 267 3
255 256 3
177 178 1
184 242 3
185 242 3
209 268 3
210 268 3
174 233 3
195 253 3
225 284 3
194 253 3
226 284 3
176 233 3
201 259 3
219 277 3
220 277 3
223 281 3
178 236 3
187 245 3
188 245 3
200 259 3
218 276 3
227 284 3
174 232 3
177 236 1
180 238 3
181 238 3
192 250 3
193 250 3
202 259 3
215 274 3
216 274 3
218 277 3
232 233 3
180 237 3
185 243 3
188 246 0
188 247 0
189 247 0
189 248 0
190 248 3
193 251 3
210 269 3
211 269 3
212 269 0
214 273 3
215 273 3
217 275 3
218 275 3
224 281 3
177 235 3
179 237 3
182 240 3
183 241 3
184 241 3
186 243 3
247 248 3
191 249 3
192 249 3
250 251 3
203 261 3
204 262 3
205 263 3
213 271 3
214 271 3
216 275 3
176 234 3
181 239 3
181 240 3
242 243 3
186 245 3
194 251 3
195 254 3
196 254 3
199 257 3
200 258 3
202 260 3
261 262 3
262 263 3
206 264 3
207 265 3
208 265 3
267 268 3
270 271 1
214 272 3
220 278 3
222 281 3
224 282 3
225 282 3
227 286 2
228 286 2
233 234 3
234 235 3
235 236 1
179 236 3
239 240 3
240 241 3
245 246 0
248 249 3
257 258 3
258 259 3
259 260 3
260 261 3
263 264 3
206 265 3
269 270 1
272 273 3
273 274 3
225 283 3
229 286 2
236 237 3
237 238 3
238 239 3
241 242 3
249 250 3
254 312 0
197 254 3
256 257 3
268 269 3
271 272 3
276 277 3
277 278 3
281 282 3
283 284 3
254 255 0
264 265 3
221 279 3
222 279 3
246 247 3
253 254 3
255 312 3
275 276 3
282 283 3
229 287 1
230 287 1
221 278 3
286 287 1
230 288 1
231 288 1
251 253 3
265 267 3
287 288 3
265 325 3
267 325 3
274 275 3
278 279 3
279 281 3
284 342 3
284 343 1
227 343 1
243 302 3
186 302 3
286 344 2
245 302 3
245 303 0
279 337 3
343 344 3
251 310 3
253 310 3
278 337 3
302 303 0
233 291 3
234 291 3
236 295 3
239 297 3
270 328 3
279 338 3
237 295 3
238 297 3
250 308 3
281 338 3
246 303 3
249 308 3
273 331 3
277 336 3
342 343 2
240 299 3
241 299 3
247 305 3
248 305 3
251 309 3
256 314 3
274 331 3
336 337 3
282 340 3
248 306 3
249 306 3
249 307 3
309 310 3
255 314 3
262 320 3
263 320 3
263 321 3
268 326 3
278 336 3
281 340 3
232 290 3
234 292 3
235 293 3
240 298 3
242 300 3
242 301 3
243 301 3
246 304 3
246 305 3
307 308 3
253 312 0
255 313 3
257 314 3
257 315 3
258 316 3
259 317 3
260 318 3
261 320 3
267 326 3
269 327 3
271 329 3
272 330 3
273 330 3
274 332 3
275 332 3
275 333 3
277 335 3
281 339 3
283 340 3
233 290 3
291 292 3
235 292 3
236 293 0
238 295 3
238 296 3
297 298 3
299 300 3
301 302 3
303 304 3
306 307 3
308 309 3
313 314 3
314 315 3
315 316 3
316 317 3
317 318 3
261 318 3
264 321 3
269 326 3
270 327 0
271 328 0
329 330 3
331 332 3
332 333 3
276 335 3
295 296 3
296 297 3
300 301 3
253 311 0
311 312 3
312 313 3
261 319 3
325 326 3
276 333 3
335 336 3
288 347 3
290 291 3
292 293 3
298 299 3
305 306 3
310 311 0
264 322 3
265 323 3
323 325 3
326 327 3
328 329 1
330 331 3
287 344 3
304 305 3
321 322 3
265 322 3
338 339 3
339 340 3
318 319 3
319 320 3
320 321 3
322 323 3
327 328 1
328 387 3
287 347 3
293 295 1
329 387 0
276 392 3
335 392 3
302 360 3
287 345 3
345 347 3
329 388 3
330 388 3
333 391 3
283 399 3
293 296 1
332 391 3
333 392 3
340 399 3
284 399 3
301 360 3
320 378 3
287 403 3
308 367 3
309 367 3
321 378 3
391 392 3
336 392 3
337 395 3
344 403 3
345 403 3
297 356 3
298 356 3
306 364 3
321 379 3
322 379 3
336 395 3
279 395 3
297 355 1
307 364 3
325 383 3
340 398 3
344 402 3
319 378 3
323 383 3
338 396 3
339 398 3
402 403 3
355 356 0
302 362 0
303 362 3
310 368 3
326 383 3
327 385 3
331 389 3
279 396 3
395 396 3
339 396 3
342 400 3
343 400 3
290 348 1
292 350 1
292 351 1
296 354 1
300 358 3
304 362 3
304 363 3
305 363 3
305 364 3
307 365 3
308 366 3
309 368 3
310 369 0
311 369 3
312 370 3
313 371 3
314 372 3
315 373 3
316 374 3
317 375 3
318 376 3
319 377 3
326 384 3
326 385 3
387 388 3
331 388 3
332 390 3
339 397 3
291 348 1
291 349 1
350 351 3
293 351 1
297 354 1
301 359 3
364 365 3
365 366 3
366 367 3
367 368 3
368 369 0
369 370 3
370 371 3
371 372 3
372 373 3
373 374 3
374 375 3
375 376 3
376 377 3
323 381 3
383 384 3
384 385 3
388 389 3
331 390 3
390 391 3
396 397 3
397 398 3
348 349 3
349 350 3
293 352 1
358 359 3
377 378 3
378 379 3
322 381 3
389 390 3
343 402 3
293 353 1
293 354 1
299 358 3
359 360 3
362 363 3
363 364 3
381 383 3
398 399 3
351 352 3
354 355 3
379 381 3
328 385 0
400 402 2
352 353 3
299 356 3
360 362 0
342 399 3
353 354 3
347 463 3
392 451 3
345 463 3
379 438 3
336 451 3
399 400 2
369 427 3
381 438 3
395 451 3
368 427 0
328 444 3
299 415 3
385 444 1
392 450 3
358 415 3
388 445 3
450 451 3
399 458 1
400 458 3
381 440 3
387 445 3
356 415 3
415 416 3
358 416 3
360 419 2
383 440 3
351 409 3
352 409 3
362 419 1
362 420 3
383 441 3
384 441 3
387 444 3
451 510 3
395 510 3
359 417 3
419 476 3
419 420 2
370 427 3
377 435 3
378 435 3
378 436 3
378 437 3
395 454 3
403 462 3
345 462 3
359 416 3
360 417 3
379 437 3
441 442 3
384 442 3
454 510 2
349 407 3
352 411 3
353 411 3
360 418 3
366 424 3
367 424 3
435 436 3
388 447 3
391 449 3
396 454 3
402 459 3
462 463 3
350 407 3
353 412 3
354 412 3
355 414 3
416 417 3
364 423 3
365 423 3
368 426 3
444 445 3
389 447 3
392 449 3
397 454 3
400 459 3
402 461 3
403 461 3
348 406 3
355 412 3
356 414 3
417 418 3
363 422 3
364 422 3
367 425 3
371 429 3
372 430 3
373 431 3
374 432 3
375 432 3
376 434 3
385 442 3
385 443 3
389 448 3
390 448 3
390 449 3
398 456 1
399 457 1
458 459 3
461 462 3
406 407 3
412 414 3
422 423 3
423 424 3
424 425 3
429 430 3
430 431 3
431 432 3
375 434 3
377 434 3
443 444 1
456 457 3
409 411 3
411 412 3
418 419 2
368 425 3
371 427 3
381 439 3
439 440 3
440 441 3
442 443 3
447 448 3
449 450 3
402 460 3
414 415 3
363 420 3
427 429 3
436 437 3
445 447 3
448 449 3
457 458 3
460 461 3
350 409 3
363 421 3
375 433 3
438 439 3
397 456 1
459 460 3
433 434 3
419 477 2
421 422 3
425 426 3
426 427 0
434 435 3
412 471 3
432 433 3
414 471 3
420 421 3
454 511 3
447 505 3
510 511 2
437 438 3
444 502 3
454 456 1
445 505 3
456 513 3
448 505 3
454 513 1
409 467 3
427 485 3
409 468 3
427 484 1
484 485 3
427 486 3
445 502 1
457 515 3
467 468 3
426 484 3
485 486 3
429 486 3
407 466 3
350 466 3
350 467 3
411 468 3
415 473 3
421 479 3
425 483 3
426 483 3
443 501 1
444 501 3
450 510 3
414 473 3
416 473 3
418 476 3
422 479 3
429 487 3
430 487 3
437 496 3
438 496 3
416 474 3
417 475 3
420 477 3
420 479 3
486 487 3
431 489 3
433 492 3
434 492 3
439 496 3
463 521 3
418 475 3
430 489 3
435 492 3
501 502 3
461 519 3
411 469 3
420 478 3
440 498 3
458 515 3
460 519 3
462 521 3
462 520 3
406 464 3
407 465 3
466 467 3
468 469 3
412 469 3
473 474 3
416 475 3
475 476 3
477 478 3
478 479 3
422 480 3
423 481 3
424 482 3
483 484 3
432 490 3
433 490 3
439 498 3
448 506 3
454 512 3
456 514 3
520 521 3
464 465 3
474 475 3
479 480 3
480 481 3
481 482 3
482 483 3
431 490 3
435 493 3
449 507 3
512 513 1
514 515 3
519 520 3
489 490 3
436 493 3
441 498 3
445 503 0
505 506 3
506 507 3
450 509 3
509 510 3
459 517 3
414 472 3
419 535 2
445 504 3
450 507 3
511 512 3
459 574 3
460 517 3
465 466 3
471 472 3
436 494 3
437 494 1
437 495 1
495 496 0
504 505 3
458 574 3
517 574 3
476 535 0
487 489 3
494 495 3
515 574 3
412 528 3
472 473 3
489 546 1
496 497 1
439 497 1
502 503 0
477 535 3
487 546 1
493 494 3
441 501 3
442 501 1
503 504 1
492 493 3
497 498 0
441 499 1
513 514 3
471 528 3
485 544 1
490 492 3
498 499 1
499 501 0
507 509 3
486 544 1
487 545 1
544 545 3
545 546 2
495 553 3
469 527 3
469 528 3
517 576 3
460 576 3
468 527 3
519 576 3
509 566 1
507 564 1
507 566 1
492 549 2
513 571 3
519 577 3
465 523 3
466 523 3
473 531 3
485 543 1
543 544 3
490 549 2
499 558 1
503 562 1
504 562 1
505 563 1
506 564 1
514 571 3
474 531 3
474 533 3
475 533 3
484 543 1
492 550 2
501 558 1
505 564 1
515 573 3
517 575 3
575 576 3
483 541 3
490 548 2
496 554 1
499 557 1
503 561 1
504 563 1
512 571 1
514 573 3
573 574 3
478 536 3
484 541 3
489 547 2
548 549 3
493 550 2
497 554 2
557 558 3
501 559 1
563 564 0
564 566 2
511 568 1
467 525 3
472 531 3
476 533 3
479 536 3
482 540 3
483 540 3
547 548 3
549 550 3
496 553 1
497 555 3
502 559 1
561 562 2
510 568 1
520 578 3
464 522 3
465 522 3
466 525 3
468 526 3
474 532 3
476 534 3
477 536 3
479 537 3
479 538 3
480 538 3
481 539 3
540 541 3
541 542 3
546 547 2
498 557 1
502 561 1
509 568 1
511 569 1
576 577 3
519 578 3
521 579 3
525 526 3
526 527 3
527 528 3
472 530 3
531 532 3
532 533 3
533 534 3
536 537 3
538 539 3
539 540 3
484 542 3
497 556 3
498 556 1
502 560 1
562 563 0
568 569 3
577 578 3
578 579 3
471 530 3
530 531 3
535 536 3
537 538 3
542 543 1
553 554 3
554 555 3
555 556 3
559 560 2
560 561 3
564 565 2
556 557 3
558 559 2
574 575 3
466 582 3
528 530 3
476 592 3
494 552 3
495 552 3
565 566 3
512 569 1
522 523 3
523 582 3
525 582 3
534 592 3
535 592 1
512 570 1
493 609 2
552 553 3
570 571 3
493 552 3
569 570 3
550 609 3
514 572 3
572 573 3
547 605 3
552 609 2
546 605 2
571 572 3
573 631 3
566 568 0
574 631 3
564 622 2
568 625 1
566 625 3
572 631 3
530 587 3
553 609 2
523 581 3
528 587 3
533 591 3
537 595 2
538 595 2
554 613 3
555 613 3
556 613 3
559 617 1
563 622 0
565 622 3
575 634 1
576 634 1
522 581 3
539 597 2
540 597 2
560 617 3
562 620 3
565 623 3
575 633 3
532 590 3
536 595 2
541 599 2
542 599 3
542 601 1
543 601 3
549 608 3
550 608 3
560 618 3
561 619 3
561 620 3
527 585 3
531 590 3
532 591 3
540 599 2
546 603 2
548 605 3
548 606 3
561 618 3
619 620 3
622 623 3
571 629 3
572 629 3
577 635 1
526 585 3
528 586 3
531 589 3
535 594 2
536 594 2
538 597 2
540 598 2
545 603 3
605 606 3
548 607 3
549 607 3
553 611 3
633 634 1
576 635 1
522 580 3
525 583 3
526 584 3
527 586 3
530 588 3
530 589 3
533 592 3
594 595 3
597 598 3
598 599 3
544 601 3
544 602 3
608 609 3
609 611 2
553 612 3
554 612 3
618 619 3
566 624 3
568 626 3
569 627 3
570 628 3
570 629 3
574 632 3
575 632 3
578 635 1
581 582 3
583 584 3
587 588 3
588 589 3
589 590 3
590 591 3
595 597 3
601 602 3
602 603 3
606 607 3
607 608 3
557 613 3
558 616 1
617 618 3
563 621 1
565 624 3
626 627 3
627 628 3
628 629 3
572 630 3
631 632 3
580 581 3
585 586 3
592 594 0
546 604 2
612 613 3
621 622 0
634 635 3
582 583 3
599 600 3
542 600 3
600 601 3
604 605 3
557 616 1
623 624 3
624 625 3
625 626 0
629 630 3
632 633 3
584 585 3
591 592 3
563 620 1
578 636 1
579 636 1
603 604 3
609 668 3
611 612 3
635 636 1
611 668 2
630 631 3
586 587 3
595 654 3
613 672 3
557 672 3
559 616 1
620 621 3
594 652 3
557 673 1
604 606 3
592 652 2
597 654 3
616 673 3
625 684 3
626 684 1
617 675 3
595 652 3
595 653 3
559 675 1
652 653 3
653 654 3
672 673 1
623 681 1
624 682 3
600 658 3
616 675 3
620 678 3
621 678 3
622 680 1
622 681 1
623 682 1
625 683 3
636 695 3
581 639 3
598 654 3
599 658 3
601 658 2
680 681 3
624 683 3
582 639 3
619 676 3
621 680 3
636 694 3
583 641 3
587 646 3
588 646 3
592 651 2
651 652 3
613 671 3
618 676 3
681 682 3
631 689 1
635 694 1
694 695 3
584 641 3
589 647 3
601 660 2
602 660 2
629 687 1
630 689 1
632 689 1
632 690 1
634 692 2
582 640 3
587 645 3
589 646 3
590 647 3
590 648 3
604 663 3
604 664 2
606 664 3
607 665 3
608 666 3
616 674 3
617 676 3
630 687 1
689 690 3
633 690 1
633 692 1
580 638 3
584 643 3
586 645 3
591 648 3
591 650 2
592 650 2
607 664 3
665 666 3
609 666 3
671 672 3
674 675 3
683 684 3
626 685 1
627 685 1
628 686 1
633 691 1
635 692 2
635 693 1
638 639 3
583 640 3
647 648 3
663 664 3
611 669 3
612 671 3
685 686 3
686 687 1
687 689 3
690 691 0
691 692 1
692 693 3
693 694 3
645 646 3
650 651 3
664 665 3
612 669 2
675 676 3
621 679 3
684 685 3
639 640 3
641 643 3
585 643 3
646 647 3
599 657 3
678 679 3
679 680 3
682 683 3
640 641 3
586 643 3
598 657 3
657 658 3
603 660 2
668 669 3
673 674 3
648 650 3
603 663 2
603 661 2
666 667 3
609 667 3
667 668 3
598 656 3
658 660 3
656 657 3
660 661 3
661 663 3
612 728 2
643 700 3
654 656 3
658 717 3
671 728 2
641 700 3
643 645 3
660 717 3
620 736 3
663 720 3
619 736 3
678 736 3
654 713 3
661 720 3
656 713 3
668 726 3
619 735 3
667 726 3
669 728 3
676 734 3
619 734 3
735 736 3
693 752 3
694 752 3
654 712 3
663 721 3
664 721 3
734 735 3
689 747 0
690 749 1
691 749 1
692 749 3
647 706 2
648 706 2
648 707 2
650 707 3
712 713 3
658 716 3
720 721 3
728 729 3
679 736 3
685 743 1
686 743 1
689 746 3
690 747 0
643 701 3
646 705 2
647 705 2
651 709 3
652 709 3
657 716 3
665 723 3
671 729 2
682 740 3
639 698 3
640 698 3
641 699 3
705 706 3
706 707 3
716 717 3
661 719 3
664 722 3
665 722 3
666 723 3
667 725 3
672 731 1
673 731 3
673 732 3
675 734 3
681 739 3
682 739 3
683 740 3
695 752 3
640 699 3
645 701 3
656 715 3
657 715 3
719 720 3
666 725 3
668 727 3
669 727 3
674 732 3
679 738 3
680 738 3
683 741 3
684 742 3
685 742 3
686 744 1
687 744 3
687 745 3
695 753 3
638 696 3
639 697 3
650 708 3
651 708 3
656 714 3
660 718 3
660 719 3
666 724 3
725 726 3
726 727 3
675 733 3
689 745 3
690 748 0
752 753 3
696 697 3
697 698 3
645 703 3
646 703 3
646 704 2
653 709 3
653 712 3
713 714 3
714 715 3
715 716 3
717 718 3
718 719 3
722 723 3
723 724 3
724 725 3
731 732 3
732 733 3
679 737 3
738 739 3
683 742 3
744 745 3
745 746 3
748 749 1
704 705 3
707 708 3
708 709 3
721 722 3
733 734 3
737 738 3
740 741 3
741 742 3
742 743 1
746 747 1
747 748 3
693 751 3
699 700 3
672 729 2
743 744 3
692 751 3
698 699 3
703 704 3
653 711 3
727 728 3
736 737 3
701 703 3
711 712 3
739 740 3
751 752 3
749 751 3
672 788 2
700 701 3
729 788 3
709 711 3
731 788 0
734 793 3
709 768 3
711 768 3
735 793 3
701 759 2
732 790 3
751 808 3
703 761 3
731 790 3
736 794 3
753 811 3
700 759 2
701 761 2
717 775 3
718 775 3
736 795 3
742 800 1
743 800 3
699 757 3
736 793 3
794 795 3
737 795 3
743 801 3
744 801 3
749 808 3
752 810 3
753 810 3
698 757 3
700 757 3
709 767 3
713 772 3
714 772 3
715 773 3
716 773 3
716 775 3
726 784 3
793 794 3
705 763 3
767 768 3
713 771 3
720 778 3
721 778 3
725 784 3
733 791 3
745 802 0
700 758 2
706 763 3
712 770 3
771 772 3
727 784 3
727 786 3
728 786 3
734 791 2
792 793 3
741 800 1
744 802 0
746 805 0
747 805 0
751 809 3
696 754 3
697 755 3
698 756 3
757 758 3
758 759 3
704 763 3
706 764 3
707 765 3
711 769 3
712 769 3
713 770 3
716 774 3
718 776 3
719 777 3
721 779 3
722 780 3
722 781 3
723 781 3
724 782 3
725 783 3
729 786 3
729 787 3
734 792 3
738 796 3
739 797 3
740 798 3
741 799 1
745 803 0
746 803 0
748 806 0
749 807 3
752 809 3
810 811 3
754 755 3
698 755 3
756 757 3
759 760 3
701 760 2
760 761 3
763 764 3
706 765 3
708 765 3
768 769 3
772 773 3
774 775 3
775 776 3
776 777 3
777 778 3
778 779 3
779 780 3
780 781 3
781 782 3
782 783 3
783 784 3
787 788 3
739 796 3
797 798 3
798 799 1
799 800 3
800 801 3
801 802 0
802 803 1
805 806 3
806 807 1
807 808 3
755 756 3
704 761 3
764 765 3
709 765 3
773 774 3
727 785 3
786 787 3
737 796 3
803 804 3
746 804 0
704 762 3
769 770 3
770 771 3
784 785 3
785 786 3
732 791 3
795 796 3
796 797 3
804 805 2
808 809 3
809 810 3
761 762 3
762 763 3
709 766 3
766 767 3
791 792 3
765 766 3
790 791 3
788 847 3
731 847 2
809 867 3
808 867 2
757 815 2
758 817 3
759 817 3
765 823 3
811 868 3
766 823 3
810 868 3
755 813 3
761 819 3
762 819 3
806 864 1
754 813 3
760 817 3
763 820 3
764 820 3
764 822 3
765 822 3
782 840 3
790 847 2
790 848 2
796 855 1
797 855 1
799 857 3
802 860 1
805 864 1
755 814 2
756 814 2
758 816 3
822 823 3
771 829 3
772 829 3
776 834 3
781 840 3
788 846 3
846 847 3
792 850 3
794 852 3
795 852 3
801 860 3
803 860 1
804 863 2
805 863 2
813 814 1
757 814 2
758 815 3
816 817 3
766 824 3
767 824 3
767 825 3
769 827 3
772 830 3
772 831 3
773 831 3
777 834 3
787 846 3
791 848 0
792 851 2
793 851 3
794 851 3
795 854 1
796 854 1
798 855 1
800 857 3
800 858 3
807 864 3
808 866 3
810 867 3
754 812 2
760 819 3
762 820 3
768 825 3
768 826 3
769 826 3
770 827 3
770 828 3
830 831 3
774 832 3
775 833 3
777 835 3
778 836 3
779 837 3
780 838 3
781 839 3
783 841 3
784 842 3
785 843 3
786 844 3
787 845 3
791 850 3
798 857 1
801 917 3
804 862 3
807 865 3
807 866 3
866 867 3
812 813 3
827 828 3
828 829 3
831 832 3
832 833 3
833 834 3
778 835 3
836 837 3
837 838 3
838 839 3
840 841 3
841 842 3
842 843 3
843 844 3
844 845 3
847 848 3
795 853 3
854 855 2
798 856 1
800 917 3
803 862 3
864 865 3
865 866 3
814 815 3
819 820 3
820 822 3
823 824 3
825 826 3
826 827 3
829 830 3
835 836 3
850 851 2
852 853 3
856 857 3
867 868 3
815 816 3
760 818 3
834 835 3
839 840 3
845 846 3
851 852 3
857 858 3
858 917 3
860 917 3
862 863 3
817 818 3
855 856 1
853 854 1
863 864 1
824 825 3
848 907 3
791 907 0
820 879 3
850 907 0
858 916 3
916 917 3
818 819 3
822 879 3
868 869 3
860 919 1
851 909 3
867 925 3
820 878 3
850 909 2
878 879 3
868 926 3
869 927 0
917 918 1
860 918 1
866 925 3
868 927 0
819 878 3
907 908 3
856 914 0
857 914 0
918 919 3
827 885 3
828 885 3
828 887 3
829 887 3
845 903 3
850 908 3
855 913 1
815 873 3
815 874 3
816 874 3
823 881 3
831 889 3
832 890 3
833 890 3
846 903 3
846 904 3
847 906 3
848 906 3
854 912 3
854 913 3
855 914 1
865 923 3
867 926 3
926 927 0
812 870 3
813 871 1
814 872 3
814 873 3
822 880 3
824 881 3
824 883 3
825 883 3
826 884 3
828 886 3
829 888 3
830 888 3
830 889 3
834 892 3
835 892 3
835 893 3
836 894 3
837 895 3
838 896 3
839 896 3
840 898 3
841 899 3
842 900 3
843 901 3
844 902 3
903 904 3
847 905 3
857 916 3
864 922 3
870 871 3
871 872 3
873 874 3
819 877 3
879 880 3
880 881 3
883 884 3
826 885 3
885 886 3
886 887 3
887 888 3
889 890 3
833 892 3
892 893 3
893 894 3
894 895 3
895 896 3
839 897 3
839 898 3
898 899 3
899 900 3
900 901 3
901 902 3
902 903 3
904 905 3
905 906 3
853 912 1
912 913 3
913 914 1
803 919 1
863 922 1
922 923 3
866 924 3
925 926 3
877 878 3
896 897 3
897 898 3
906 907 3
865 924 3
924 925 3
872 873 3
817 874 3
884 885 3
852 909 3
853 911 3
914 916 2
923 924 3
818 876 3
888 889 3
908 909 2
911 912 1
817 876 3
819 876 3
853 909 3
862 919 1
862 921 1
863 921 1
921 922 3
876 877 3
909 910 3
853 910 0
874 875 3
817 875 3
881 883 3
890 892 3
910 911 2
919 921 3
892 949 3
875 876 3
890 949 3
914 973 3
918 976 0
916 973 3
919 976 2
881 940 3
883 940 3
907 909 2
926 1042 2
875 933 3
876 933 3
907 965 3
907 966 3
872 930 3
906 965 3
909 966 2
919 978 3
921 978 3
927 985 1
873 930 3
881 939 3
917 976 2
921 979 3
926 985 3
877 935 3
880 939 3
897 955 3
912 971 2
913 971 2
913 972 2
914 972 3
916 974 3
917 974 3
924 983 3
925 983 3
876 934 3
876 935 3
877 936 3
878 936 3
884 943 3
885 943 3
898 955 3
978 979 3
922 979 3
926 983 3
870 928 3
871 929 3
874 933 3
933 934 3
934 935 3
935 936 3
879 937 3
880 938 3
939 940 3
883 941 3
884 942 3
886 943 3
886 944 3
887 945 3
888 945 3
889 947 3
890 948 3
892 950 3
893 951 3
894 952 3
895 953 3
896 954 3
898 956 3
899 957 3
900 958 3
901 959 3
902 960 3
903 961 3
904 962 3
905 963 3
905 964 3
906 964 3
911 970 1
912 970 3
973 974 3
919 977 2
928 929 3
929 930 3
874 932 3
936 937 3
937 938 3
940 941 3
941 942 3
943 944 3
944 945 3
947 948 3
948 949 3
950 951 3
951 952 3
895 952 3
953 954 3
954 955 3
956 957 3
957 958 3
958 959 3
959 960 3
960 961 3
961 962 3
962 963 3
965 966 3
910 966 3
976 977 2
977 978 3
922 981 3
923 981 3
932 933 3
942 943 3
888 947 3
952 953 3
983 1042 3
938 939 3
949 950 3
964 965 3
911 968 2
971 972 3
972 973 3
924 981 3
874 930 3
955 956 3
963 964 3
910 968 3
970 971 3
945 947 3
966 968 3
985 1042 3
930 932 3
968 970 1
930 989 3
932 989 3
966 1025 3
968 1025 3
974 1033 3
917 1033 3
976 1033 2
981 983 2
945 1004 3
947 1004 3
970 1027 0
968 1027 3
970 1028 3
983 1040 3
1027 1028 1
971 1028 3
979 981 3
981 1040 3
974 1032 3
930 988 3
988 989 3
979 1038 3
976 1034 0
977 1034 0
981 1038 3
939 997 3
957 1016 3
958 1016 3
973 1032 3
981 1039 3
932 991 3
937 995 3
949 1007 3
968 1026 3
972 1030 3
973 1030 3
1040 1041 3
983 1041 3
1041 1042 3
933 991 3
934 992 3
938 995 3
950 1007 3
951 1009 3
964 1023 3
965 1023 3
1025 1026 3
971 1029 3
971 1030 3
1033 1034 3
928 986 3
929 987 3
933 992 3
935 993 3
936 994 3
938 996 3
940 999 3
941 999 3
942 1000 3
943 1001 3
944 1002 3
945 1003 3
947 1005 3
948 1006 3
950 1008 3
952 1009 3
952 1010 3
953 1011 3
954 1012 3
955 1013 3
956 1014 3
959 1017 3
960 1018 3
961 1019 3
962 1020 3
963 1021 3
964 1022 3
966 1024 3
977 1035 0
978 1036 0
979 1037 0
986 987 3
987 988 3
935 992 3
993 994 3
994 995 3
995 996 3
996 997 3
999 1000 3
1000 1001 3
1001 1002 3
1002 1003 3
1004 1005 3
1005 1006 3
1006 1007 3
1008 1009 3
1009 1010 3
1010 1011 3
1011 1012 3
1012 1013 3
1013 1014 3
957 1014 3
958 1017 3
1017 1018 3
1018 1019 3
1019 1020 3
1020 1021 3
1021 1022 3
1022 1023 3
1023 1024 3
1026 1027 3
1034 1035 3
1035 1036 3
1036 1037 3
1037 1038 1
1039 1040 3
985 1043 3
991 992 3
940 997 3
1003 1004 3
1007 1008 3
1024 1025 3
1038 1039 3
1042 1043 3
1032 1033 3
992 993 3
1016 1017 3
1029 1030 3
1028 1029 3
1030 1032 3
