0.05609436985 -0.01831248652 8.217669561
0.01410187705 -0.06207250597 11.12548141
-0.03342415663 -0.03388691427 12.61898385
-0.01450374757 -0.005978031022 10.85438154
-0.01118746225 0.02252860787 10.14884665
0.01792276868 0.03937193239 6.832928856
0.009811471175 0.01741502635 8.270900082
0.01979996189 -0.02667846083 7.226149689
0.001187871209 -0.02917486434 10.82961469
-0.03180221881 -0.01999419058 16.97347587
-0.02197638624 -0.007085881072 14.34739298
-0.03446725875 -0.04615379338 17.37689542
-0.03385986217 -0.04997002323 17.07170765
-0.01633894387 -0.06761348421 12.83029425
-0.02792923203 -0.0826049934 16.76718297
-0.01237698582 -0.1027751388 12.31347628
-0.002628215582 -0.1149916471 9.25046832
0.01865372822 -0.1319792211 1.119409042
0.00981749929 -0.1106252221 3.902500783
0.03052115722 -0.08927244375 -4.872266825
0.03527417108 -0.2132253742 -4.860179317
0.2048455221 0.06581100461 -88.76383085
0.1772940633 0.05489963934 -74.18626215
0.06592399934 0.01123140574 -18.87902811
0.02599671422 0.008455407849 1.706754974
0.0149411987 0.0247200758 7.431384761
0.003187945749 0.06450804478 13.49093182
-0.02607290574 0.1514541282 29.10473692
-0.02714616568 0.1642702063 29.49325733
-0.03082994808 0.1591480359 31.76356459
-0.07555101567 0.2093735891 59.76627916
-0.07491255603 0.2337204308 58.30660202
-0.03428622515 0.07396023151 31.50686207
-0.01300571528 -0.01621801873 17.55734592
0.1365182259 -0.07217938867 -64.10824617
0.08366035344 -0.08640560301 -23.91055972
0.01479524907 -0.1004609038 29.25015261
0.0154273909 -0.05364810896 27.32174407
0.04830482201 0.03856359994 -1.285133164
0.06158452572 0.01310707774 -10.5265117
0.02165920734 -0.02348092155 24.97114789
0.00745859899 -0.06789639467 37.48893365
0.0002217365225 -0.05133402319 43.60313203
0.01221545209 -0.0117889319 31.35392477
0.03156011644 -0.005817964454 13.34268853
0.02949979268 0.05260696893 12.973971
0.02522795362 0.02782099333 18.5337383
-0.0184877505 0.07176497194 61.03554492
0.06984858458 0.08369514097 -30.94257074
0.07295522679 0.041044399 -33.49598036
0.06510463247 0.05372788351 -25.26617857
0.0605262845 -0.01170153322 14.56402213
0.09888221962 0.05803906947 -29.19014934
0.09291353809 0.02426415586 -21.85401683
0.07748863324 -0.0301016042 -3.549515059
0.07493210309 -0.06246232007 -0.5733959246
0.07657195711 -0.07235926497 -2.448790704
0.07511274074 -0.0912734186 -0.2362471783
0.02705873124 -0.01041966244 8.390597756
0.02620612048 -0.01471902325 8.739320638
-0.008443365739 -0.02371608219 10.80986095
-0.01282823249 0.001608569611 10.39801678
-9.633773729e-05 0.004697606664 9.353396304
0.008555833311 0.009872704949 8.631662826
0.003051199083 0.0009171095213 9.692333749
0.003287661358 -0.008709461686 9.665156875
0.001944481812 -0.02850491279 10.50915882
-0.02215895528 -0.0265021275 15.16722244
-0.03396681953 -0.01483542079 17.29066993
-0.06399826855 -0.021734095 24.5862069
-0.04863129227 -0.03950613599 20.37296891
-0.02852775294 -0.04121324395 15.42931326
-0.02739097919 -0.05215461056 15.25825023
0.001494353821 -0.06755997741 6.382885807
0.004489304802 -0.0666077476 5.030539549
0.01074650954 -0.07676478653 2.95593349
0.004001290932 -0.05746421729 4.694125217
0.02201606595 -0.009045487997 -4.150381039
0.02218368076 -0.01326041752 -3.854484927
0.2053005324 0.06615414 -88.59954118
0.1152178492 0.04474504898 -44.04582462
0.06325765601 0.01919724737 -17.43333159
0.02875155598 0.008915018734 0.3917064527
0.01949026882 0.0133318997 5.092075669
0.02559266214 0.01279628198 1.82107627
-0.0070219753 0.06490378872 19.59242299
-0.005387996297 0.07125727424 18.658661
-0.02387856003 0.1053243693 28.63697434
-0.02045373615 0.162141293 25.17275872
-0.06110588448 0.2447168728 49.84765609
0.09670106461 -0.03338339281 -38.19720312
0.1427723949 -0.0589175027 -69.62023086
0.1108854166 -0.06319663273 -44.73538284
0.05389785705 -0.08001234815 -1.362154343
0.00159652747 -0.08127449394 38.75836053
0.0154029948 -0.07231205287 27.71949741
0.0876614871 -0.03032483459 -32.78142473
0.05205349222 -0.01680420467 -2.275653004
0.02635070495 -0.04028467067 20.7762858
-0.001894113891 -0.0569855886 45.92746471
0.007751901244 -0.06158797902 37.10383191
0.03839903222 -0.008768335085 6.378598709
0.007875601087 -0.008299728024 35.20741401
0.03837143022 0.01615276291 4.9776507
0.03653359071 0.04677184517 6.891188103
-0.0009633195613 0.09085912606 41.9798788
0.06882853762 0.07241826361 -30.16573552
0.07861727666 0.09124648446 -40.96488923
0.06461431108 0.06567053039 -25.13429222
0.04247965945 0.01732473037 2.377113198
0.03743502682 -0.3597253487 50.39596762
0.05246985961 -0.317770077 32.06860553
0.07125981645 -0.02066457771 2.914686832
0.03479919362 -0.04132509084 46.62389664
0.01642903223 0.02698508971 30.3919546
0.01293016663 -0.01919159282 36.76423434
0.02756734304 0.01903043828 7.448393878
0.02786426873 0.001819616123 8.465119371
0.01057546011 0.002538155009 8.940058932
-0.004978417242 -0.01012069735 10.3833872
0.003110521172 -0.01242094937 9.970784467
0.003543453745 -0.01312891859 9.983066738
0.01087037177 -0.01397347416 9.155008561
-0.002066643475 -0.006727590125 10.7911955
-0.01287426248 -0.004358936941 12.2000958
-0.01858507541 -0.01258059188 13.8325832
-0.04457408718 -0.01081933626 19.50353747
-0.08134460891 -0.02427673232 29.00856744
-0.05062634716 -0.02036994705 20.61954329
-0.03084566379 -0.0204839574 15.4645483
-0.04134200099 -0.01462442855 18.25453894
-0.01669325155 -0.03324721679 11.27793836
-0.004210012066 -0.04619707268 7.887186996
0.004089433186 -0.02764102282 3.791086675
0.01705199335 -0.02123294766 -2.013885258
0.06411272744 -0.004964392322 -21.71355277
0.1574423471 0.07217720828 -66.08236875
0.1305581358 0.05099385607 -51.50772242
0.06855831983 0.02507772665 -20.48438893
0.03561521631 0.008459010741 -3.257376616
0.02139274237 0.003235570951 4.428976672
0.02183694609 0.0002667797437 4.223410933
0.02761875429 0.005022342086 0.8417230011
0.03122971802 0.002254210737 -0.9387140184
-0.01317354891 -0.01146411962 26.65237377
-0.01259552508 -0.01024608398 25.9984617
0.4159660656 0.2360586849 -266.1735048
0.1061088185 0.02393961697 -46.83673177
0.07581149723 -0.002073376768 -25.11486905
0.1058788216 -0.05085390384 -43.92373488
0.113226742 -0.06481285899 -47.21509603
0.05168700573 -0.06655583996 -0.5676392961
0.01639512943 -0.059287553 25.79071834
0.04549004498 -0.03670908226 0.7366938227
0.08512629058 -0.03704103214 -30.25258347
0.05550195801 -0.05502214984 -3.533142598
0.0296050592 -0.04917467594 18.21520738
0.003276146435 -0.05655849224 41.04540248
0.03272876587 -0.05720793071 13.16696453
0.07747684083 0.01262650912 -30.94911874
0.03929336906 0.02252451122 4.527087035
0.05482514414 0.02666768347 -10.57988619
0.04019807856 0.01899595643 4.438704594
0.0128245486 0.07570345043 28.98368698
0.05638859004 0.06967447876 -15.48078689
0.05668077599 0.0785934367 -15.95162242
0.0424415204 0.0596363741 -0.03097167979
0.05180820387 0.032893471 -8.944971362
0.02116795197 0.002497302543 27.50705341
-0.01191603403 0.005177505018 64.86140955
0.04976586952 -0.007675630478 27.75962991
0.04296836905 -0.01511219358 36.14350766
-0.009975327639 0.006987145888 63.55207879
0.009556354186 0.01520829248 39.61811568
0.02066455172 -0.01368072601 9.994066586
0.006894700531 -0.03001461818 11.32597855
-0.005695944846 -0.01656188155 11.10349729
-0.02062045737 -0.03520778454 13.65917069
0.0009829643078 -0.01911814085 10.60361323
0.004062200085 -0.02947848688 10.9484767
0.009050568375 -0.03972219067 11.15621547
0.0005577880294 -0.003008223349 10.05327141
-0.02448498575 0.005453118528 13.87654471
-0.02798696009 -0.02745842779 17.01388886
-0.05799127718 -0.03231645495 24.39599863
-0.0711723656 -0.03294837555 26.57368791
-0.03108064545 -0.01484398883 15.1793109
-0.02396331156 0.009004502012 11.7338907
-0.04268190781 0.06487967346 12.06936992
-0.005973963305 0.03783710605 2.411253181
0.01751333938 0.03844059529 -5.475841931
0.01011284283 0.06406795227 -4.369509498
0.005283249185 0.06642164502 -3.11830767
0.02275665069 0.07950082522 -11.58260312
0.1629049802 0.01239578198 -64.98292841
0.1337027512 0.03424239361 -52.02436309
0.06886593293 0.02912836603 -20.7628438
0.03643027041 0.003117512364 -3.350557685
0.01968073219 0.00131087418 5.513002962
0.02312823382 -0.0005811298299 3.641397506
0.02776411033 0.0004197861203 1.154775211
0.02552655933 -0.002324559628 2.898042361
-0.01598325047 0.00487979349 27.24645077
0.006200623778 -0.0009215412467 12.69064966
0.007021723821 -0.006323169006 23.55568891
0.02094474783 0.0185945815 11.88960738
0.04759657521 -0.006485727505 -5.006035808
0.0644832474 -0.05742446565 -13.53865603
0.1258975598 -0.05589015461 -58.12088485
0.04728465293 -0.03884093154 0.4793021369
0.05255013129 -0.006888137902 -6.951458233
0.06420348351 0.009439657044 -16.73816484
0.07866240237 -0.01986210359 -26.34827638
0.05757520782 -0.02895802533 -7.843647814
0.02177934504 -0.04955833798 24.5758576
0.02682458957 -0.009571238547 17.12519859
0.05912531556 0.01223256045 -14.33591326
0.06316026585 0.01391949727 -17.73283553
0.04828954262 0.004155049543 -2.922483149
0.03666396439 -0.001728015157 8.941937188
0.05034477608 -0.0006793369958 -4.841118394
0.04388465678 0.02321861618 0.2969220682
0.04591717202 0.01512371866 -1.689220994
0.06780616839 0.01186703801 -23.75649256
0.03131513781 0.03969142801 13.56232095
0.0397774774 0.007965971369 6.540305571
0.009312502669 -0.0102034784 41.9103192
0.0007291653039 0.005139287008 50.38297279
0.01702943924 0.008009611757 31.23917864
0.03632461164 -0.0005897318386 43.32835966
0.01652035891 0.01483947904 31.26378739
0.02318163682 0.02738533436 22.27792454
0.006361527982 -0.02642639101 11.03641781
0.004567252601 -0.03746141794 12.34135151
-0.02298433043 -0.08167450789 18.17575867
-0.01418072279 -0.05313689782 14.91657608
-0.0005636921425 -0.0334701443 12.07841873
0.004493029371 -0.03828732635 11.85112592
0.03419293389 -0.1843001767 18.09530457
0.08076088421 -0.3972166335 30.69017818
0.03739177792 -0.01033280674 -3.809392984
-0.02378888911 -0.09336598241 21.28501202
-0.02569054999 -0.08717254054 20.66697586
-0.02912844833 -0.02534971006 15.31491471
-0.00805903346 0.00185300951 7.741688529
-0.00440157795 0.01118980795 5.858032944
0.004187382073 0.03664418046 0.7270209189
0.03875426122 0.02003729626 -7.913649505
0.03678589016 0.07981927883 -14.13949608
0.03686875409 0.08989165405 -15.19195014
0.3831374061 0.003113955363 -140.8778399
0.0316954612 0.09286236642 -15.35313015
0.1490401394 0.02817614224 -59.83934837
0.1086444788 0.02583352877 -40.05683533
0.06148163804 -0.002175310186 -15.42914213
0.04387299312 -0.004007426203 -6.672088985
0.01982691891 -0.002464299131 5.687988044
0.01932994358 -0.002779714198 5.821791037
0.02495307977 -0.01031826214 3.563210098
0.03291499308 -0.01589964841 -0.4848267228
0.0002109268878 0.004701512101 17.46815539
-0.01274098248 0.02183003535 23.38375074
0.03153993183 -0.03576783656 9.975921519
0.03460236137 -0.02252827769 6.498746649
0.02814607314 -0.00343114877 8.73627065
0.07076941143 -0.03875069331 -18.56533077
0.07774961055 -0.03874772818 -22.4524434
0.07696336152 -0.0113401717 -24.67302783
0.06881414878 0.01037831961 -20.31583606
0.05916129429 0.005441972367 -12.1313326
0.05988451386 -0.005626563674 -11.88897673
0.07371200808 -0.01087521043 -23.15835335
0.05327000626 -0.01665220997 -4.402387821
0.03660015976 0.02083868661 6.417129076
0.0363428808 0.02807156131 6.023663793
0.05979868478 0.01895340229 -14.93666035
0.03764397497 0.01112494755 6.74246565
0.03307272708 -0.003435623779 12.5354263
0.03906890908 -0.002230841564 6.493374889
0.05431126637 -0.0009356913478 -8.857249843
0.05063938247 -0.006901799455 -4.571735284
0.06155410193 -0.009603257125 -15.91480907
0.04165248061 0.002598414438 4.772595807
0.01881560269 -0.01170453518 31.10753149
0.01942673437 0.003129545406 28.75529448
0.008997061367 -0.004455757915 41.61400336
0.04444803607 -0.007931768198 34.35459332
0.04678266157 -0.008011784793 31.79139533
0.02237153496 -0.003478147666 26.05192307
0.02910369232 0.01020185551 16.54835634
-0.006424669443 -0.04600268748 13.77211801
-0.0175417606 -0.1013920229 20.73244439
-0.02927266707 -0.1139534385 22.12462387
-0.01645857102 -0.1345660805 22.93413086
0.002283119675 -0.1000485286 18.42515487
-0.03734487524 -0.0204950519 8.793684045
-0.01395287447 -0.03544678396 7.440900467
0.003334984006 -0.03310824451 4.810044876
0.03768468847 -0.01042230853 -4.040782158
0.0668720065 -0.09322304944 0.8650776006
0.05752513543 -0.03375635085 -4.014009145
0.02183386277 -0.004563254082 0.8620643393
0.004166855257 0.006949701339 3.889601718
0.008233732642 0.01361978952 1.825428094
0.03759320138 0.02971738092 -9.073489443
0.04536787568 0.04184584081 -12.58673358
0.02559675338 0.020853144 -3.619677151
0.0392951103 0.02647966367 -9.450906827
0.1235285603 -0.009733333355 -36.18588039
-0.05161023331 0.08980552359 20.09282707
0.07091539191 0.01572208504 -24.28063673
0.101873109 0.01518639721 -36.72716371
0.04128654764 0.004275000349 -6.226779801
0.0380041663 -0.002108798023 -3.875165645
0.01901440875 -0.004055862979 6.25286592
0.01548051484 -0.0026456548 7.847572522
0.01825772845 0.00344069688 5.678163381
0.03434669987 -0.01030580281 -2.175574272
0.01861585901 -0.01144751942 7.791448282
0.01390090551 0.01371870366 7.986868652
0.0391235871 -0.04745915364 5.929245805
0.04697185995 -0.04533514214 0.6251762653
0.0365158325 -0.01385619392 3.861655759
0.05107795734 -0.02594474651 -5.147351414
0.1108048602 -0.0217118323 -49.3494239
0.0901339398 -0.01109182677 -34.49525825
0.07411298112 0.005480745758 -23.82279028
0.04962557455 0.006644324561 -4.49304931
0.04844152074 0.003298195476 -3.292985978
0.06605205463 -0.001525645693 -17.55515962
0.07956455458 0.005022076161 -29.77499578
0.06191403099 0.009032966512 -14.67278171
0.04114330466 0.009534712593 3.776511212
0.03728289685 0.008213770719 7.242369445
0.03172785236 0.01184106704 12.28265051
0.03030989342 0.00302308495 14.53949863
0.04974438399 0.01616240939 -6.352005322
0.03483488338 0.01430444278 9.111259327
0.05172668745 -0.004486048527 -6.318755955
0.05467941434 -0.00803975211 -8.687616266
0.05128167738 -0.01149410608 -4.468044844
0.01955041745 0.01084828195 27.90314933
0.01240844344 0.00115574294 37.30191597
0.001013084158 0.01922547828 48.20501939
-0.02805516484 0.05710902525 77.26701908
0.03916857774 -0.009775686279 40.84300984
0.05993769371 0.0021217704 -20.66412498
0.03580385324 0.008954424251 8.257661037
-0.01827829788 -0.1196769603 23.11267013
0.0005927241035 -0.09291202521 17.58547399
-0.03640832799 -0.09813372187 19.68322192
-0.03359530169 -0.07650761726 16.6951386
-0.05312479646 -0.06079905044 16.52660721
-0.04750750602 -0.02095751219 10.35297422
-0.005245173988 -0.01243756793 3.59951825
0.007142467733 -0.004616154114 0.6495733506
0.02788580374 0.00834797858 -4.718777077
0.0629531715 0.0001065144563 -10.60449478
0.07521648415 -0.001805494461 -11.93448298
0.03020792921 -0.001934019598 -1.392607916
0.007637720967 0.01077036792 2.390399663
0.01402399825 0.02898153146 -2.114985522
0.03538576144 0.02504376666 -8.032582032
0.03447177433 0.0258895174 -7.506764523
0.0211447922 0.01169328335 -1.078323985
0.02861368669 0.01540525357 -4.456911555
-0.1022319272 0.06539638056 45.23288255
-0.06252190539 0.1067334536 21.87609195
0.04187595792 0.02721181844 -12.37675099
0.06695194222 0.011196546 -20.10562715
0.038088804 0.01787007361 -7.206025606
0.0385194838 0.001568406032 -4.710852788
0.02077692831 0.0006852763558 4.6750149
0.02255247533 0.006756621356 2.708488379
0.02850248173 0.03061058261 -4.035523269
0.04167276788 -0.001381453139 -7.422875711
-0.002144889147 0.009613015379 17.68606915
0.04700841647 0.006186308015 -13.18244108
0.3290653573 -0.03475584788 -190.7699443
0.0811129465 -0.07426951306 -18.70324918
0.04889991146 -0.03598001563 -1.966445513
0.08752068744 -0.01886958329 -32.73354005
0.1135898786 -0.007524557938 -52.60259425
0.08851091198 -0.007018350972 -33.78911564
0.08324242274 -0.01710222402 -28.1990802
0.05269156669 -0.01475031548 -4.249228077
0.06470297857 0.008102741742 -17.37709001
0.06911930762 0.02579222126 -23.6336362
0.06196905376 0.004427981206 -14.41100784
0.04702502014 -0.007091025932 0.4925353498
0.04492124053 0.006187612102 0.5086468537
0.02841474442 0.005473652378 15.99280917
0.03906753232 -0.003935761963 6.869311765
0.04580214786 0.01597206908 -2.224635512
0.04689980642 0.03122778488 -5.490931364
0.0368833544 0.02255009599 6.06552174
0.03269139314 0.01487847509 11.15782097
0.06138867798 -8.712056236e-05 -17.11716641
0.04436385638 -0.009873033074 2.629936325
0.04413911252 -0.01305707458 3.695655791
0.02622649406 -0.01098828551 23.29035843
0.01946424928 0.01034488123 28.00718065
0.03052408714 0.01419102545 14.44816786
0.04153826787 0.004402633766 36.09605652
0.07770430913 0.03777677344 -46.30776603
0.03681924002 0.01576840883 6.101698813
-0.01844641345 -0.1012472024 19.78445617
-0.01992475263 -0.08705991641 17.52019233
-0.0288297104 0.05625855484 30.83087189
-0.6207144311 1.735333908 -211.2138439
0.01493980834 0.05817931758 -0.9667614672
-0.04143408192 -0.02291931707 10.09885794
-0.01938691771 -0.003958674706 4.403803584
0.01525540363 0.005729917946 -2.096919669
0.0460195002 0.04937949153 -14.67029402
0.07614027729 0.02428819143 -17.04031392
0.06694765954 0.001405368589 -10.72140005
0.04283200071 0.0149027884 -7.331384534
0.04299232367 0.04782358145 -13.14159277
0.04786501537 0.07293037532 -18.79541931
0.04999624679 0.06615380379 -18.306224
-0.002168046201 0.05045446342 1.235533376
0.002190152878 0.0568858394 -1.143399587
-0.003358461727 0.03070643982 4.937999975
-0.07521123217 0.02343795957 40.71331747
-0.04546465754 0.06962906851 20.76930793
0.02289636756 0.05819261725 -7.251917918
0.03972418084 0.02302627573 -9.338058601
0.05913424852 -0.03068583926 -10.20514515
0.04911103024 0.01492978825 -12.34988267
0.02962627091 0.01585733898 -2.364393151
0.02637229395 0.02003306552 -1.423257446
0 0 -1
0.02469573222 0.03132629285 -1.883977267
0.0002417516346 0.03033406783 12.96551834
0.02597874227 0.04385370556 -6.234446909
0.1669166083 -0.01346241522 -86.94811694
0.124128858 -0.02606568529 -55.54910194
0.06580407507 0.002466277033 -19.89877572
0.09884618709 0.005573422679 -44.61708383
0.1420303443 0.005796917496 -76.35521576
0.1098549539 0.002853022365 -51.39636271
0.06848295689 0.00387535179 -19.85208261
0.0697074595 -0.01340055264 -18.36951629
0.08606969793 0.002609337886 -34.13237149
0.06428941113 0.01790128089 -18.13655899
0.05181409566 0.01920981174 -7.695831572
0.05748304367 0.00643316775 -10.8545725
0.05118905944 0.01112603036 -5.828211983
0.02416395636 0.0005893919699 21.05730219
0.0369910709 0.01728990197 5.67868754
0.06076707949 0.02206794372 -17.80813581
0.04336212153 0.03104819217 -1.800961847
0.02304503118 0.02175915072 20.5042165
0.03074375114 0.03123057424 10.96341928
0.03607056074 0.01226401409 8.464778866
0.01573308137 -0.02667306453 36.31170647
0.04937196391 -0.008292263103 -3.849233115
0.05542368961 -0.01582007832 -9.088961632
0.02725095037 -0.006101840568 21.68216812
0.02945722256 -0.005761851835 18.79803807
0.06026322044 0.005581983469 13.71209555
0.03778064905 0.01873968607 4.556349082
0.0452609365 0.01726129742 -4.266081381
0.03896092807 0.04673930825 29.07040724
0.02369642235 0.05898817083 27.45953031
-0.06669136871 0.05965956376 32.40582407
-0.1325574762 0.08047094378 32.28885496
-0.01142615105 0.09238575748 -4.856038953
-0.03216193402 0.05690766406 3.946630394
0.02118545799 0.02319551989 -5.976309706
0.05240706384 0.05492655659 -16.61578171
0.0605303534 0.08036652099 -22.60230609
0.06579213182 0.09932723617 -27.4705986
0.06094315323 0.1019826282 -27.27045557
0.05898790926 0.1051682869 -27.55897735
0.05786267849 0.1323835863 -31.85329231
0.06260009733 0.1456927498 -35.39379264
0.05812160984 0.2252703135 -48.32866409
0.01173812326 0.07740996016 -7.598353649
-0.008353603921 0.06310390948 1.703160293
-0.006924629102 0.03594115442 5.9555307
-0.0528251663 0.03554405445 29.33984616
-0.02832910046 0.02782291973 20.35596642
0.006748219195 0.04101614077 2.356769159
0.04191940535 0.02106895697 -10.20635122
0.04060317506 0.05991198515 -16.42479166
0.04772463495 0.03746972729 -15.70455217
0.03120184426 0.05278819158 -10.07961664
0.03690933901 0.03447533838 -9.524346593
0.02126413433 0.02559765698 1.299501657
0.01154014367 0.03265218211 5.622668594
0.01596271283 0.03667810738 2.245156735
0.04043149657 0.06348137373 -17.82534712
0.07690915245 0.05939465308 -40.86742928
0.1368368585 0.050283922 -77.6609233
0.060228784 0.05337919318 -24.38770062
0.06361551347 0.03802083016 -24.78332676
0.1336760235 0.03349197891 -75.17929206
0.09331790703 0.02113130257 -42.03683694
0.06245020132 0.0006412517974 -14.34893478
0.05365047852 0.007630049754 -8.917540906
0.09518825497 -0.005188713397 -40.25604068
0.07488722043 -0.01825655347 -20.60535399
0.06592994556 -0.01866646424 -13.1150237
0.04559344727 0.01060900081 -0.5738656177
0.0355076015 0.003319916692 9.80672059
0.03402377365 0.001169680689 11.25697446
0.05492638341 0.0277343271 -13.50803882
0.06731738642 0.01490703581 -23.02564299
0.06824937204 0.01157440165 -23.19613958
0.02022438253 0.02095286862 23.46170234
0.0208263985 0.01395643499 24.17217085
0.01317871408 0.005540568849 34.06951799
0.005114929444 -0.00130160812 43.83380071
0.02235103627 0.0007522727593 24.51738268
0.0484016757 -0.02052973574 -0.4345729581
0.02463905694 -0.0176145666 26.34609368
0.02544766511 0.01466686343 19.0953595
0.1111146692 -0.003376156669 -45.57194424
0.0390973139 -0.002838166596 6.859914059
0.02944926894 -0.01276346601 20.43475739
-0.06715688125 0.0929467885 25.19034674
-0.06587050891 0.07739531559 28.35600461
-0.07079413758 0.07582957146 29.84249836
-0.1294904115 0.09104650768 29.94578712
-0.04356839036 0.09718954893 -1.874187621
-0.1314726186 0.03320262657 19.9507208
-0.01429087011 0.3123183738 -56.87688101
0.02123571374 0.2841733684 -56.41569998
0.03632095705 0.1233947857 -26.54774912
0.05238607968 0.1539883112 -35.73422169
0.08517757891 0.1166585598 -34.74173387
0.06362155213 0.1513769328 -36.65362054
0.05511320546 0.09074481981 -21.27488885
0.06478011125 0.1248986352 -29.97959481
0.07569124416 0.08387307858 -24.62314592
0.04819104742 0.04097692327 -5.370884665
0.05547871604 0.1394749333 -29.82601099
0.001961559657 0.07137420813 3.378999896
-0.08843105237 0.03299378195 44.30141216
0.0007517193021 0.0525187025 3.217661243
-0.006400634884 0.06758925933 3.020994274
0.0120877288 0.08599799985 -8.699046283
-0.01900074877 0.005120932626 22.56267811
0.04112946329 0.08938907988 -22.62470161
0.0205816254 0.01298332979 2.893402549
0.03884025778 0.069483709 -17.45614687
0.03844362135 0.08472382459 -20.22077159
0.0225117211 0.07041479461 -8.373676179
0.03028105423 0.06767646161 -12.57463844
0.05484100338 0.08764692805 -32.33618971
0.1441704184 0.08899977733 -90.09284881
0.1359221098 0.09173288275 -84.89021556
0.04200090646 0.07248739676 -15.0542729
0.06525605887 0.09401891597 -36.39703215
0.09222191288 0.06571136884 -49.83637644
0.06613279763 0.02620649117 -21.99757
0.03535820508 0.01621415071 3.843018495
0.05978437463 0.01299626544 -14.97648808
0.07711976443 -0.000477832163 -26.22953782
0.05362049033 -0.01786557091 -3.098354379
0.06273274739 -0.01365149736 -11.7275335
0.05583696046 -0.02451672824 -3.292389636
0.04675981037 0.006263914432 -1.027838633
0.04421068942 0.02269518432 -1.824053633
0.04858713488 0.03544225943 -8.824567301
0.04865815698 0.01137326641 -3.908303282
0.06488976798 0.0008598685396 -17.87551377
0.04055870816 -0.003464447473 7.730565495
0.01154060555 0.007139853411 35.35028825
0.01477468433 0.00839885369 31.65401148
0.02729892447 0.01624450108 16.24121354
0.01353297234 0.009348412807 32.47113686
0.03554124384 0.009747877681 7.943124244
0.03357935535 0.004071712011 11.65629498
0.02721786678 0.005185288578 18.77770329
0.08366005941 -0.008112121431 -12.33970778
0.03174584054 -0.01652533361 18.19171556
0.03774947373 -0.0102532899 9.851639648
-0.0562741624 0.09904209387 23.77802357
-0.04716237533 0.112398837 20.75101303
-0.07140466013 0.1119857447 22.46955648
-0.1013236402 0.09357347628 27.95526727
-0.07943811334 0.06246292955 8.692000429
-0.05859255004 0.2245968061 -31.58896655
0.004335954126 0.2957521478 -56.05981091
-0.01862677498 0.3137515889 -56.55046811
0.009791403669 0.3148882851 -61.52204361
0.008024159068 0.2765747503 -52.61209684
0.01172269788 0.2949861259 -57.48622461
0.06148246273 0.1618003739 -38.77296051
0.06574931575 0.1410066533 -35.47037336
0.07296698173 0.09273444086 -26.42887188
0.07038393409 0.02978032582 -10.26316789
0.02072813479 0.02669727295 6.891302289
-0.009217306034 0.01174213866 20.19570512
-0.03519459971 0.09060728333 11.98251736
-0.07413095147 0.1136973925 21.3366011
0 0 -1
0.00818743565 0.1862355273 -28.58301004
0.0206162326 0.2054642725 -38.23039657
0.03650895462 0.1141451278 -24.91589952
0.04495144821 0.2063541764 -50.592459
0.05017855956 0.09080417344 -26.64683421
0.04905866559 0.05750286622 -18.14608346
0.03769244396 0.1140893743 -24.94060957
0.03327027682 0.1484999413 -31.98640561
0.0353380869 0.1402203436 -31.10654695
0.06594520523 0.1492867797 -51.81191738
0.0967656239 0.1217984022 -66.90346128
0.1165282009 0.07645484365 -68.29702746
0.07186237369 0.03242584498 -26.76453773
0.06096975734 0.05207866777 -23.85256844
0.06095299154 0.02525072428 -17.81380278
0.05679526285 0.01202559204 -11.69192295
0.04935970665 0.01878885718 -7.462745757
0.05357918412 0.02015459521 -11.14890996
0.06007374339 0.01526023699 -15.4720212
0.05888091317 0.00570268679 -12.24983223
0.05676094438 0.008792317229 -11.18341696
0.05990681037 0.006669554698 -13.44827255
0.05991543891 -0.0004378042239 -11.87599632
0.05350377638 -0.00863898279 -3.918867104
0.04296155363 0.003078938195 3.504498177
0.04476860107 0.008556953533 0.4469453648
0.05655416292 -0.0001347248075 -9.421585475
0.04171689943 -0.004365459758 6.589034362
0.02306845079 0.01545473644 21.41921257
0.02947572776 0.02558615331 11.93608352
0.02551454972 0.01342104411 18.60616873
0.03526688801 0.04522977516 0.4770739533
0.02933916973 0.06103930031 3.878170892
0.02008885956 0.0358947228 20.48401213
0.01931460526 0.02471448386 23.71461645
0.04055598506 -0.007457519594 39.19640867
0.01324109947 0.02125498552 32.50388077
0.02269310887 0.01499331496 22.50059119
-0.0263721561 0.07416170779 29.51453508
-0.036504409 0.07836336911 28.97248283
-0.04755104759 0.1278707087 17.51788011
0.03563341553 0.04433504186 33.89238098
0.02122055549 0.2859939077 -55.65057316
0.01636521772 0.3085715405 -60.87265064
0.007135421878 0.311745724 -60.25695615
0.008672454444 0.3068760798 -59.55704757
0.01008003165 0.3189288245 -62.60154871
0.01720073296 0.3028694543 -60.43881306
0.006340318289 0.337552669 -66.52239954
0.003145117257 0.3592466437 -71.18567037
0.01887740038 0.2937181364 -58.70067938
0.01465824003 0.2818798057 -54.75299636
0.03638597475 0.2290477219 -48.44449466
0.05522958881 0.09963715008 -22.37496469
0.01423009102 0.2446716998 -44.59153955
0.005106325925 0.2097864768 -32.36990211
-0.001029990879 0.2274036077 -34.31467106
0.02265651719 0.2475148248 -48.82575296
0.01967197251 0.2559213357 -49.55854276
0.02387511449 0.2936006994 -60.76293865
0.03416078266 0.3176035348 -71.97245451
0.02726321992 0.2792861024 -59.05833561
0.04869720776 0.3759891305 -94.11010543
0.02973062464 0.3756906041 -83.93566181
0.02110280877 0.3230068431 -66.01718443
0.006137153643 0.2216200467 -32.34135467
0.0139931007 0.2177603897 -36.31216798
0.04610945124 0.1151874665 -31.06785475
0.0717236503 0.1319487848 -51.97495188
0.08153561757 0.107499223 -52.38740998
0.06042304642 0.051239159 -23.65219754
0.05512706754 0.008634219484 -9.668630164
0.05626142911 0.02765841471 -15.20753858
0.04975207523 0.03334719635 -11.70606969
0.05446310346 0.02443185542 -13.14095671
0.05247570099 0.01750139574 -9.790595421
0.05487616066 0.01442168742 -11.0329547
0.05874649722 0.00727304005 -12.45055031
0.05697023025 0.004416613926 -10.25338147
0.05472800301 -0.003106593243 -6.376360695
0.05281901915 -0.002497121165 -4.771659904
0.05151508282 -0.00324100065 -3.404357481
0.05046628329 -0.004016829684 -2.224739606
0.05379776512 -0.003352232363 -5.621777972
0.04655453827 0.006350856827 -0.7889086982
0.04946322455 0.005715764733 -3.644022842
0.03983999298 0.01470875423 4.082262321
0.03401751971 0.0204045415 8.798407165
0.03772577977 0.02389122663 3.970958786
0.02228086185 0.03900164752 17.31340942
0.01650751419 0.02932065361 26.18310354
0.02491146024 0.02840037298 16.83437251
0.04517264317 0.0316128904 -7.579742756
0.01962884414 0.004156487959 61.3897609
0.03294521132 0.0280863967 7.629070918
0.04567705805 0.027948305 -8.11019446
-0.02433288369 0.04088013658 38.01614522
-0.02104149442 0.03156802605 40.47001637
-0.01028524487 0.0274763655 41.12251459
-0.01230090543 -0.02292817946 54.91911753
0.015148407 0.3128813958 -61.95915225
0.01064240836 0.3613940068 -74.05676925
0.005534171681 0.3298503973 -64.76880919
0.004243062526 0.3304141494 -64.55608425
0.0108071167 0.3176955459 -62.41029899
-0.001432994168 0.3304590322 -63.62526918
0.02404642932 0.3268407072 -67.87703945
0.02200817944 0.3208305323 -65.63559434
-0.006873264876 0.3140480099 -56.4566877
-0.0137565981 0.3046355219 -51.92270645
0.0007063545088 0.2905024174 -53.04433993
0.03229629825 0.3171793906 -70.05120956
0.03135842686 0.3028695804 -65.75200726
0.02170205912 0.3002229226 -61.62166377
0.01706883385 0.2978196916 -59.11802832
0.02188686955 0.2938407391 -60.01865445
0.0296611973 0.3031686993 -65.83309352
0.04586434066 0.3357622015 -81.86740715
0.03609149411 0.3552373048 -82.60850871
0.0528022604 0.3935418356 -100.8734936
0.05851249512 0.3785861574 -99.66663621
0.02158998414 0.3659614014 -76.24781451
0.01545303782 0.3432333886 -66.88165331
0.00534981901 0.3514180186 -63.68271438
0.07182251557 0.562467074 -160.9460791
0.06883452522 0.2846953178 -82.77137128
0.0838941629 0.1031503916 -52.85343116
0.06849156877 0.1580158854 -56.1849472
0.04056792781 0.3973346976 -100.5916503
0.00863801129 0.3741747832 -71.59325005
0.0142587843 0.3230267661 -62.34421036
0.01285778288 0.1157013626 -5.322759619
0.02903320735 0.07222627514 -5.654034785
0.04042926311 0.05313840963 -9.454276842
0.04911488005 0.06529310528 -19.83794452
0.05407104483 0.01700814308 -11.09367606
0.04913732251 0.003418297411 -3.118045317
0.05008402758 -0.01186431426 0.1431906574
0.06050261273 -0.002142621724 -11.95229517
0.05009195316 0.01306608493 -6.421059477
0.05120790469 0.01816988808 -8.910193317
0.05286431089 0.01737300315 -10.2828037
0.05241057167 0.001305279072 -5.462428881
0.0468773086 -0.001915846941 0.9986037334
0.04462242573 0.0006705312666 2.694522602
0.04257697215 0.006434088611 3.267798809
0.0378974129 0.01041201489 7.2143171
0.03052131197 0.01221986084 14.89417226
0.02418523275 0.02001008967 19.7679757
0.02733386236 0.01561814891 17.25491073
0.03570719144 0.02299291166 5.524356308
0.03589750385 -0.004299514606 44.32215861
0.0365848968 0.02305589844 4.085842272
0.04149305621 0.01942789403 -0.9213575917
-0.038269252 0.02502761161 42.5049787
-0.03924202596 0.00191056657 49.27564104
-0.03992345732 -0.0189188362 55.38931319
-0.08890491212 -0.02778630549 61.2106793
-0.1198200118 0.04242195312 32.62541422
0.00305323586 0.3553902963 -71.71027184
-0.01362993785 0.341038183 -65.30894006
0.00578669165 0.3343317411 -65.58904585
-0.006244449251 0.318981799 -59.06168427
0.006814229482 0.3382820093 -66.88799486
0.009299093778 0.3398430113 -68.33264792
0.02749422228 0.3211268805 -66.97152473
0.002641924427 0.3241410774 -61.77216585
-0.009847533175 0.328750416 -59.46107837
0.009622222734 0.3499397524 -72.00827074
0.02150134154 0.3321284509 -69.53040772
0.01985670449 0.3309215242 -69.4263931
0.01771237317 0.3346849623 -69.74142959
0.01338506955 0.312936437 -61.7906177
0.02401251968 0.2973557113 -61.77554597
0.04773594293 0.2972714493 -71.56985186
0.05399064694 0.2853141484 -70.60335054
0.03239480725 0.277458756 -57.56639396
0.04829679968 0.3211686016 -78.06264947
0.08691730142 0.3901159467 -118.0282021
0.009366317077 0.411175232 -82.23571829
-0.04818069008 0.4017344415 -47.6945418
0.005209717548 0.3529328698 -64.13709524
0.03287224541 0.2959872979 -63.96747345
0.05672892062 0.2741576212 -72.10164837
0.04418937287 0.2163354087 -46.56671238
0.007935786764 0.2890708698 -44.05830856
0.001784956972 0.3586413089 -61.21074063
-0.007283582956 0.3335563621 -46.77418781
-0.01196273369 0.3565446612 -50.21648733
-0.0173961009 0.4361159922 -70.36296364
0.02350808012 0.6063222741 -150.5418427
0.007307600056 0.6228580746 -142.6480671
0.09876318865 0.2060893407 -100.1777483
0.02960522173 0.2788156149 -63.21238357
0.01903128498 0.2871982606 -56.69702341
0.01548804852 0.2925932008 -54.99354608
0.02638024603 0.2639853215 -56.57158435
0.01394273749 0.03856943157 20.20510569
0.04041376079 0.04996496589 -7.70174679
0.03855848874 0.09512603486 -18.54839228
0.03583575865 0.02701666895 3.982290042
0.03482913106 0.000441130579 12.70780656
0.05048936699 0.0007524386251 -3.544100757
0.04921921931 -0.001542678177 -1.561617981
0.03620059708 0.01314891992 8.21088156
0.03290090018 0.02264240244 9.079783646
0.02993810041 0.05955435801 1.382165158
0.03102288179 0.02444881331 10.42063356
0.03210118793 0.02257726297 9.718263538
0.05849310543 -0.02129587358 22.26760783
0.02950631966 0.03900293115 8.317182822
0.02018373353 0.03462615369 20.89320678
-0.052055771 0.02970699441 41.12595809
-0.05460348521 0.02315279814 43.20180747
-0.0588196434 0.006458530044 48.53925078
-0.08336717066 0.05405996676 35.17137146
-0.05999854528 0.2133050698 -18.20238517
-0.01787669261 0.3252028647 -58.26838788
0.01985044197 0.04746523765 29.07006355
-0.001686698832 0.06158386586 27.60810314
0.01119789187 0.330410151 -65.42421817
0.00101037955 0.3306917529 -63.03760683
0.001864674497 0.3452633078 -67.52114563
-0.007985240298 0.3420094175 -64.28965616
-0.0001905137064 0.3323839612 -63.53347122
0.006048611139 0.3219896285 -61.81238722
0.01917246483 0.3158485166 -63.56032177
0.02326499031 0.3178739881 -65.72864086
0.03052581487 0.2919538781 -60.64771936
-0.001653664792 0.3288838894 -60.70070609
0.0127108353 0.3308773893 -67.42894242
0.006938120919 0.3273242836 -63.79868645
0.03550840679 0.295843904 -66.37429995
0.04252410419 0.2542506609 -56.3302023
0.03974314008 0.2535423717 -54.36026021
0.04908484558 0.2504518446 -57.93039856
0.06540028277 0.2200447577 -56.2852585
0.03795435095 0.201727871 -35.2876764
0.05797904266 0.2146905928 -50.79755437
0.00795399866 0.3073389105 -51.52134716
0.0265140698 0.2987050962 -59.91094913
0.0467858748 0.2818699456 -67.97151901
0.02744004043 0.2584390663 -47.74797576
0.01813579219 0.2592450156 -41.42952429
0.0005413659673 0.3017310857 -42.99613344
0.008532530164 0.3177583437 -53.85111818
-0.004118160188 0.3282269081 -47.81523885
0.05078116456 0.3562625053 -97.62212007
0.0201401014 0.3005375923 -56.32978112
-0.01599411824 0.2183516703 -1.132417451
-0.113883038 0.0995268073 116.4416629
-0.3859517935 0.4325659852 239.7558024
0.02056395936 0.2928844134 -59.65275693
0.02818406763 0.3050063868 -69.95273152
0.0192575281 0.3356417505 -71.59940433
0.008262840841 0.3424693638 -63.60862689
0.002186355735 0.3430306619 -58.19870097
0.002353476155 0.2781888252 -37.65337442
0.01509110133 0.276256859 -49.80060924
0.01922619826 0.2987153926 -60.97780796
0.0186477183 0.2813206039 -55.13736327
0.02095062897 0.2788343586 -57.09121557
0.0114787082 0.2582564539 -40.06166788
0.01688120149 0.2601877851 -46.52919005
0.01650715658 0.200676668 -27.23831145
0.00956278005 0.1544679554 -4.497493108
0.01830223011 0.04943852753 17.73678966
0.09485298383 -0.02189853844 -21.22942499
0.02732963599 0.06649304481 2.226391495
0.007714501761 0.1072670474 13.80024635
-0.04717351923 0.0494318915 34.60848389
-0.04694836404 0.07025587922 27.55141237
-0.02931631028 0.1119734375 12.57664504
-0.03839572145 0.171971558 -7.35505593
-0.007492916577 0.2210590641 -26.47112599
0.02113913129 0.2150926074 -27.31490685
0.04431334896 0.1931194258 -22.83815879
-0.002132690005 0.1580309496 -4.620011085
-0.03088065896 0.2265663585 -22.96192037
0.01145703812 0.2723689449 -46.56445806
0.01185729544 0.3045952418 -57.09421683
0.004387796434 0.3172984158 -59.79859094
-0.007990027314 0.2983674349 -50.0422269
0.008135729481 0.30105686 -55.65181015
0.006386451694 0.3095805152 -57.47081959
0.02290824813 0.2995236825 -59.49638346
0.007383130413 0.3103645906 -57.87563776
-0.0008672168051 0.3300346105 -61.42491956
0.00236450997 0.3198271378 -59.2545716
0.008905159081 0.3186352476 -61.37899745
0.021295286 0.3088363118 -63.52086053
0.01395639257 0.2988482314 -57.0167613
0.0268164923 0.2577178298 -49.6673266
0.0381799293 0.2588895214 -55.5791122
0.0354808656 0.2246369245 -42.64455174
0.05473720538 0.1933206257 -42.44322234
0.05392033615 0.1894817412 -40.42725977
0.02707709683 0.2051320283 -29.44207378
0.02249622549 0.2349751367 -36.81319118
0.02180262982 0.2572611728 -43.65709211
0.05949536025 0.2614108287 -69.64677929
0.03558643728 0.268326942 -55.69325817
0.005414926934 0.3034373247 -47.22230031
0.01713417228 0.3366050613 -66.17222598
0.018232838 0.3402928597 -68.43999983
0.04200819506 0.320099937 -78.78813046
0.08967748846 0.1817720206 -68.35451581
0.1219430102 0.1445448481 -81.67114992
0.02026206664 0.2205534768 -27.94504051
0.06757150705 0.141823637 -39.96410136
0.01381441956 0.1077711496 17.95654191
-0.01036402102 0.1289019462 31.86844316
-2.40234375 2.433423913 1453.984375
-0.008355765501 0.3819878499 -60.04144451
-0.009248869775 0.4053427417 -66.89060551
-0.01936736025 0.3697629138 -46.07984105
0.003247536031 0.2975195007 -44.45409241
-0.002203615602 0.2983042576 -38.82045838
0.1364280487 -0.04038305626 -74.61348551
0.1133671541 0.1231198452 -105.1886066
0.02463586632 0.2869281882 -63.27826829
0.004721603932 0.2674045844 -35.26212594
0.007846601589 0.2557173712 -34.72942345
0.0005112543418 0.24012923 -21.17169286
-0.03757670227 0.2561883819 17.97905995
0.1231270155 -0.02333801385 -54.55446696
0.05869119942 0.2152085965 -83.02134617
0.07353711162 0.2524439363 -113.7404584
-0.0188748312 0.06790393756 27.9545495
-0.01586439138 0.1155213939 10.90549859
-0.01842405663 0.1478973706 -0.4387062613
-0.003484601681 0.1832327239 -13.06726319
0.005332514584 0.2105444799 -23.34224289
-0.009343132397 0.2115719888 -21.92538117
0.01039024304 0.2348077602 -33.00000129
0.0218706108 0.2348116217 -35.34296002
0.02254501005 0.275369417 -49.97831356
0.02265482292 0.3251123751 -66.79975674
0.01953437476 0.3123379996 -62.05398634
0.01803795573 0.303145565 -57.81343322
-0.007090021905 0.3058510293 -52.70276583
-0.01317219411 0.3121914918 -53.56396675
0.008686898159 0.2866380088 -50.7983472
0.03153576423 0.3211282645 -70.16402969
0.02170660486 0.3001130164 -59.97758635
0.006868672453 0.3266448137 -63.44658566
0.002292202333 0.3320111809 -63.73858884
0.01476786346 0.3271033377 -67.3291178
0.02614740829 0.3352886474 -75.08433219
0.007659644088 0.315996894 -59.63178816
0.01439386889 0.2967662521 -56.2512477
0.007539987571 0.2888394911 -49.89702543
0.004113354132 0.2682762029 -40.75877989
0.02396341281 0.2303227721 -38.12538784
0.03551865627 0.1917809178 -30.77670973
0.03010409731 0.1810609862 -23.30099452
0.04187869134 0.1769258824 -28.91205012
0.04976989327 0.2120115106 -46.16764142
0.06777005074 0.2426154556 -68.71756009
0.07050774082 0.2333346016 -67.48343616
0.03871764081 0.2632990342 -55.56498725
0.02284212882 0.2994969193 -57.53108497
0.06280741481 0.3409460074 -101.4929122
0.02715939597 0.28765858 -56.68686583
0.05169030447 0.1896543335 -41.30933532
0.0261770141 0.1995390673 -24.31633527
-0.001183675804 0.2043351817 -3.548095513
0.02566989397 0.1580394698 -10.32597027
0.02092879685 0.1227230877 6.126833406
-0.003804262717 0.1598689024 14.97837819
-0.002232081532 0.3283859973 -46.93410185
0.011672696 0.3662290045 -73.11268765
0.007161948593 0.3863866594 -75.84973814
0.02520228558 0.2192359439 -33.62767788
0.04583082231 0.1693824352 -36.21423659
0.06278402016 0.2055327206 -66.59163288
0.03512832234 0.2277776988 -45.88457438
0.06207223223 0.1988576227 -65.09590788
0.09278325552 0.11254474 -66.66557624
-0.03077968861 -0.09129073722 133.1188895
0.01213853318 0.8690809791 -252.616256
0.03670616129 0.8488997538 -273.2859434
0.210748574 -0.03721635919 -156.0475475
0.1810649497 -0.01479906833 -127.6875346
0.07200520851 0.2872501449 -123.0765332
0.07164464021 0.2545496628 -111.3283159
0.006462641989 0.07873748391 23.83791973
0.009376696206 0.1242001359 6.982217024
0.01024007976 0.1491018532 -2.150899348
0.02107861203 0.1844130261 -15.28875692
0.0173106401 0.1804155949 -13.73436606
0.008703857918 0.2242824728 -28.71535229
0.0310557428 0.2571835713 -43.46762556
0.032325651 0.2871937699 -54.69169769
0.0334614175 0.3652090488 -83.02515016
0.007100277034 0.3489229277 -72.04087867
0.008308833937 0.3416569601 -69.89624352
0.01108839796 0.3073514691 -57.97412987
7.626054416e-05 0.3060896803 -54.71748817
0.001422871126 0.3393768926 -67.11026824
0.009505354209 0.3264592619 -64.92629241
0.02487996248 0.302887829 -61.47848939
0.01927511774 0.3197122187 -65.64429494
0.008172536212 0.3006972584 -54.72435418
0.01999209236 0.3167322264 -65.22496012
0.008222496698 0.343283253 -70.12726203
0.009367053139 0.3300095029 -65.749088
0.0004219849527 0.3061522966 -52.82874278
0.01508522874 0.2813126134 -50.96345342
0.011615827 0.2910832438 -52.74859184
-0.005208443772 0.2616295306 -33.32559568
0.01034911535 0.2341932354 -31.71582639
0.01883724283 0.1928337879 -21.40447247
0.0272171023 0.1750856817 -19.46568733
0.04675249453 0.1607441253 -26.20178635
0.08366474617 0.1963105625 -62.17601198
0.0524330164 0.243240376 -58.73051242
0.05804174682 0.2195974288 -53.94723623
0.03487590774 0.2431503405 -46.45028529
0.03683664314 0.2754977562 -59.4640742
0.02799705051 0.2795485729 -54.30786342
0.005657495032 0.2567274711 -29.26799835
0.0238576198 0.2179942192 -29.34955369
0.02381910189 0.1881678091 -18.38692391
0.01402614426 0.2011800482 -15.32410699
0.001797988249 0.1694862086 6.124841253
0.01575225695 0.1642483415 -4.083420318
0.03011191932 0.1633359491 -16.60847788
0.03739532641 0.2974230792 -72.34332549
0.01949072631 0.3418219101 -71.86456949
-0.4416031484 0.2515372978 399.3053301
0.03864221147 0.1955956233 -38.35642452
0.03872891193 0.1858267249 -34.95687103
-0.07490053988 0.05877039116 110.0140935
-0.05794598784 0.02704846281 103.8621313
0.08560267857 -7.239443824 2650.474172
0.00753355524 0.1500158325 13.2816482
0.02645230362 0.1627501457 -12.32947355
0.009775482649 0.07152052327 40.60362421
0.01148177812 0.1658004114 3.052881382
0.1425592179 0.07090764149 -114.6325667
0.2049685554 -0.001063405654 -161.6000962
0.1882623684 -0.01725062082 -135.5704049
0.07689247826 0.2691175702 -122.855493
