-0.08347983017 -0.02142564756 38.69619783
-0.08509666226 -0.01306333083 38.67138706
-0.09169599515 -0.007193023528 38.88968622
-0.08293051014 0.1319931403 31.46900834
-0.06108914963 0.03866451418 30.57285797
-0.04848569805 -0.4181555028 40.56251334
-0.005372684836 0.06839889047 22.45708686
-0.2937471689 -0.09475121916 73.7838325
0.3370852568 0.08117241982 -37.83907314
-0.05215654759 -0.01171958827 39.9785025
-0.1132668802 0.003031955458 53.92358262
-0.1770629518 -0.01438211435 68.45601085
-0.1606672501 -0.03466857536 63.61400811
-0.1212470276 0.004300679874 51.53950152
-0.03447080071 0.006481074698 26.42959531
-0.01442143084 0.001704444086 20.29852573
-0.03725678172 0.06203931718 26.50953158
-0.03363284443 0.04707308172 24.92574569
-0.04394869262 0.004077557851 30.03097468
-0.04928582795 0.000271574141 32.36132132
-0.04762924106 -0.00347957272 31.11734543
-0.002910061981 0.01622383098 10.39200408
0.02714357714 -0.02538481196 -2.824513173
0.01810247111 -0.05751892459 2.594571182
-0.0142053318 -0.03064031488 18.89290782
0.01014307442 -0.02146599019 5.075152624
0.02122463739 -0.02542114888 -1.069058385
0.03476909836 0.005148040172 -9.352870167
0.06986007494 -0.01767900204 -30.27476909
0.0394120504 -0.02113345928 -11.08830334
0.0113870594 0.08533718963 13.00063023
0.05754281961 -0.04480727584 -21.99397746
0.005297849821 -0.09501134266 16.13012102
-0.02258548097 -0.09950505835 35.07013514
-0.01934536418 -0.1053242522 33.21071789
-0.004602957074 -0.1576421986 22.94011457
0.02494350284 -0.1720035779 0.4558680324
0.01905430396 -0.1091368803 4.386969167
0.009970311918 -0.04638410696 10.50471117
-0.4525293912 0.111879082 398.1995301
0.05478425041 0.0004851646699 -37.36151283
0.09916616709 -0.02911812471 -75.99988762
0.1373497109 -0.04302404247 -110.6591866
0.1178941705 -0.07317154909 -91.72524806
0.0549195454 -0.03040127644 -32.37417761
0.008959818368 -0.01337703855 11.31334699
0.09354372038 0.07935742144 -74.72489777
0.6409085483 0.07166400072 -630.688922
0.01209333215 -0.01043323251 20.89359903
-0.06238089018 0.01806958755 98.73853371
-0.1966231465 -0.0378076517 243.5414384
0.1533416248 -0.05763006734 -140.9247235
0.2239631995 -0.1122017405 -220.1792102
-0.07047642788 -0.1162277692 116.5910321
-0.03788934446 0.03047831527 75.8353129
-0.1131921021 0.08366149977 163.763641
0.0768630571 -0.05170822848 -91.51492879
-0.003743133294 0.06660308339 6.329517992
-0.07733205031 -0.02202627687 38.61629162
-0.07960791726 -0.0130176404 38.37937576
-0.0983818677 -0.007250380274 39.2421405
-0.09759349388 0.08222003564 34.86525799
-0.06644863203 -0.03446628558 37.27627069
-0.01728760008 -0.2493760336 39.34492982
-0.06280044851 0.003005859805 31.62541494
-0.06477305206 -0.04628030723 33.76989519
0.3269871194 0.02827514754 -35.51582651
-0.008365825585 0.01379129726 29.89728153
-0.07892804684 0.002714578145 45.71022412
-0.1981492599 -0.06557083217 74.89829393
-0.1513384894 -0.05558206048 61.5557429
-0.05279245541 -0.01641031526 32.01375362
-0.02794328756 0.002323245044 24.46734208
-0.01354672098 0.04389204613 19.34962245
-0.04732072263 0.07550482746 29.95459629
-0.06103027146 0.01997014614 36.99336529
-0.05474434971 0.01385109989 33.82258753
-0.06419421035 0.003540168641 38.34722505
-0.05116836273 0.01881691548 32.0102549
-0.001841698393 -0.02892797106 11.07590279
0.002469628026 -0.05223221365 9.68649216
0.02907690341 -0.06456862786 -2.787394358
0.003787417072 -0.07800851668 11.23957158
-0.008171020208 -0.02275021655 15.31448783
-0.003125048717 -0.05319667944 13.38106915
-0.03338639815 -0.2642677525 35.61968364
0.06024544169 -0.006167923083 -24.43047238
0.03892193501 -0.001011352257 -11.20892597
0.03281194845 -0.009533636115 -6.965989609
-0.02397243633 -0.08959787284 35.86126
-0.07678664094 -0.1464059753 74.61621792
-0.02790211934 -0.1546381073 40.52733974
-0.04320648409 -0.1522564274 51.85133521
-0.015887143 -0.1435571511 30.31129347
-0.01445085042 -0.1006089841 28.00471071
0.07026244005 -0.1249867517 -37.35186755
0.04430889248 -0.0860726826 -16.93968224
0.04427600768 -0.02038025484 -19.17200315
0.05414768672 0.0003146792867 -36.54574042
0.06567870625 -0.007899779498 -46.94545347
0.136529026 -0.02342245042 -110.4681434
0.1204028497 -0.05146295244 -95.00312458
0.06211928582 -0.02940356432 -39.04932669
0.04792196852 -0.00591652353 -27.30185005
0.2096004979 0.1199810801 -190.4904169
0.2667350623 0.06418079092 -246.2184873
0.001246831351 -0.00781347137 31.85375473
-0.04569723124 0.01975864041 80.61938228
-0.103167956 -0.03179072268 140.3496755
0.03371907759 -0.02856700907 4.456192317
0.01633993831 -0.006721775926 23.00869694
0.01241269473 0.02469069191 26.16733586
0.0004741697013 0.03026797226 39.64155823
-0.1063856508 0.07441079506 155.9980988
-0.1902194596 -0.1713950382 268.026551
0.2650596131 0.05181583668 -291.5506137
-0.06586558907 -0.01999953409 38.36159532
-0.06504008442 -0.003292412837 37.42161638
-0.09650255413 0.01781652989 38.19492919
-0.1012035795 -0.003329882966 39.75086035
-0.1196014479 -0.07494398762 43.25891019
-0.05607024181 -0.02176547087 32.23288359
-0.03987313095 0.02165758688 27.86237472
0.006315297808 0.04059787844 19.0907526
-0.03641529954 0.008379564839 29.53132338
-0.06585030699 0.0839458214 29.96391545
-0.01491174373 0.05689375773 21.32819473
-0.06838781366 0.0212377036 36.82093576
-0.1217185763 -0.008034642551 51.38465942
-0.01029871873 -0.006432468978 19.52168423
-0.01534903612 -0.002259019981 21.32828514
-0.003534744627 0.01111991053 17.33204212
-0.04294464816 0.0261634259 30.65131096
-0.09300190072 0.005666625929 49.4319903
-0.05827933049 -0.003604251862 36.14519711
-0.05048592905 0.001921578221 32.59757363
-0.062198672 -0.009835081711 38.01577401
-0.03256266831 -0.01967338803 24.3998847
-0.005469861008 -0.03537951973 12.39756018
0.02947137933 -0.07009157664 -3.191999333
0.00640917941 -0.07642365249 9.530520337
-0.06622031201 -0.1317848643 50.78227612
-0.02928248094 -0.01376723797 21.53572185
-0.008227512134 0.003764965016 8.131453185
0.01723104981 0.04970468519 0.2454840601
0.01930980504 -0.01414691637 2.124918202
-0.002725995168 -0.04162669097 18.28593253
-0.08794871823 -0.109409524 80.29310012
-0.04510236315 -0.1604007718 52.23042473
-0.0240338553 -0.1703735897 38.3006318
-0.02457436469 -0.1077333579 35.65969823
0.01928703039 -0.06591927268 0.2900787597
0.03607431166 -0.1141274243 -10.01712914
-0.005356679931 -0.122082083 23.60654639
0.1741056767 -0.03542115637 -127.6144344
0.02562309138 0.004850117462 -12.24164022
0.04016960994 0.006567972529 -25.14244382
0.06107759704 -0.0003629522565 -43.16763358
0.1139772478 0.01255997349 -91.61757948
0.1156024502 -0.001326689644 -92.17488474
0.1016847946 -0.00124404576 -78.26077447
0.03018001859 0.008891736288 -9.664107254
0.2311736465 -0.01148422584 -216.432628
0.1460641811 0.09586716044 -124.0389094
0.04176686884 0.01596585913 -11.73380212
-0.01271080135 0.01561019567 45.34100931
-0.02634876853 0.02246077058 59.52734513
0.03088766013 -0.02550951397 7.31849296
0.02566763526 0.009910185919 11.80221226
0.01560833727 0.009011385993 23.19689094
0.0007232753391 0.02179808274 40.01389628
-0.01992434611 -0.09613236859 71.03280179
0.2104445867 0.08225106688 -224.0895806
0.2104626299 0.09207648095 -224.7632346
-0.05419075848 -0.01618517392 37.95516596
-0.04895005663 -0.00320293597 36.82512027
-0.03281297171 0.01201239121 35.15022727
0.1035580214 -0.1176625509 19.85888824
-0.01503707973 -0.04092359747 29.40373012
-0.03112735189 -0.01599494667 29.14124344
-0.01515992272 -0.002064931056 25.53290145
0.001248911504 0.002794319302 22.51442776
-0.00460190654 0.04065916617 21.64420386
-0.05378317345 0.08685969102 27.51368891
-0.01826893251 0.0478800762 22.67570113
-0.02796374017 0.02766990874 27.28028244
-0.304075436 0.01228934996 99.53801556
-0.004627439299 -0.01665886878 18.25858218
0.02045702532 -0.002162383733 10.19647373
0.000873178899 -0.00713746191 16.96372616
-0.02910003604 -0.009233343042 27.73770936
-0.09244853123 0.00359809007 49.35296991
-0.03932930861 -0.002743211831 28.28333997
-0.0613051835 0.0006981864133 37.19713047
-0.07973162635 -0.003638456567 44.89034121
-0.05805708581 0.00982940461 34.19997434
-0.02355045707 -0.01051251726 19.79109622
-0.0222809541 -0.04369802794 21.47565007
-0.04248970001 -0.06452701918 33.73585023
-0.07865330028 -0.03967579142 51.50337376
-0.02764722696 0.006898930659 19.06548157
-0.00794655585 0.003179013497 8.114127196
0.01001020275 0.01122105999 -3.282544626
-0.01563112583 -0.05197903068 26.82723924
-0.02128637352 -0.0726142104 32.10672234
-0.05397352623 -0.1045050055 55.85702648
-0.04765816179 -0.08312306523 49.65684125
0.004289542871 -0.05294527352 10.27539517
0.04052217295 -0.01327455313 -19.54281055
0.04443594638 -0.01820218328 -21.39417342
0.02843368077 -0.03716535459 -8.494997762
-0.00193833887 -0.03206586002 15.52208657
0.3069671493 -0.04298611821 -237.9673665
0.00690816886 0.04735346245 1.525531526
-0.0002767520542 0.02629323141 8.89317582
0.0560568185 0.01494559719 -39.5938226
0.1289774024 0.004387371716 -104.1106069
0.123148362 0.002958198134 -99.10222176
0.07756635666 0.02161250447 -56.23890097
0.1986797777 0.03361447777 -186.6111133
0.2270867508 0.02112588356 -214.212934
0.01785871446 0.0901165563 7.927735453
0.01223918223 0.03182185605 17.88908453
0.01650141648 0.04828171691 11.96440338
0.07777249025 0.2144819172 -85.38688958
-0.0493785587 -0.3582960423 104.7540703
0.1705362961 -0.02126544195 -161.8152245
-0.1038677115 -0.8184667061 212.7868919
0.04102332276 0.3760298659 -48.52790559
0.005635068766 0.3925183841 -7.777681731
0.02019373686 0.07017234118 16.59265344
0.04071352764 0.06661106708 -8.099573045
-0.04917462375 -0.01384708575 37.70925995
-0.04670065745 -0.01513128234 37.79685687
0.09756688455 -0.1663959562 25.11853684
0.1217833279 -0.3983217168 46.83084202
-0.1367361477 0.05440609296 33.9971266
-0.0405695456 -0.02743463693 31.25070771
0.007242956212 -0.02049423317 24.53129582
0.005974602651 0.008978820738 21.65185998
0.01062024224 0.01114134237 20.66329218
-0.04176004597 0.01228462076 30.79093113
0.003562075296 -0.02721708467 23.74853212
-0.01551954703 -0.02125372681 28.17073979
-0.2817646046 -0.0302916217 98.11025401
-0.01605068079 0.0021470872 20.2020904
0.01658202361 0.0008916362051 10.76206938
0.0026240497 0.01635289572 13.82160768
-0.04149488536 0.008815089653 30.19592737
-0.09791061352 -0.001302591318 51.37123776
-0.06402257674 -0.0009776550994 38.03704501
-0.06341315897 0.005349081947 37.59242193
-0.06516099052 0.03056039634 36.08828416
-0.06589036311 0.015388904 37.72403453
-0.04951813009 0.0003398294225 31.19711554
-0.03512407429 -0.01658904427 25.78839336
-0.02962479023 -0.01972515639 23.41447487
-0.03523866682 0.009043291871 23.55677468
-0.04124468031 0.007127810606 27.35283734
-0.01784500415 0.01002063292 13.42375102
0.006218099274 0.001547349454 -0.2089719566
0.0353571301 -0.009729085395 -17.15774932
-0.04864403733 -0.07205482758 49.67816479
-0.01761694328 -0.09459289039 30.81320835
0.004364068982 -0.0198115705 7.001540707
0.02533714249 -0.02326665234 -7.160507533
0.07514447911 -0.01249231905 -45.93617336
0.07064377673 -0.0009231326017 -42.65226087
0.01347511449 0.01782573342 -0.4433706278
0.01639698838 0.05876326929 -7.621170364
0.2560012172 0.01131029951 -199.783779
-0.02584970016 0.04104743968 30.30159157
0.01611157926 0.04268160303 -6.527981667
0.03263175316 0.03586975567 -20.55876249
0.09723235988 0.003001688587 -75.6730184
0.113888465 0.009867131118 -90.96200236
0.07034188131 -0.005420930067 -47.52895346
0.04578407919 -0.01508519044 -22.85426925
0.1505130058 0.08266157346 -142.9623457
0.007144217837 0.0495565927 22.51720155
-0.004910057007 0.06400564896 34.19735474
-0.003178794696 0.05950195891 31.89127403
0.101900542 -0.02361008187 -91.10072953
0.07601694292 0.03003539735 -67.35275571
0.02940495264 0.04955506264 -17.17098429
0.05623725293 0.09873210181 -52.76363805
0.0566812862 -0.05583397795 -14.1039484
0.04706901737 0.01429033814 -9.645943248
0.009594077473 0.06273048397 30.44297491
0.03758652493 0.05449039982 -3.015029603
-0.05833609226 -0.01095200263 37.480995
-0.05813432146 -0.0199303191 38.54187379
0.09678941304 0.1142274681 -5.100436327
0.09371756327 0.1135294404 -5.237269779
0.1268266194 0.1013531083 -5.6380924
0.08586707007 -0.0003426266965 11.54655879
0.02980972507 -0.004426312578 19.42298418
0.01627452316 0.01157989972 19.24651092
0.01120514153 0.0001951425551 22.02356905
-0.04297520972 0.003511774592 31.69081801
-0.06204451939 0.3263557637 -5.7178766
-0.04773550906 -0.01513793029 35.03136345
-0.1260931886 -0.001249301314 53.17154149
-0.06202367062 0.01195957242 32.4966912
0.006205593983 0.007842877016 13.34389013
0.002380515043 0.0008792414442 16.02614583
-0.04892676494 0.01241727243 32.65859845
-0.09023302745 -0.0330970645 53.42469595
-0.07118649075 0.007111228201 40.25583793
-0.05234036179 0.006999299645 32.86023044
-0.07170626215 -0.00163526343 42.07385869
-0.08345600244 -0.008161039422 48.38446763
-0.03985064201 -0.02638095668 29.60125781
-0.07363494083 -0.01962486493 45.84934672
-0.02692476052 -0.03887288802 24.29764196
-0.02653872039 -0.04554253237 25.092696
-0.03445609185 -0.03423214176 28.34429692
-0.01746252579 -0.002118646052 14.58881516
0.005283591747 -0.001613952548 0.6992597955
0.0410488151 -0.01153709624 -20.74038521
0.0611927 -0.07084355738 -25.98402609
0.05089151843 -0.0479432792 -22.20512028
0.03824716924 -0.01182454917 -17.05026021
0.02921326664 -0.005867734653 -11.6904405
0.05631348852 -0.003233904917 -32.58109097
0.07202649892 0.0145169826 -45.74412253
0.03457575251 0.04265812485 -19.66098099
-0.01048511027 0.06599283048 13.00610897
0.2513599729 0.0743720103 -202.4029646
-0.03387185562 0.05282143395 36.19836592
-0.002779357224 0.04169740654 10.36675466
0.04651537063 0.04742896486 -34.20236302
0.1087357628 0.01688837434 -86.80535554
0.1408395129 0.03901623339 -119.7200757
0.06036393631 0.03069492999 -41.57830631
-0.01279805489 0.04431488309 27.30750457
-0.01049268663 0.1330589666 13.67811036
0.0325476902 0.0323756855 -1.790218269
0.01390768278 0.03802164238 16.75590694
0.08467908368 0.07688206465 -62.44824345
-0.0328284512 -0.04695981056 83.27214073
0.006590055886 0.03424914967 29.69097665
0.05227625142 0.002683882563 -17.28677599
0.1300032075 0.0365280036 -111.0765323
0.06457678918 -0.03192906348 -26.48559074
0.1100204299 -0.04141233119 -79.53822928
0.05065599847 0.03712397508 -15.70217275
0.01610664916 0.06303734972 23.01579545
-0.06854076364 -0.004214470964 36.69980578
-0.06837007667 -0.006969667886 37.05400771
0.08622318216 0.1059637301 -3.544061475
0.1098602565 0.09821428418 -4.287817395
0.1185247854 0.1167483331 -7.239459766
0.08870898332 0.08966483322 0.03877824129
0.002393800269 0.05472365824 15.68530928
0.02978375943 0.06182245102 8.969375968
0.02202243814 0.03338903046 15.41060169
-0.03624679501 0.01212124846 29.3769482
-0.02418810422 0.005062688945 26.92637441
-0.05490340377 0.008344840019 33.86752147
-0.1085389896 0.02002056283 45.89776138
-0.04328138489 -0.00681308195 29.62225267
-0.00389103391 0.01106683936 16.47800269
-0.01324576012 -0.005226108812 22.10228281
-0.04258862085 -0.009860436465 32.73222082
-0.07952874071 -0.008772006144 45.89554184
-0.04379186028 0.000593300533 30.06218232
-0.05066626594 2.436363427e-05 33.52813991
-0.09475172125 -0.011046589 53.94814839
-0.06083861297 -0.007434348678 37.68746162
-0.0520581847 0.0003522337989 32.31218287
-0.07613413782 0.005444804165 43.14202534
-0.05595250479 -0.02262182163 36.08275013
-0.02865936805 -0.060603122 27.11438302
0.01103863212 -0.05857024083 4.926440802
0.01489923892 -0.02778529114 -1.323963507
0.004451179416 0.005238533248 0.2934546973
0.01638458963 -0.006891046423 -5.628059394
0.04772491876 -0.02760196457 -22.92030045
0.07370313785 -0.01308617762 -42.77521995
0.05975569584 -0.0204126839 -31.42908898
0.03189693197 0.007953349103 -15.6753678
0.04576231416 0.005896235671 -25.50272189
0.0866315099 0.02229710104 -58.18944468
0.04823130245 0.0650514149 -33.40131095
0.02356173921 0.09323872667 -17.29445218
0.005775812203 0.06053515477 2.63516614
-0.02164828246 0.07530484039 23.59710039
-0.04294883588 0.06485784363 42.34865416
0.01841562773 0.08989101439 -15.38254289
0.07044696189 0.04699877521 -55.4573674
0.1112205688 0.05214361056 -93.54082647
0.09881816033 0.09740228397 -86.91203064
0.01916091813 0.1156875302 -12.90495442
0.4689129744 0.1521548457 -462.9351263
0.05287698452 0.02195828955 -22.02336772
0.05175357379 0.03767813368 -23.19318008
0.09433510431 0.0336950216 -66.5572101
0.07477842027 0.01041903078 -42.34789361
0.05073639816 0.02113051833 -17.52132347
-0.05983813869 0.09684856145 105.697275
-0.05992968475 0.09475682095 106.4468692
-0.04572105936 0.2028401819 73.04322575
0.07127818091 -0.06938998166 -30.29006976
-0.05759344193 0.3654591764 75.21022628
0.00676801247 0.03796082868 37.33437927
-0.07142651561 0.003848953306 35.52340492
-0.07561399004 0.01583649473 33.68935574
-0.09549717342 0.06939660204 25.32323239
-0.07555268448 0.07173113612 23.56121354
-0.07223118982 0.07283838297 23.06666003
-0.004919647567 0.1109634079 8.315173263
-0.01740705023 0.08056701949 14.43153969
0.002148718917 0.08946426437 9.514846167
-0.003218639502 0.06513133576 14.73729607
-0.04955594623 0.04057610966 27.38660723
-0.0503985789 0.05428121714 25.52774425
-0.06715477858 0.03704078159 32.28459221
-0.07881873903 0.03332412834 36.08170356
-0.06729570141 0.0471585712 30.1269294
-0.02648011619 0.04393293558 18.42919433
-0.01751004639 0.02660270032 18.18040847
-0.05801179 0.01202561647 34.8318425
-0.0786528894 0.01750642043 41.28738409
-0.06375260671 0.01742725941 35.60440259
-0.06857663106 -0.001849870635 41.068538
-0.06387734156 0.003604094395 37.3353623
-0.04066967535 0.01454218183 24.96226444
-0.009193969098 0.0479909219 4.089138632
0.05145718096 0.1263182939 -38.16854875
0.02755055914 0.0462437331 -12.24605079
-0.01724268569 -0.04104556031 18.05255431
0.03379624798 -0.01783905464 -14.65690098
0.04217108008 0.03520699646 -27.26880465
0.006351598832 0.03474929848 -5.526676685
0.04085437218 -0.008586868832 -21.40381083
0.05596745276 -0.001363240743 -32.62410693
0.07419903264 0.0132484947 -47.27617287
0.06141082264 0.0105672694 -37.62503706
0.05295756267 0.008672264575 -31.07539853
0.05925237746 0.007623499555 -35.72785896
0.1056277312 0.02533150073 -73.16948886
0.08976537862 0.02028218392 -59.75073738
0.06633391741 0.04199420335 -44.49959967
0.01487900023 0.03425242632 -0.4303711662
-0.03167744014 0.08091500313 30.98804541
-0.003405351375 0.1094069398 2.900936742
-0.008529614888 0.1303436935 4.596451762
-0.01961952262 0.02962635509 30.60040876
0.1276490626 0.2926171624 -143.8707758
0.07008291176 0.1361459494 -64.02232031
0.03068590242 0.1280403556 -24.61958254
0.4730462717 -0.02519956384 -418.5814407
0.08173273976 -0.00637257848 -24.19686891
0.06418812491 -0.003381088202 -6.44466627
0.04477015415 -0.009606052628 14.86235333
0.05764258176 0.02416312759 -25.53044943
0.0630146052 0.02252812956 -31.32917559
0.04082934507 0.03971964821 -0.2820577352
-0.01794693509 0.09082734045 59.06523338
-0.0169854319 0.1018671347 56.05652665
0.01976425185 0.01933740648 23.72992903
0.04001613687 0.01625564965 0.5817838934
-0.01454090273 0.04396915455 62.31775753
-0.06242953227 0.008843932404 34.55561699
-0.05984148244 0.01716012117 32.95402326
-0.06071693387 0.02262264084 32.14032433
-0.08323661439 0.04776132318 28.40739628
-0.08482782654 0.04913901563 28.22678347
-0.05313425688 0.07503649761 20.4971501
-0.01666357746 0.07785467272 15.0359242
-0.007460753837 0.08870984071 11.94495428
-0.02304615936 0.08277147826 15.6808236
-0.04972850148 0.05928111444 24.60571865
-0.0715153033 0.05528241471 30.54226377
-0.05019641292 0.05503687727 25.49783348
-0.08847439159 0.02149143718 40.88291003
-0.04111560659 0.02239048271 27.19853957
-0.02841072263 0.02654912792 22.27601134
-0.04660403781 0.02574112404 28.45954683
-0.05226628103 0.03234370263 29.06346984
-0.06547782849 0.04780700911 31.32646927
-0.0762577089 0.03567841061 37.24671045
-0.05961711027 0.003659756654 36.30749993
-0.06582333898 0.0123781027 37.15018786
-0.001350309491 0.05424959096 -0.5211409913
0.01787253667 0.09319699589 -16.32339778
0.02629677524 0.1043267028 -21.85690768
-0.05994120583 0.08448165872 27.11914486
-0.1328461479 0.003118838917 81.15219279
0.05321746843 0.07604112949 -36.16792463
-0.3223658251 0.2594011225 150.5765164
0.01813455881 0.1774504312 -38.06183079
0.04203954757 0.2474444327 -64.80723718
0.04664900409 0.08907168928 -41.86108207
0.07420592923 0.04674186114 -52.75294896
0.05642422911 0.05037024438 -41.23662333
0.05281256716 0.03772195323 -36.07411864
0.07441910308 0.02725226881 -50.14122718
0.09280302557 0.03867924588 -65.90610869
0.08832246268 0.05192019754 -64.28196689
0.06261741981 0.03401015988 -40.46813798
0.03026292337 0.02926208162 -12.74342029
0.0156702786 0.04954433558 -4.274114772
0.02779654844 0.09583808391 -22.64610522
-0.008218987132 0.08631500441 11.05664545
0.02355651737 0.109174472 -21.86564287
0.1081593514 0.007324454348 -76.45061006
0.02632299696 0.07879529514 -11.34115996
0.01928274643 0.09717316919 -8.023773753
0.1243924277 -0.01681903908 -66.54210365
0 0 -1
0.04312355171 0.004852948452 14.08719756
0.02676235632 0.01168461735 29.66526399
0.03488902304 -0.0006700624094 23.63070961
0.03026536234 -0.05153554432 27.33184511
0.08637757487 0.008294467596 -46.8510125
0.07018292758 0.009434446264 -28.74169182
0.02208806716 0.05967025141 17.38574424
0.07886910137 0.04205055162 -51.81056949
0.04407397011 0.05153266953 -11.4563075
0.02968602346 0.02963843835 10.70709631
-0.05717692371 0.01150187142 33.9961266
-0.05672568018 0.01902085012 32.4554366
-0.06107755051 0.04593636159 27.24216466
-0.05915679619 0.05264707854 24.85236312
-0.04678335711 0.03566914232 27.63832518
-0.05172940572 0.06229945878 23.09956708
-0.02361485446 0.08224862736 15.4607072
-0.03573648839 0.06755712322 20.58661444
-0.04365171773 0.05294727624 24.88068095
-0.0507124277 0.05753519704 25.2159712
-0.07391811497 0.02796637826 36.09717514
-0.0815425672 0.01356296346 40.75654244
-0.09038124134 0.00626643214 44.18743867
-0.04722279907 -0.007215111061 34.34007242
-0.02134515712 0.02431400475 20.34897743
-0.03816208551 0.03699647542 23.36589849
-0.009021312447 0.07771760507 5.0717428
0.2244110271 0.1064671284 -85.6651112
0.08007460453 0.1279131202 -33.48045551
0.02901913598 0.08621919921 -3.387668593
-0.06773429327 0.04486876843 46.72476519
0.07946601222 0.157122441 -57.77936724
0.03307144938 0.1373591558 -31.0730261
-0.004341199781 0.1166941246 -8.201278641
-0.07063711579 0.1041022028 28.21877615
-0.02633276311 0.2394128579 -23.92736792
-0.005114425515 0.2397454495 -35.65306994
0.0231016775 0.2691275456 -58.87951932
0.03727191366 0.2727286005 -68.38778085
0.1163672764 0.2336317584 -109.3627388
0.1313946852 0.273118146 -126.3818127
-0.0258170569 0.4452950492 -57.96954697
0.03582184892 0.05258305872 -26.80891479
0.05062839183 0.04287965282 -35.39345703
0.08313288875 0.04660945255 -60.419756
0.0828223807 0.09217910096 -68.439108
0.08148145316 0.0607561106 -60.7828683
0.05394346827 0.08252585888 -43.15409296
0.03332624333 0.05858917248 -21.21698937
0.04290133274 0.08738369671 -35.15798028
0.03830259372 0.09377430859 -32.37552397
0.05659884528 0.1059983564 -50.63510289
0.1062682166 0.09526389999 -93.49406343
0.09629989932 0.05504782275 -75.37370944
0.066958286 0.0326729037 -42.43467497
0.05899787719 0.04271373484 -36.69325511
0.1063622548 0.01663062326 -53.61506831
0.1089617552 -0.1145392485 -29.04142745
0.01259359349 0.0342622902 40.71195606
0.03149636037 0.03855525777 19.66063989
0.03408006781 0.03973348317 16.75271564
0.03410230143 -0.02911277454 18.54704707
0.1055217787 -0.01289989422 -65.84189323
0.08094124349 0.0008654160425 -39.77292372
0.03509836938 0.01667904706 10.49110017
-0.01161392937 0.121182201 43.32303059
-0.003515323726 0.1264115324 32.59135752
-0.002909459688 0.08958086068 38.97486232
-0.02667524531 0.04608567561 48.81510327
-0.02352880339 0.04150515271 49.74263536
-0.01377580453 0.02861317174 52.14675648
0.004255841394 -0.003939310321 59.1065231
0.02166396699 0.02463924908 51.13529963
0.01339062743 0.1800446604 18.28264706
-0.02777311933 0.08770666841 46.51772744
-0.004549050324 0.2461629348 6.944638817
-0.02936554749 0.1651860044 31.15218829
-0.06023594444 0.1845320318 33.16565596
-0.1308660343 0.1157786728 64.26055913
-0.1407739939 0.06119802428 79.66094618
-0.1560740955 0.06104497186 82.66221612
-0.1607531301 0.04605426198 87.70759868
-0.1687568777 0.06858618256 84.62157439
0.01315918885 0.2780765626 -46.17301353
-0.003538895848 0.2489265014 -25.47084165
0.01785358859 0.3175225726 -49.28837811
0.007069566848 0.1279793211 -2.852281747
-0.02607377715 0.09899919871 17.29698203
-0.1281578936 0.03527642633 74.97441916
0.04744141498 0.2470091062 -61.88336772
0.03058069785 0.1889875554 -41.56330769
0.02169701646 0.2249681398 -45.60616159
0.01629216686 0.3063448522 -61.58676477
-0.005088040449 0.3094193988 -50.81889774
-0.006934561687 0.3108732998 -50.1449943
0.005855547302 0.2834654098 -51.45302354
0.03093077924 0.2901280071 -68.02322456
0.06920936865 0.2853862433 -91.047529
0.1758362196 0.1944173699 -138.6095793
0.1566319972 0.212152977 -128.6414372
0.1529110027 0.2429564231 -133.1065242
0.1162643005 0.3922793559 -141.2768298
0.08027067611 0.4939139464 -138.1185573
-0.01418604102 0.216328069 -0.03326957168
0.07004861013 0.2191176102 -70.37677987
0 0 -1
0.03919520602 0.1094617389 -36.85211897
0.05119530351 0.09550096101 -43.5467846
0.0710991451 0.08781951406 -59.12870412
0.06921956883 0.1051066301 -61.60536646
0.07594354437 0.08166067604 -62.30127879
0.07043461459 0.0803143187 -56.71249864
0.0771948479 0.05378347108 -57.14139903
0.08063272059 0.06029424729 -61.86308527
0.1059375901 -0.01594425385 -46.07533633
0.1063494563 -0.001974195485 -49.35779382
0.05388713721 0.01947533929 1.188363594
0.06281524521 0.008893479837 -6.672500181
0.03811334069 0.03139492479 14.88986126
0.02933784853 0.04140894826 21.93804097
0.1009927102 0.01100572256 -65.42530846
0.08179345004 0.0008365418073 -40.81750794
0.0501147536 -0.01380873947 -0.1076531014
0.01895560458 0.03851789911 25.06310209
-0.009410363407 0.06709937918 52.7869222
-0.009640488473 0.0491290956 56.87876042
-0.02990375926 0.04501760265 49.11285529
-0.03094771744 0.04332785698 49.54581044
-0.03218467624 0.0415293239 50.02533239
-0.01040481613 0.009665730127 55.9798747
0.07594421151 -0.01508726843 55.17645846
0.1168903059 -0.0167750976 52.11029906
0.02193385389 -0.03279974495 68.2232889
0.0001980288895 -0.02528409112 69.04098328
-0.04426813235 0.1199433148 44.97221228
-0.08049667463 0.1236634102 51.84530742
-0.1290129726 0.09993825009 68.82574113
-0.1569725659 0.07650808432 79.42840874
-0.1762803078 0.0511719744 90.24540423
-0.1549851099 0.06618618214 81.40582865
-0.1761187308 0.07732540238 84.84443458
-0.1894076196 0.0687811065 90.74575004
0.002457048333 0.007808614674 29.83222362
-0.02584053684 0.01737820027 37.76711393
-0.04692497781 0.05829815699 35.76364747
-0.0988437947 0.06310137707 55.73852797
-0.1114438102 0.08431580924 54.57293548
-0.03074778937 0.2857456125 -33.32893685
0.009007358225 0.3030345474 -56.9496638
0.01687697637 0.3034752737 -60.89341402
0.0205168932 0.3025300963 -62.69849866
-0.00104636562 0.3296199788 -57.39948777
-0.0109388425 0.3316811575 -52.57711345
-0.007726697983 0.3277988922 -53.75060959
0.005694835866 0.3068596042 -56.55623805
0.05722164617 0.2787191301 -82.0276831
0.1760533017 0.182796683 -136.1227605
0.2168491193 0.1865061461 -163.9072117
0.2410031491 0.2123226668 -186.336671
0.1934498105 0.1750321407 -143.8897856
0.1316704513 0.2164065762 -109.7213741
0.1163027752 0.2240605295 -100.3721373
0.09841553921 0.1449909756 -65.72484265
0.04012021778 0.1605377502 -23.94283356
-0.001185944657 0.336449553 -34.88039082
-0.01620540255 0.4323418568 -46.29815367
-0.1676609213 0.1170298689 165.61053
0.03726515045 0.428875948 -110.7206019
0.009768873285 0.4397170558 -88.82201445
-0.003106823938 0.4037694133 -67.62422533
0.01988177936 0.1489819838 -24.43059209
0.06619312816 0.07965995975 -52.33145757
0.131682209 -0.04897308884 -64.22421533
0.1325169996 -0.03642505243 -68.11706603
0.08363962336 -0.02224370588 -21.0910048
0.08085570357 -0.0129851516 -21.28536601
0.111255557 0.003717301719 -57.61417253
0.09104751248 0.009469366165 -53.90434763
0.09057972601 0.001031341321 -50.96716434
0.05707111161 0.009456521545 -15.02657354
0.06454721466 -0.007608914883 -19.05870359
0.04514655305 0.001609289654 1.967840362
0.005949707985 0.02502824897 43.73070627
-0.07959314559 0.005662673959 152.9053119
-0.03009049189 0.04348833817 49.48430644
-0.0263365446 0.04550560596 48.79370454
-0.01274153048 0.05290492223 46.15307918
-0.02113960246 0.06795212404 42.44151269
0.01242386759 -0.01475070514 60.79637139
0.1068150723 -0.04827761341 60.18521241
0.05702452595 -0.04794811398 67.0265162
0.07699406244 -0.03867548267 60.72946697
-0.03434852542 0.1263115493 41.11354383
-0.103053712 0.08728306035 65.15571039
-0.155202356 0.08353560023 77.89590422
-0.1669417979 0.08683268821 79.09739471
-0.1358114378 0.05369408901 79.92398288
-0.1496811212 0.04840952549 84.95393313
-0.1661677335 0.04726516963 90.06407219
-0.1887661524 0.06669595698 91.67138936
-0.02930904193 -0.02957924099 50.80305614
0.002836087962 -0.03931653488 41.3422011
-0.01873213306 -0.008213848075 41.9667916
-0.06368930275 0.05159976774 43.80601011
-0.04925001158 0.1965354748 -1.379496939
-0.008596105527 0.3035453196 -48.14961441
-0.008057996641 0.3010353374 -47.5264319
0.01362682627 0.3176544634 -62.39872161
0.009282939091 0.3222581265 -61.30272274
-0.00245787411 0.3118665862 -52.05909832
-0.004316402541 0.3038330619 -49.16800212
0.007556055803 0.3128749462 -58.28258176
-0.001182075142 0.3191295818 -54.88248466
-0.003894369017 0.3058729452 -49.72431446
0.003373174445 0.2823482901 -48.22214594
0.2018459835 0.208847945 -159.9184543
0.1874765164 0.1328812673 -128.2755257
0.1043648902 0.1628123115 -75.3701093
0.1593879539 0.1594266728 -114.5503044
0.1158032868 0.1454161084 -79.21020912
0.06219341296 0.1210846291 -30.91822741
0.04594874635 0.1195199256 -17.12232934
0.02882031929 0.1356838393 -7.939560316
-0.02087167652 0.1361749385 33.8172149
-0.1118469121 0.1477533765 108.8203537
-0.1344894836 0.01231044051 164.0011933
0.006304999738 0.442373443 -86.25394823
-0.01495395333 0.4059314453 -56.49278109
0.00258915349 0.425591928 -78.81298987
0.02858371626 0.4584966169 -113.1682664
0.1332185982 -0.02401420488 -73.04067194
0.1173854217 -0.02225637235 -56.35876111
0.06363972742 -0.01266382109 -3.64290566
0.1100682794 -0.00315382075 -55.32276807
0.1235161421 -0.004354953192 -68.89708407
0.106400951 -0.00268014126 -67.93880945
0.104764096 -0.001316358031 -66.45198267
0.06206853246 0.01713285781 -22.52961485
0.06479610133 -0.009500119398 -18.51408748
0.05629003528 0.004296870324 -12.42542817
0.04572391226 -0.003401637116 2.689363111
-0.05197906581 -0.006785422459 122.8371308
-0.02246572994 0.1979648824 19.71663453
-0.02286690943 0.2013662116 18.73368816
-0.02305345636 0.2216107556 12.74759446
-0.02101543893 0.2593990564 1.331859022
-0.002352469283 0.2912227914 -11.02500587
0 0 -1
0.030156768 0.2067272846 9.879360051
-0.1062433869 0.2453607284 20.7161835
-0.1345306622 0.09223259547 69.7582858
-0.139027293 0.06444185897 79.07727822
-0.1401642119 0.09369098741 71.02789435
-0.1534039334 0.008393141322 97.19071216
-0.156286761 0.04981276777 85.82184346
0.02587189777 0.3139643848 -45.78129534
-0.1593868503 0.05033765013 86.90859601
-0.1668868767 0.02867659533 95.32882055
0.008636585384 0.3279259499 -63.89587715
0.01907615233 0.3351195535 -70.0644383
0.01556686135 0.3344813292 -68.41764734
0.03284160258 0.3390755636 -77.30484612
0.01890360163 0.3281301362 -67.77264535
0.00750971881 0.3495741217 -68.70574518
0.01619779214 0.3109299711 -62.11213607
0.003578623667 0.3160137236 -57.11770319
0.01337609667 0.3012085352 -57.49218911
0.0001873329724 0.3133342573 -54.06170738
0.01170137109 0.321423332 -62.98019503
0.01788303619 0.318417515 -65.56973405
0.004572514825 0.336240431 -62.62698867
-0.00794235693 0.3486389283 -58.58801473
0.004726897559 0.3658207589 -72.08185103
0.04084903683 0.2867430573 -72.85226627
0.1982677515 0.1585445703 -143.7036616
0.157325273 0.09937622493 -96.80056221
0.1203992505 0.1323222677 -78.93653497
0.07563757821 0.08710054186 -31.94478951
0.0588253128 0.07036487529 -13.99697991
0.03902777161 0.06397945493 3.903191892
0.009503925116 0.09487201364 19.61525027
0.008750946682 0.1024198928 18.47342611
0.0003530407807 0.1230874808 18.59706489
0.01439218877 0.10162846 12.9850061
-0.007326338941 0.08218796139 38.72196966
-0.04177620183 0.0862778969 69.65852817
-0.004459539651 0.355430382 -52.69790525
0.1335343915 0.1595989457 -128.6633046
0.1692327093 0.0201841895 -121.5190289
0.1335365301 -0.01266382809 -75.39646435
0.08086557833 0.007303476802 -27.12311247
0.1171836354 -0.01170585575 -60.28899583
0.1111579646 -0.005011856026 -54.98625243
0.1157370912 -0.03167273125 -52.33559872
0.106586958 -0.02250374482 -44.75930203
0.0726437701 0.005418435025 -31.73440827
0.05323061994 -0.01167395387 -4.312024124
0.04373631718 -0.01423803231 7.734579991
0.03802052791 -0.006093340437 12.02119618
-0.06495822821 -0.01289339048 139.9936332
-0.02051381968 0.1966457532 20.11876427
-0.01711759426 0.1964834083 20.14209077
-0.02003715718 0.2095262286 16.27111792
0.3683121962 0.198128375 -12.95994013
-0.0321727749 0.2697403789 -1.297123896
-0.02716481832 0.2503178876 4.542442557
-0.07642258936 0.1744041466 34.7252132
-0.1316448244 0.1019426451 66.43453053
-0.1446770587 0.06515883912 79.99778969
-0.2181665615 0.03303075779 104.1882416
-0.1798233791 -0.003089906471 106.6782519
-0.1400881837 0.07660944066 71.62849255
-0.09097867319 0.06954194028 62.54781132
-0.193253579 -0.03054420564 122.5917837
-0.1695975178 0.01076632123 101.6398351
-0.165362221 0.01554430152 98.65469678
-0.002478406178 0.3377733257 -62.54391445
0.01545458691 0.3491079952 -72.83136096
0.02056051152 0.3394540722 -71.37903868
0.02017555606 0.3464318962 -73.53182745
0.02429649481 0.3414316214 -73.94311044
0.01228332402 0.3264687144 -64.06239253
-0.005497030569 0.3282514108 -56.31550626
0.002417145313 0.3189266656 -57.55166964
0.02091635652 0.308437867 -63.64940627
-0.0006689161335 0.3192546618 -55.28844619
0.006724052891 0.3190915406 -59.21467787
0.007494721005 0.3222592631 -60.60837767
0.004305672082 0.3095028128 -54.66536203
0.01062854488 0.3155550976 -60.24864033
0.001573182026 0.2953497594 -47.97496202
0.02449154342 0.274285653 -57.61831569
0.04861516004 0.2504344954 -66.68559768
0.1325343688 0.1595505643 -97.19476098
0.07552632514 0.1135404328 -40.61878988
0.06301975158 0.094773728 -25.254765
0.05850673016 0.0612973023 -11.20951458
0.04185345508 0.06751035462 0.0916540195
0.03284871843 0.07137986216 6.485736877
0.007506712893 0.08089725472 25.4541451
0.01705358729 0.08170228395 16.90156216
0.01582208013 0.08127235164 18.10170428
-0.004103031061 0.09204955968 33.11331387
-0.03798090583 0.09302849339 63.81658133
-0.09921295393 0.1612940412 99.97047052
0.03077392511 0.2362329959 -51.51481887
0.1172277569 0.06428558995 -82.89778312
0.1071416449 0.01513883655 -56.90025794
0.09721761447 0.006305941245 -44.06771355
0.1158262171 0.006798735255 -64.07689334
0.1154198913 -0.005605493627 -59.27041816
0.09251252686 -0.01045460273 -32.91895995
0.09649061115 -0.01470824017 -35.70549972
0.03014705277 0.3751125943 -97.13722808
0.05832478687 0.08128044817 -38.49617303
0.02480287525 0.04987385661 9.688007679
0.02610576003 0.0240338285 17.2183418
0.02591915558 0.08792927917 -3.021974232
-0.01846652517 0.1876948733 23.03535149
-0.0009566303804 0.1806735756 24.06690484
-0.01822681605 0.1839779252 24.34670322
0.4028456927 0.1249667647 8.919173581
-0.07110414336 0.1651375397 37.86149932
-0.08478053452 0.1440018701 45.94309205
-0.1300032994 0.07672538139 73.76538246
-0.1483504163 0.05891851578 82.33976509
-0.1766144088 0.03466936307 95.40506785
-0.1722936991 0.05464902932 87.58262068
-0.1530095475 0.0485536647 85.72485434
-0.1005485887 0.07192591032 65.50254752
-0.1900152486 -0.01198584205 114.9980446
-0.1633715992 0.01182129064 98.50081953
-0.1271242363 0.01982642176 85.13044646
-0.02453691819 0.2987685695 -42.12431958
0.01018528504 0.3291496129 -64.29241867
0.01529630861 0.3322113166 -67.17862345
0.01723438307 0.3307758554 -67.20323258
0.01185582275 0.3161380274 -60.21825684
0.005593406961 0.3097217841 -55.37645888
0.008592111238 0.3232061234 -61.15160567
-0.001448506439 0.3318391628 -59.34914779
-0.0008245903579 0.3319621935 -59.66209744
0.007135952933 0.3214626897 -60.4942339
0.01094192125 0.3177422438 -60.82878671
0.001483753187 0.3157007626 -54.64514062
0.0001427286383 0.2983789083 -48.52395987
0.05247133711 0.3061151372 -83.73453241
0.01028054688 0.2849525386 -50.41170706
0.01676817437 0.2458968706 -40.84641155
0.007521206592 0.2929619565 -51.28711714
0.007466546109 0.2848409423 -48.35845342
0.05422517624 0.220760732 -60.16073184
0.03070504091 0.1973060238 -34.85617888
0.04384528249 0.1350200111 -24.27461026
0.06568579523 0.09477888691 -27.71990692
0.02905987514 0.1117507382 -4.105194345
0.01903062756 0.1139153029 3.36289093
0.02752085407 0.1009699017 0.8442713521
0.0117372482 0.1030228622 13.68856382
0.004918825571 0.1135329662 16.47836145
-0.00705767319 0.09983125533 32.53788206
-0.01215496071 0.144831133 21.96322371
-0.03800547278 0.2050881393 26.22455808
-0.01504924522 0.2591695899 -14.28712396
0.03810918494 0.1806742944 -40.92087376
0.06789728488 0.1147840243 -49.31115949
0.07068885375 0.07866024881 -39.9219387
0.1123169121 0.05260580678 -75.34825982
0.09607750536 0.0328039889 -51.02474636
0.09342734858 0.01168179367 -41.05236677
0.07485107252 -0.006127524453 -13.99437334
-0.0270741756 -0.002534750304 100.1749754
0.03920869755 0.8072700671 -247.6225793
0.07104043346 -0.0005105122034 -17.89522202
0.02838135251 0.07968537731 -3.616000833
0.1136758995 0.07336115957 -104.9568201
0.02243842238 0.09109525468 54.11147654
-0.02053598665 0.1789341195 26.10493502
-0.02028510093 0.1749427375 27.51050356
-0.02327823678 0.1584147813 33.6090681
-0.04468057288 0.1166816015 50.65570144
-0.1047108686 0.08141254618 69.51549211
-0.1577159404 0.05205645999 86.2468535
-0.1731651659 0.02538120883 97.74246597
-0.1780152486 0.02887133365 97.48904178
-0.1640669446 0.02004563389 98.10145945
-0.1743345985 0.01743309147 100.7176066
-0.1736316774 -0.02007154568 113.5922099
-0.1652717826 0.02511707035 94.97683775
-0.04542470934 0.1938384094 1.148767833
0.01973955855 0.3374742279 -70.38474321
0.009023806206 0.3221716827 -61.49394091
0.006457435805 0.3184397896 -59.34057394
0.01724560942 0.3100179037 -60.21999673
0.01558086832 0.310068971 -59.60720782
0.0091191789 0.3098034475 -56.87461746
0.01045756867 0.3052366273 -56.04402699
0.02018436432 0.2963714972 -57.25982918
0.008889787576 0.3139054165 -57.92816338
-0.004627990477 0.3267613464 -56.11902937
0.007551713358 0.3203124694 -60.00011102
0.001817046856 0.3078948325 -52.5399691
-0.01395851649 0.2997046838 -40.59224923
-0.02242600938 0.2685654511 -24.80353339
-0.01394190492 0.2538970363 -25.10131255
0.02255489695 0.2569873532 -48.89087209
0.03757130854 0.2425589205 -53.45677397
0.008021660252 0.2786536084 -46.25440001
0.01357447344 0.2737075914 -48.35288264
0.01623832384 0.2938785632 -57.44644738
0.02270092773 0.2373007183 -42.46598695
0.01637169876 0.2473933345 -41.46865795
0.01955863321 0.2021502083 -27.8894808
0.03477113345 0.1646123285 -26.79863153
0.02179220166 0.1622643856 -15.42371191
0.01188425936 0.1506363995 -2.795238847
0.02032530226 0.1867158593 -22.19068891
0.02590877233 0.2148466289 -37.17057682
0.01253329487 0.187989279 -15.73736021
0.003570456839 0.2334422653 -23.02558904
-0.004550762691 0.2632257378 -25.3777047
-0.0324957898 0.227378218 14.12643156
-0.01726213148 0.2066830208 6.307001562
0.03386306862 0.1604489645 -29.46319873
0.04374257801 0.06971882 -7.67741904
0.0857935173 0.05429848465 -47.09525958
0.06244920239 0.08670025178 -32.44438564
0.07636133573 0.02034048052 -24.91023607
0.06221012611 0.0006786907534 -2.311047098
-0.4592706902 -0.03982580153 603.8803044
0.1203822773 -0.02256413348 -77.09232601
-0.3107377644 0.01428990223 428.7772455
0.1092616898 0.05436696453 -93.24541873
0.121608797 0.04941726428 -106.4748611
-0.02195828911 0.1823034797 24.91222824
-0.02354700864 0.1775800968 26.65495024
-0.02408008415 0.1700276801 29.44809041
-0.04238068729 0.1477422723 38.81104469
-0.06064689439 0.1194219799 50.72316024
-0.1186918252 0.06490512956 76.67534625
-0.1606320517 0.04557028124 88.77565291
-0.1713254484 0.02646242478 97.06109009
-0.1675453549 0.01494439238 100.5096213
-0.1842256662 0.007469178833 106.538151
-0.1804221473 0.01066226536 104.2777187
-0.170467294 -0.001843806742 105.6619337
-0.08072279904 0.0746705402 54.46783074
-0.008516286274 0.2688676325 -37.11257101
0.01007155602 0.3162782418 -59.79659007
0.007492641622 0.3097460515 -56.444371
0.003288887743 0.3042979589 -52.95034907
0.01126199226 0.2849082756 -48.99253695
0.01358032549 0.287997448 -51.04316726
0.02729400808 0.2753473228 -52.16811018
0.01463358739 0.303238672 -56.96503542
0.00939101219 0.3097447018 -57.13328889
0.008957966668 0.2930931123 -50.68788986
0.0009587734278 0.2973611709 -48.26958045
-0.002261198334 0.2980980725 -46.79509301
-0.02118399353 0.2872632065 -32.31274867
-0.03836333955 0.2440516814 -6.982792262
-0.02283279277 0.2540762867 -19.61178529
-0.008786640927 0.2468138413 -25.50324637
0.01314886757 0.2528738823 -41.24833464
0.01993823754 0.2485108553 -43.90311449
0.0215031173 0.2247671828 -36.31925152
0.02343666994 0.2383337005 -42.60203391
0.01860205848 0.2848469309 -55.83890889
0.002077088222 0.2957801492 -47.59431891
0.01397708836 0.2758339285 -49.46292539
0.00815931195 0.2596405182 -38.9699007
0.01651084593 0.2311855302 -35.44103714
0.03128312525 0.2047740893 -37.99179646
0.03790286778 0.2344799496 -53.98926731
0.03429068402 0.2577859348 -59.29565097
0.01662005655 0.251801075 -41.64116018
0.002784581794 0.2543034408 -29.7750464
-0.001379114304 0.248316362 -23.53832413
-0.007834324304 0.2224875768 -7.925568072
-0.01490796191 0.2618300021 -15.24132427
-0.004604585126 -0.9035296242 399.965778
0.03810743605 -0.3623476182 156.7494334
0.05432720447 0.003011940067 4.821162788
0.07133871743 0.01597415062 -18.24839459
0.07479482505 0.05719858959 -36.73330516
0.06851342594 0.02729628514 -18.86954135
0.05513469879 0.01893061205 -0.7960229685
0.1334337387 -0.0774696941 -72.09818155
0.08976696767 -0.0412514964 -34.6167878
-0.3736083019 -0.09285422246 542.0176938
0.09106057978 0.001814122015 -52.54532062
0.1234023147 0.02490562598 -100.1242558
