0 1 3
1 3 0
3 4 3
4 5 1
5 6 0
6 7 1
7 8 2
8 9 2
9 10 3
10 11 3
11 13 3
13 14 3
14 15 3
15 16 3
16 17 3
17 18 3
18 19 3
19 20 3
20 21 3
21 22 3
22 23 3
23 24 3
24 25 3
25 27 3
27 29 3
29 30 1
30 31 0
31 32 3
32 33 3
33 34 3
34 35 3
35 36 3
36 37 3
37 38 3
38 39 2
39 40 2
40 41 3
41 42 3
42 43 3
43 44 3
44 45 3
45 46 3
46 47 2
47 48 2
48 49 3
49 50 3
50 51 2
51 52 3
52 53 2
53 54 3
54 56 0
56 57 2
39 155 2
11 68 3
27 84 3
55 56 0
25 84 3
54 55 3
11 12 3
12 13 3
43 102 3
44 102 3
1 60 3
39 97 2
50 108 3
3 60 1
8 67 2
30 88 0
97 155 0
10 68 3
29 88 3
41 100 3
42 100 3
51 108 2
31 88 3
38 97 3
4 62 1
13 71 3
12 71 3
14 71 3
14 72 3
29 86 3
15 72 3
17 75 3
21 79 3
23 82 3
24 82 3
27 86 3
36 152 3
3 62 1
68 69 3
11 70 3
16 75 3
22 79 3
27 85 2
94 152 3
37 152 3
41 99 3
11 69 3
19 77 3
85 86 1
99 100 3
45 102 3
12 70 3
17 76 3
18 76 3
20 77 3
29 87 3
43 101 3
3 61 3
5 63 1
69 70 3
20 79 3
25 83 3
84 85 3
87 88 3
32 89 3
33 91 3
40 98 3
40 99 3
101 102 3
45 103 3
46 103 3
47 105 3
16 73 3
75 76 3
31 89 3
37 96 3
38 96 3
40 155 3
46 105 1
48 106 3
49 107 3
52 109 1
0 58 3
1 59 3
5 62 1
8 66 3
9 67 3
9 68 3
71 72 3
16 74 3
20 78 3
22 80 3
24 83 3
35 94 3
36 94 3
47 106 2
48 107 3
51 109 1
52 111 1
53 111 1
58 59 3
59 60 3
60 61 3
7 65 3
7 66 2
70 71 3
15 73 3
73 74 3
74 75 3
76 77 3
77 78 3
78 79 3
79 80 3
23 80 3
83 84 3
32 90 3
35 93 3
96 97 3
98 155 3
42 101 3
46 104 3
50 107 3
54 111 1
54 112 1
54 113 3
6 63 1
86 87 3
33 90 3
34 91 3
34 92 3
34 93 3
100 101 3
104 105 3
105 106 2
107 108 0
111 112 3
55 113 3
6 64 3
66 67 2
67 68 3
89 90 3
91 92 3
98 99 3
102 103 3
103 104 3
104 163 3
105 163 3
106 107 3
61 62 3
62 63 3
63 64 0
7 64 0
65 66 2
90 91 3
109 110 3
112 113 0
72 73 3
82 83 3
93 94 3
108 109 1
52 110 1
64 65 3
23 139 3
110 111 3
56 114 1
56 115 1
82 139 3
88 89 3
96 152 3
56 113 1
67 125 0
68 125 0
92 93 3
162 163 1
68 126 0
80 139 3
125 126 3
104 162 0
66 124 2
61 119 3
62 119 3
66 125 0
69 127 3
109 167 3
124 125 3
70 127 3
108 167 1
110 168 3
111 168 3
99 158 3
100 158 3
74 132 3
75 132 3
80 138 3
90 148 3
97 154 3
107 165 3
110 167 3
138 139 3
91 148 3
93 151 3
96 154 3
103 161 3
105 164 2
106 164 3
106 165 3
107 166 3
108 166 1
73 132 3
76 134 3
94 151 3
98 156 3
60 118 3
70 128 3
71 128 3
77 134 3
78 136 3
84 142 0
85 142 2
87 145 3
91 149 3
92 149 3
93 150 3
99 156 3
100 159 3
101 159 3
102 161 3
112 170 3
113 170 1
61 118 3
64 121 3
64 122 3
128 187 3
72 130 3
77 136 3
85 143 2
86 143 0
92 150 3
159 216 3
56 170 1
56 171 1
58 116 3
59 117 3
60 117 3
71 130 3
73 131 3
75 134 3
79 137 3
86 145 3
88 145 3
88 146 3
148 149 3
152 153 3
96 153 3
99 157 3
101 160 3
102 160 3
103 162 0
166 167 1
111 170 3
170 171 3
56 172 1
116 117 3
117 118 3
63 121 2
68 127 0
72 131 3
131 132 3
77 135 3
136 137 3
80 137 3
142 143 3
89 146 3
156 157 3
160 161 3
163 164 3
165 166 3
121 122 3
65 122 3
126 127 3
135 136 3
157 158 3
158 159 3
164 165 3
167 168 3
118 119 3
62 120 3
65 123 3
75 192 3
134 135 3
150 151 3
153 154 2
119 120 3
63 120 2
127 128 3
130 131 3
82 140 3
83 142 0
89 148 3
149 150 3
155 156 3
159 160 3
111 169 3
169 170 3
171 172 0
71 187 3
139 140 3
143 145 1
168 169 3
66 123 2
123 124 3
134 192 3
145 146 3
130 187 3
132 191 3
75 191 3
120 121 3
125 182 3
191 192 3
82 199 3
97 270 3
167 225 0
168 225 0
122 123 3
82 142 0
94 210 3
154 270 3
155 270 1
120 179 3
137 138 3
142 199 3
152 210 3
154 212 3
158 216 3
124 182 3
82 198 3
153 212 2
161 162 0
198 199 3
151 209 3
140 198 3
150 208 3
94 209 3
153 210 3
142 200 3
143 202 3
149 208 2
212 270 3
121 179 3
122 180 3
199 200 3
145 202 0
151 208 3
118 176 3
121 180 3
155 214 3
156 214 3
117 176 3
126 185 3
136 194 3
137 194 3
171 229 0
172 229 0
119 178 0
120 178 3
127 185 3
127 186 2
209 210 3
166 224 0
168 226 0
169 228 0
170 228 0
178 179 3
128 186 3
132 190 3
190 191 3
142 201 3
143 201 3
160 218 3
161 218 3
164 222 3
167 224 0
169 226 0
169 227 2
126 184 3
131 190 3
208 209 3
158 215 3
165 222 3
225 226 1
227 228 0
170 229 0
116 174 3
117 175 3
123 181 3
123 182 3
125 184 3
185 186 2
130 188 3
131 189 3
135 192 3
135 193 3
137 195 3
137 196 3
138 196 3
138 197 3
139 197 3
145 203 3
145 204 3
146 204 3
148 205 3
148 208 2
153 211 3
157 215 3
215 216 3
159 218 3
162 220 3
163 221 3
165 223 3
166 223 3
226 227 1
172 230 1
174 175 3
118 177 0
119 177 0
122 181 3
181 182 3
125 183 3
130 189 3
189 190 3
193 194 3
195 196 3
196 197 3
146 205 3
89 205 3
210 211 3
156 215 3
161 220 0
220 221 1
222 223 3
224 225 1
228 229 3
56 230 1
175 176 3
179 180 3
182 183 3
183 184 3
186 187 2
192 193 3
194 195 3
140 197 3
201 202 3
159 217 3
161 219 0
221 222 3
223 224 0
177 178 1
180 181 3
184 185 3
203 204 3
214 215 3
217 218 3
218 219 0
229 230 1
56 231 1
187 188 3
200 201 3
148 207 3
216 217 3
219 220 3
230 231 3
176 177 0
202 203 1
204 205 3
205 264 3
207 208 3
211 212 2
188 189 3
148 264 2
205 263 3
207 264 3
56 289 1
207 265 3
231 289 3
208 265 3
197 198 3
263 264 3
230 289 3
196 254 3
210 269 3
197 254 3
211 269 3
187 245 3
227 285 0
182 184 3
186 245 2
225 284 2
226 284 0
226 285 0
188 246 3
210 268 3
270 271 0
155 271 3
214 271 3
222 280 3
186 244 3
187 246 3
190 249 3
199 256 3
201 259 3
204 262 3
204 263 3
209 268 3
224 282 2
225 282 2
225 283 2
229 287 1
177 235 1
178 235 2
180 239 3
181 239 3
182 240 3
184 242 3
185 242 3
195 254 3
198 256 3
200 259 3
203 262 3
208 266 3
214 272 3
283 284 3
230 287 3
176 234 0
177 234 3
181 240 3
185 243 3
186 243 2
189 246 3
189 247 3
189 248 3
190 248 3
191 249 3
192 250 3
197 255 3
198 255 3
262 263 3
209 266 3
209 267 3
212 269 2
215 272 3
223 281 3
175 233 3
176 233 3
184 241 3
191 250 3
202 260 3
264 265 3
266 267 3
267 268 3
221 280 3
222 281 3
228 287 1
174 232 3
182 241 3
246 247 3
192 251 3
193 251 3
201 260 3
202 261 3
203 261 0
268 269 3
215 273 3
215 274 3
216 274 3
218 276 3
218 277 3
220 278 3
221 279 3
282 283 3
284 285 3
228 285 0
228 286 1
232 233 3
235 236 1
178 236 3
242 243 3
243 244 2
244 245 2
247 248 3
194 251 3
199 257 3
200 257 3
260 261 3
271 272 3
276 277 3
219 277 1
219 278 3
278 279 1
279 280 3
285 286 1
230 288 3
234 235 3
179 237 3
241 242 3
249 250 3
254 255 3
261 262 1
286 287 3
288 289 3
233 234 0
178 237 3
180 238 3
238 239 3
245 246 3
250 251 3
194 252 3
257 259 3
269 270 2
217 276 3
277 278 0
224 281 1
236 237 3
179 238 3
195 252 3
256 257 3
259 260 3
240 241 3
255 256 3
265 266 3
281 282 0
248 249 3
251 252 3
195 311 3
254 311 3
254 312 3
272 273 3
280 281 3
287 288 3
237 238 3
239 240 3
255 312 3
217 275 3
252 311 3
273 274 3
216 275 3
275 276 3
278 335 1
244 303 2
312 313 3
255 313 3
277 335 3
257 316 3
259 316 3
270 328 3
271 328 1
216 332 3
236 294 0
275 332 3
246 305 3
247 305 3
261 263 1
274 332 3
276 334 3
243 301 3
265 324 3
275 334 3
287 346 3
249 306 3
266 324 3
288 346 3
235 293 2
235 294 2
248 306 3
237 294 0
242 301 3
244 301 2
247 306 3
256 315 3
257 315 3
275 333 3
293 294 3
240 297 3
241 300 0
242 300 0
244 302 3
302 303 3
245 303 3
264 321 3
265 323 3
274 331 3
332 333 3
284 342 1
286 344 3
287 344 3
234 293 2
239 297 3
241 299 3
245 304 3
246 304 3
255 314 3
256 314 3
315 316 3
259 317 3
263 321 3
264 322 3
264 323 3
323 324 3
328 329 0
271 329 3
271 330 3
272 330 3
273 331 3
280 338 3
283 341 1
286 343 3
232 290 3
233 291 3
234 291 1
237 295 3
238 295 3
238 297 3
240 298 3
305 306 3
249 308 3
250 308 3
251 308 3
260 318 3
261 319 3
267 325 3
269 327 3
269 328 2
273 330 3
333 334 3
278 336 3
279 338 3
281 338 3
282 340 1
282 341 1
285 342 1
285 343 1
344 345 3
287 345 3
290 291 3
234 292 2
238 296 3
298 299 3
304 305 3
306 308 3
251 309 3
311 312 3
314 315 3
316 317 3
317 318 3
318 319 3
263 319 0
321 322 3
266 325 3
268 325 3
276 335 3
335 336 3
279 336 0
281 339 3
284 341 1
292 293 3
295 296 3
296 297 3
300 301 1
303 304 3
306 307 3
268 326 3
268 327 3
327 328 2
330 331 3
334 335 3
279 337 3
281 340 1
340 341 3
341 342 3
342 343 3
291 292 0
297 298 3
299 300 0
301 302 3
302 361 3
303 361 3
307 308 3
308 309 3
322 323 3
324 325 3
325 326 3
329 330 3
336 337 1
337 338 3
339 340 1
288 347 3
252 310 3
289 347 3
251 310 3
310 311 3
313 314 3
331 332 3
345 346 3
294 295 3
326 327 3
343 344 3
338 339 3
319 321 3
346 347 3
313 372 3
319 378 3
321 378 3
309 310 3
316 374 3
323 381 3
325 383 3
339 398 3
294 353 3
295 353 3
310 367 3
315 374 3
322 381 3
340 398 3
308 366 3
309 367 3
344 403 3
345 403 3
297 355 3
307 366 3
334 393 3
335 393 3
339 397 3
346 404 2
304 361 3
304 362 3
338 396 3
339 396 3
346 405 3
347 405 3
298 356 3
300 358 2
301 358 3
309 366 3
310 369 3
311 369 3
324 382 3
329 386 3
330 388 3
397 398 3
296 354 3
315 373 3
373 374 3
317 375 3
325 382 3
327 385 3
328 386 3
333 391 3
334 392 3
336 393 3
295 354 3
297 356 3
299 357 3
300 357 2
301 359 3
302 360 3
314 372 3
314 373 3
319 377 3
322 380 3
382 383 3
328 385 2
329 388 3
331 389 3
332 391 3
333 392 3
336 394 1
337 396 3
341 399 3
342 399 3
345 404 1
404 405 0
290 348 3
291 349 3
292 350 3
293 350 3
293 351 3
294 352 3
353 354 3
358 359 3
301 360 3
360 361 3
305 362 3
305 363 3
306 364 3
312 370 3
316 375 3
318 376 3
377 378 3
321 379 3
321 380 3
326 384 3
330 389 3
331 390 3
332 390 3
392 393 3
393 394 2
337 395 3
348 349 3
349 350 0
352 353 3
357 358 3
359 360 3
306 363 3
307 364 3
307 365 3
310 426 3
369 426 3
311 370 3
313 370 3
375 376 3
376 377 3
380 381 3
324 381 3
327 384 3
388 389 3
390 391 3
391 392 3
394 395 2
398 399 3
350 351 3
293 352 3
355 356 3
298 357 3
361 362 3
364 365 3
365 366 3
329 387 3
297 354 3
367 426 3
369 370 3
372 373 3
379 380 3
326 383 3
342 402 1
343 402 3
344 402 2
402 403 0
403 404 1
351 352 3
362 363 3
363 364 3
366 367 3
374 375 3
378 379 3
384 385 3
385 386 3
389 390 3
396 397 3
402 460 3
383 384 3
387 388 3
342 401 1
356 357 3
386 387 3
401 402 3
381 382 3
354 355 3
395 396 3
399 401 1
393 451 3
394 451 2
402 459 3
392 451 3
399 458 1
401 458 3
401 459 3
386 444 3
384 442 3
387 444 3
390 448 3
392 450 3
370 428 3
313 428 3
385 444 3
391 448 3
450 451 3
353 411 3
354 411 3
362 421 3
377 435 3
389 447 3
396 455 1
397 455 1
359 418 3
363 421 3
375 432 3
378 436 3
382 440 3
390 447 2
352 411 3
360 418 3
374 432 3
379 436 3
383 440 3
447 448 3
397 456 3
398 456 3
364 421 3
369 427 3
370 427 3
391 449 2
392 449 2
354 412 3
362 419 3
372 428 3
396 453 1
356 414 3
357 414 3
357 415 3
361 419 3
426 427 3
381 439 3
448 449 1
395 453 1
458 459 3
405 463 3
355 412 3
355 414 3
358 415 3
360 419 3
362 420 3
420 421 3
421 422 3
364 422 3
378 435 3
379 438 3
380 438 3
380 439 3
382 439 3
383 442 3
385 443 3
387 445 3
449 450 3
348 406 3
349 407 3
350 408 1
351 409 1
352 409 1
352 410 1
359 417 3
365 423 3
366 423 3
366 424 3
367 425 3
373 431 3
375 433 3
376 433 3
376 434 3
377 434 3
383 441 3
384 443 3
443 444 3
388 445 3
399 457 3
406 407 3
407 408 3
408 409 3
411 412 3
355 413 3
358 417 3
365 422 3
424 425 3
374 431 3
432 433 3
434 435 3
435 436 3
438 439 3
441 442 3
442 443 3
444 445 3
394 452 1
394 453 1
399 456 3
404 462 0
405 462 3
409 410 3
413 414 3
418 419 3
372 431 3
440 441 3
453 455 3
455 456 0
456 457 3
457 458 1
403 461 1
462 463 3
414 415 3
419 420 3
422 423 3
427 428 3
431 432 3
433 434 3
451 452 1
402 461 3
404 461 0
412 413 3
425 426 3
436 438 3
439 440 3
445 446 3
452 453 2
461 462 3
428 430 3
372 430 1
389 445 3
389 446 3
459 460 3
410 411 3
417 418 3
430 431 0
436 494 3
438 494 3
460 461 3
423 424 3
435 493 2
446 447 3
457 516 1
461 519 3
408 466 3
434 493 2
449 508 2
450 508 3
458 516 3
420 479 3
421 479 3
451 508 3
455 514 3
419 477 3
456 514 1
358 473 3
423 481 3
426 484 3
426 485 3
427 485 3
428 487 3
442 499 3
443 501 3
453 512 3
455 512 3
457 515 1
515 516 3
413 471 3
415 473 3
417 473 3
424 481 3
425 484 3
430 487 3
441 499 3
451 509 3
452 509 0
456 515 1
460 519 0
462 520 3
412 471 3
417 474 3
508 509 3
459 518 3
463 521 3
473 474 3
418 476 3
419 476 3
433 492 3
493 494 3
444 501 3
446 503 3
447 506 3
448 506 3
455 513 3
460 518 3
518 519 0
462 521 3
412 470 3
414 473 3
420 478 3
421 480 3
422 480 3
434 492 3
435 494 3
442 500 3
442 501 3
444 503 3
445 503 3
446 504 3
513 514 3
459 517 3
407 466 3
409 467 3
470 471 3
476 477 3
419 478 3
478 479 3
479 480 3
424 483 3
425 483 3
430 489 2
431 489 1
499 500 3
444 502 3
447 504 3
448 507 1
449 507 2
458 517 3
517 518 3
406 464 3
407 465 3
408 467 3
410 467 3
410 468 3
411 469 3
411 470 3
413 472 3
414 472 3
477 478 3
424 482 3
438 496 3
439 497 3
440 498 3
441 498 3
502 503 3
464 465 3
465 466 3
467 468 3
410 469 3
469 470 3
417 475 3
418 475 3
423 480 3
481 482 3
483 484 3
484 485 3
496 497 3
497 498 3
503 504 3
452 510 1
512 513 3
462 519 3
475 476 3
480 481 3
482 483 3
494 496 3
498 499 3
500 501 3
501 502 3
453 510 3
514 515 0
516 517 3
519 520 3
466 467 3
468 469 3
472 473 3
474 475 3
428 485 3
487 489 2
492 493 3
494 553 2
507 508 3
520 521 3
471 472 3
487 488 3
496 553 2
509 510 1
431 490 1
432 490 1
433 490 1
433 548 2
488 489 3
489 490 2
485 487 3
490 548 3
467 525 3
453 568 3
506 507 1
510 568 3
512 568 3
512 628 3
485 544 3
487 545 3
492 548 3
506 564 3
544 545 3
496 554 3
488 545 3
507 564 3
516 574 3
493 553 3
504 562 3
568 628 3
479 537 3
480 537 3
489 547 2
548 550 3
553 554 0
503 562 3
517 574 3
468 526 3
469 527 3
492 550 3
497 554 3
500 558 3
501 560 3
514 573 0
493 552 3
552 553 2
497 556 3
501 558 3
502 560 3
504 506 3
515 573 3
516 573 3
520 579 3
521 579 3
466 524 3
467 526 3
526 527 3
474 532 3
475 532 3
480 538 3
481 538 3
493 551 3
498 556 3
501 559 3
504 563 3
509 567 3
513 571 3
513 572 3
514 572 3
465 523 3
466 523 3
467 524 3
470 527 3
470 528 3
471 528 3
473 531 3
477 535 3
492 551 3
499 558 3
559 560 3
506 563 3
508 567 3
510 567 0
518 576 3
464 522 3
524 525 3
525 526 3
471 529 3
472 529 3
472 531 3
476 535 3
478 535 3
478 536 3
481 539 1
482 540 1
483 540 1
483 541 1
484 542 1
488 546 3
489 546 3
497 555 3
499 557 3
503 560 3
507 566 3
508 566 3
517 576 3
519 578 3
522 523 3
531 532 3
535 536 3
536 537 3
537 538 3
538 539 2
482 539 1
540 541 3
541 542 3
546 547 3
490 547 2
554 555 3
555 556 3
556 557 3
558 559 3
503 561 3
562 563 3
507 565 3
566 567 3
573 574 3
517 575 3
576 578 3
523 524 3
551 552 3
561 562 3
564 565 3
574 575 3
520 578 3
547 548 3
560 561 3
562 620 3
571 572 3
572 573 0
578 579 3
527 528 3
539 540 3
485 542 1
557 558 3
563 620 3
563 564 3
565 566 3
528 529 3
545 546 3
575 576 3
550 551 3
568 627 3
529 531 3
542 601 0
485 601 2
627 628 3
578 635 3
476 532 3
538 597 1
567 568 1
544 601 3
552 610 3
553 611 1
554 611 1
512 571 3
532 590 1
532 592 1
476 592 1
535 592 1
535 593 1
555 613 1
567 626 1
568 626 3
578 636 3
529 587 1
531 587 1
531 589 1
532 589 1
554 613 1
573 631 1
635 636 3
531 588 1
589 590 3
590 592 3
550 607 3
551 609 3
566 624 3
576 634 3
576 635 3
525 583 1
588 589 3
592 593 3
548 607 3
610 611 3
567 624 3
571 630 3
572 630 3
572 631 3
574 631 1
579 636 3
526 583 1
527 585 1
528 585 1
528 587 1
587 588 3
591 592 3
546 603 3
565 623 3
566 623 3
575 633 3
524 582 1
525 582 1
527 584 1
590 591 3
536 593 1
537 596 1
538 596 1
539 597 1
541 599 3
542 599 3
542 600 3
545 603 3
546 604 2
611 613 3
561 619 3
576 633 3
583 584 3
526 584 1
584 585 3
540 599 3
600 601 0
603 604 3
550 609 3
552 611 3
564 622 3
565 622 3
633 634 3
634 635 3
523 582 1
582 583 3
585 587 3
601 602 3
547 604 3
550 608 3
555 614 1
556 614 1
557 616 1
558 616 1
562 619 3
567 625 3
522 580 1
523 581 1
596 597 3
544 602 3
547 605 3
548 606 3
607 608 3
559 618 3
560 618 3
620 621 3
563 621 3
564 621 3
623 624 3
624 625 3
626 627 3
574 632 3
579 637 3
580 581 3
540 597 2
540 598 3
545 602 3
605 606 3
606 607 3
619 620 3
621 622 3
574 633 3
636 637 3
581 582 3
536 594 1
536 595 2
537 595 2
598 599 3
608 609 3
551 610 3
613 614 3
558 618 3
561 618 3
625 626 1
632 633 3
595 596 1
597 598 3
599 600 3
602 603 3
609 610 3
631 632 0
593 594 3
556 615 1
557 615 1
618 619 3
604 605 3
622 623 3
630 631 3
594 595 0
614 615 1
615 616 0
616 618 0
571 628 3
585 586 3
628 630 3
589 647 3
590 648 3
611 669 3
587 645 2
588 645 2
588 647 3
590 647 3
590 649 3
591 649 3
584 642 3
614 672 2
618 676 1
628 687 3
630 687 3
583 642 3
585 642 2
585 643 2
586 645 3
586 587 3
600 658 3
601 658 1
613 669 2
630 688 3
631 689 0
586 643 3
647 648 3
648 649 3
592 650 3
593 650 3
595 653 1
613 671 2
614 671 2
616 675 1
618 675 1
628 686 3
687 688 3
642 643 3
626 685 3
627 685 3
627 686 3
630 689 0
634 693 3
635 693 3
594 653 3
609 668 3
675 676 3
619 676 1
632 689 3
583 641 3
591 650 3
601 659 3
619 677 1
686 687 3
634 692 3
586 702 2
645 702 3
588 646 3
658 659 3
615 672 2
676 677 3
633 692 3
582 641 3
645 646 1
650 651 3
593 651 3
594 651 3
597 655 2
598 655 3
602 660 3
606 665 3
607 665 3
608 666 3
615 673 3
632 690 3
633 691 3
637 695 3
604 663 3
605 663 3
607 666 3
610 668 3
611 668 3
616 674 1
625 683 3
633 690 3
691 692 3
636 694 3
637 694 3
580 638 3
581 639 3
582 640 3
646 647 3
596 654 2
598 656 3
599 657 3
604 662 3
672 673 3
674 675 3
621 679 2
624 683 3
626 684 3
688 689 0
638 639 3
639 640 3
640 641 3
641 642 3
595 654 1
654 655 3
656 657 3
601 660 3
603 662 3
662 663 3
665 666 3
609 666 3
620 679 2
683 684 1
684 685 3
689 690 3
692 693 3
693 694 3
603 661 3
606 663 3
609 725 3
668 725 2
615 674 1
620 677 1
622 679 2
659 660 3
660 661 3
661 662 3
668 669 3
600 657 3
606 722 3
622 681 2
623 681 2
685 686 3
690 691 3
653 654 0
655 656 3
657 658 3
665 722 3
666 725 3
669 671 3
622 680 2
694 695 3
663 722 3
671 672 3
677 679 0
679 680 3
680 681 3
673 674 3
643 702 3
594 710 3
654 712 3
693 751 3
653 710 3
653 712 0
679 736 1
692 751 3
649 650 3
669 727 3
671 730 3
677 736 2
623 683 3
679 737 1
639 697 3
681 683 2
640 697 3
649 707 3
650 708 3
651 710 3
668 727 3
736 737 3
688 746 3
694 751 3
694 752 3
695 752 3
642 701 3
643 701 3
649 708 3
660 718 3
683 740 2
642 700 3
647 705 3
647 706 3
648 706 3
659 718 3
676 734 2
677 734 2
681 740 3
683 741 2
640 698 3
641 698 3
646 705 3
656 714 3
671 727 3
740 741 3
651 708 3
655 714 3
661 663 3
684 742 3
687 746 3
641 699 3
700 701 3
653 711 3
658 716 3
665 723 3
666 723 3
668 726 2
674 731 3
677 735 2
686 744 3
687 744 3
690 748 3
692 750 3
697 698 3
698 699 3
641 700 3
646 704 3
651 709 3
710 711 3
711 712 0
657 715 3
657 716 3
661 719 3
722 723 3
723 725 3
727 730 3
672 730 3
673 731 3
674 732 3
675 732 3
675 734 3
733 734 3
734 735 3
685 742 3
689 748 3
691 749 3
692 749 3
702 703 3
645 703 3
645 704 1
708 709 3
655 712 3
655 713 3
714 715 3
659 716 3
663 719 3
663 720 3
663 721 3
725 726 3
675 733 3
679 738 3
683 742 1
685 743 3
686 743 3
748 749 3
703 704 1
713 714 3
715 716 3
660 719 3
721 722 3
673 730 3
737 738 0
680 738 3
681 739 3
750 751 3
751 752 3
704 705 3
709 710 3
716 718 3
731 732 3
732 733 3
735 736 3
681 738 3
741 742 1
749 750 3
712 713 3
726 727 2
739 740 3
699 700 3
707 708 3
718 719 3
719 720 3
730 731 3
689 746 1
639 696 3
701 702 3
689 805 1
638 696 3
696 697 3
705 706 3
743 744 3
746 805 3
649 706 3
748 805 1
720 721 3
738 739 3
695 811 3
718 775 3
742 743 3
706 707 3
716 775 2
752 811 3
696 754 1
704 762 3
705 762 3
727 786 3
730 786 3
730 787 3
687 803 3
751 809 3
752 809 3
744 803 3
746 803 3
731 788 3
739 798 3
700 758 1
701 758 1
706 764 3
716 774 3
730 788 3
736 794 3
740 798 3
746 804 3
750 809 3
705 764 3
774 775 3
727 843 3
737 794 1
737 795 1
741 798 3
804 805 3
699 758 1
701 760 1
707 764 3
715 773 2
718 776 3
719 776 3
721 780 3
722 780 3
735 794 3
702 760 1
709 767 0
713 770 2
713 771 2
714 771 2
716 773 3
723 782 3
725 782 3
786 843 2
786 787 3
744 802 3
705 763 3
711 769 3
712 770 2
714 772 2
720 778 3
726 782 3
731 789 3
732 789 3
742 800 3
743 802 3
749 807 3
697 754 1
697 756 1
698 756 1
762 763 3
708 764 3
770 771 3
715 772 2
719 777 3
719 778 3
732 790 3
733 791 3
734 792 3
741 800 1
743 800 3
743 801 3
750 807 3
750 808 3
699 756 1
763 764 3
710 769 3
712 769 1
776 777 3
721 778 3
726 783 3
789 790 3
733 790 3
791 792 3
735 792 3
794 795 3
738 795 1
801 802 3
803 804 3
807 808 3
808 809 3
697 755 1
699 757 1
703 760 1
703 762 1
771 772 3
772 773 3
775 776 3
777 778 3
782 783 3
788 789 3
735 793 3
738 797 1
739 797 1
800 801 3
748 807 3
754 755 3
755 756 3
757 758 3
703 819 1
769 770 0
723 780 3
787 788 3
793 794 3
756 757 3
760 819 2
762 819 3
773 774 3
721 837 3
780 782 3
792 793 3
802 803 3
758 760 3
778 837 3
797 798 0
710 767 2
780 837 3
727 783 2
710 826 3
783 843 3
738 854 1
798 799 3
767 826 0
769 826 3
741 799 2
799 800 3
795 854 3
797 854 3
805 807 0
708 823 3
708 824 3
769 828 0
790 791 3
758 817 3
760 817 3
763 823 0
764 823 0
783 842 3
823 824 3
767 824 3
708 767 0
770 828 3
807 865 0
809 867 3
842 843 3
787 846 3
809 810 3
752 810 3
810 811 3
807 864 1
788 846 3
810 867 3
805 863 3
805 864 3
803 861 3
864 865 0
782 840 3
804 861 3
807 866 3
793 851 3
865 866 3
808 866 3
808 867 3
762 820 3
763 820 3
771 828 3
772 830 3
780 838 3
780 839 3
782 839 3
783 840 3
792 851 3
797 855 3
754 812 3
755 812 3
756 814 3
758 816 3
816 817 3
760 818 3
771 829 3
772 829 3
773 830 3
773 831 3
775 833 3
776 834 3
777 835 3
838 839 3
839 840 3
783 841 3
790 849 3
791 849 3
791 850 3
792 850 3
794 853 3
795 853 3
798 855 1
755 813 3
757 814 3
818 819 3
769 827 3
830 831 3
774 832 3
774 833 3
775 834 3
778 835 3
840 841 3
841 842 3
786 844 3
790 848 3
798 857 3
800 858 3
802 861 3
866 867 3
813 814 3
817 818 3
819 820 3
827 828 0
773 832 3
832 833 3
837 838 3
789 848 3
849 850 3
855 857 0
801 858 3
801 860 3
802 860 3
804 862 3
828 829 3
835 837 3
789 846 3
848 849 3
799 857 3
812 813 3
757 816 3
826 827 3
833 834 3
776 835 3
787 903 2
850 851 3
853 854 3
799 858 3
829 830 3
843 844 3
786 903 3
846 903 3
794 851 3
861 862 3
804 863 3
831 832 3
858 860 3
860 861 3
862 863 3
854 855 3
844 903 3
810 926 3
811 926 3
846 848 3
863 864 3
814 816 3
763 879 3
846 905 3
851 853 3
834 835 3
848 905 3
857 858 3
823 879 3
843 901 3
844 901 3
855 914 3
820 879 3
842 901 3
814 873 0
826 883 3
857 914 3
816 873 2
823 881 3
824 881 3
837 894 3
844 902 3
902 903 3
858 917 3
860 917 3
867 926 3
816 874 3
817 874 3
767 883 0
835 894 3
846 904 3
848 906 3
850 908 3
866 924 2
767 882 0
903 904 3
849 906 3
849 908 3
851 910 3
854 912 3
812 870 3
813 870 3
814 872 3
818 876 3
824 882 3
882 883 3
853 910 3
853 912 3
872 873 0
817 876 2
823 880 3
841 899 3
842 899 3
904 905 3
860 918 3
861 918 3
828 886 3
829 886 3
830 888 3
830 889 3
831 889 3
834 892 3
837 895 3
840 899 3
849 907 3
857 915 3
865 924 2
813 872 3
829 888 3
832 889 3
833 892 3
835 892 3
835 893 3
894 895 3
906 907 3
914 915 3
917 918 3
861 920 3
862 921 3
863 921 3
864 922 3
867 925 1
818 820 3
826 884 3
827 884 3
832 890 3
839 897 3
911 912 3
855 912 3
855 913 3
858 916 3
862 920 3
864 921 3
865 922 1
925 926 0
879 880 3
881 882 3
827 886 2
833 890 3
892 893 3
893 894 3
837 896 3
838 896 3
840 897 3
907 908 3
850 910 3
853 911 3
913 914 3
857 916 3
921 922 3
924 925 0
880 881 3
829 887 3
889 890 3
838 897 3
899 901 3
905 906 3
910 911 3
867 924 1
926 927 3
887 888 3
833 891 3
895 896 3
896 897 3
918 920 3
818 935 2
891 892 3
915 916 3
920 921 3
922 924 0
820 935 3
883 884 3
888 889 3
899 900 3
900 901 3
850 967 3
910 967 3
912 913 3
873 874 2
820 936 3
886 887 3
890 891 3
916 917 3
935 936 3
897 899 3
901 902 3
908 967 3
876 935 3
870 872 3
817 933 2
876 933 3
884 886 2
917 975 3
924 981 0
873 932 2
874 932 3
874 933 3
879 936 3
922 981 0
926 984 3
927 984 3
918 975 3
924 982 0
870 929 3
872 929 3
920 977 3
925 982 0
882 940 3
886 943 3
896 954 3
897 954 3
918 977 3
925 983 0
926 983 2
883 940 3
897 956 3
899 956 3
901 959 3
981 982 2
983 984 2
884 942 2
902 959 3
918 976 3
922 980 3
879 937 3
881 939 3
886 942 3
892 950 3
894 952 3
895 952 3
907 966 3
908 966 3
910 968 3
975 976 3
920 979 3
921 979 3
980 981 0
936 937 3
880 939 3
888 946 3
893 950 3
893 952 3
895 953 3
906 964 3
907 964 3
966 967 3
967 968 3
873 931 1
931 932 3
879 996 3
880 996 3
882 939 3
942 943 3
886 945 3
887 945 3
887 946 3
889 946 3
889 947 3
890 947 3
899 957 3
900 959 3
904 962 3
912 970 3
913 970 3
976 977 3
922 979 3
872 931 3
937 996 3
890 948 3
891 950 3
952 953 3
896 953 3
956 957 3
900 957 3
902 960 3
911 968 3
916 975 3
927 985 3
872 930 3
876 992 3
939 940 3
886 944 3
946 947 3
947 948 3
891 948 3
959 960 3
903 960 3
903 962 3
905 962 3
905 964 3
911 970 3
915 974 3
916 974 3
984 985 3
929 930 3
930 931 3
935 992 3
943 944 3
944 945 3
913 971 3
914 972 3
915 972 3
883 942 2
945 946 3
960 962 3
970 971 3
914 971 3
979 980 3
982 983 1
933 992 3
891 949 3
950 952 3
953 954 3
971 972 3
972 974 3
974 975 3
977 979 3
948 949 3
949 950 3
897 1013 3
870 986 3
954 1013 3
956 1013 3
964 966 3
929 986 3
939 996 3
883 999 2
932 933 3
940 999 2
942 999 3
962 964 3
952 1009 3
950 1009 3
962 1021 3
968 970 3
932 990 3
940 997 3
964 1021 3
979 1035 3
931 990 3
939 997 3
957 1016 3
968 1026 3
968 1027 3
970 1027 3
977 1035 3
943 1001 3
944 1001 3
900 1016 3
962 1019 3
935 993 3
960 1019 3
964 1023 3
1026 1027 3
970 1028 3
979 1037 3
980 1037 3
936 993 3
959 1016 3
962 1020 3
966 1023 3
966 1024 3
976 1034 3
977 1034 3
953 1011 3
964 1022 3
967 1024 3
967 1025 3
974 1033 2
975 1033 2
1035 1037 3
929 988 3
930 988 3
996 997 3
944 1002 3
945 1002 3
952 1010 3
954 1011 3
1019 1020 3
1021 1022 3
1022 1023 3
972 1030 3
981 1040 0
929 987 3
933 990 3
933 991 3
937 994 3
940 998 3
942 1000 3
1001 1002 3
948 1006 3
950 1008 3
1009 1010 3
953 1010 3
971 1030 3
1034 1035 3
1035 1036 3
982 1040 3
984 1043 3
985 1043 3
986 987 3
987 988 3
990 991 3
936 994 3
998 999 3
943 1000 3
946 1004 3
947 1006 3
949 1008 3
956 1014 3
956 1015 3
957 1015 3
959 1017 3
959 1018 3
960 1018 3
968 1025 3
971 1028 3
976 1033 2
931 988 3
931 989 3
937 995 3
999 1000 3
1000 1001 3
945 1003 3
947 1004 3
947 1005 3
949 1007 3
1014 1015 3
1015 1016 3
1016 1017 3
1023 1024 3
1024 1025 3
972 1031 3
974 1031 3
974 1032 2
1032 1033 3
980 1038 3
983 1042 0
984 1042 3
988 989 3
989 990 3
991 992 3
993 994 3
1002 1003 3
946 1003 3
1006 1007 3
1007 1008 3
1008 1009 3
1010 1011 3
1013 1014 3
1017 1018 3
1027 1028 3
1028 1030 3
1031 1032 0
1036 1037 3
1037 1038 3
981 1038 1
1042 1043 3
992 993 3
994 995 3
1004 1005 3
1005 1006 3
1011 1013 3
1020 1021 3
1025 1026 3
983 1040 0
995 996 3
1003 1004 3
1018 1019 3
997 998 3
1030 1031 3
1033 1034 3
1034 1036 3
1040 1042 3
