-0.02929026185 0.1440437942 15.54799465
-0.01253865909 0.1178276248 15.16539435
-0.307025281 0.02785595094 29.91991999
0.05640282542 -0.001989776228 6.7745149
0.1206190269 0.0498578546 0.2848409612
0.07653291514 0.2740488807 -1.764901134
-0.04083895817 -0.7671917329 29.61372084
-0.003022890622 0.01049691165 21.90429581
-0.009302385523 -0.003152695232 22.82934933
-0.01178970939 -0.04126720538 23.37781282
-0.2456227658 0.02253776443 71.99952884
0.007772371259 -0.04526749081 19.30660183
0.009032986547 -0.04433979868 19.33418085
0.004821607916 0.06700652479 18.68126146
0.02121966557 1.533833975e-05 14.25318128
0.03971032865 0.0719549545 15.36982615
0.02704576021 0.04127359318 20.32295363
-0.1049899472 0.02573620523 60.03216087
-0.09983976222 0.02216344917 57.27426739
-0.06326483188 0.02925320153 42.50326004
-0.001349624465 -0.006596471303 23.67644522
0.05088950563 0.003636271373 1.206395295
0.01992482331 -0.02695103354 17.77730437
-0.07609943227 0.06236348241 63.81031251
-0.03146891789 0.132884415 38.26845569
-0.009644809961 0.05739810964 27.93346439
-0.001432201836 0.04387974266 22.87074202
-0.02261198893 0.006651605526 36.59889779
-0.07795473303 -0.01653967298 70.5624122
-0.08779165447 -0.0329371379 76.69057407
-0.07534826417 -0.01398477457 68.00147099
-0.03266642301 0.005641401642 39.11035608
-0.00740834723 -0.003050375279 22.06020446
-0.003504106472 -0.02685109997 19.87770908
0 0 -1
-0.03342303609 -0.06358250974 43.03727756
-0.07976878067 -0.03131277856 78.09920717
-0.05282049824 -0.01501546382 55.60407725
0.0004158079781 -0.01371352645 12.61081535
-0.005407931357 -0.0004469712343 17.75212082
-0.02859447997 -0.02808276834 38.53161484
-0.07583593602 -0.0375068124 79.67204226
-0.04808524383 -0.0576731921 54.29693996
-0.01051852204 -0.01670693176 18.7225353
-0.02907667966 -0.05020903928 38.07845832
-0.02878633044 -0.03620037652 36.66466461
0.007682050164 -0.05124325171 0.7843515557
-0.007904188359 -0.05523297546 16.9687629
0.0005333070513 -0.009587226609 7.228839239
-0.007156487736 0.01497238743 14.62248124
0.01674601643 -0.02442149908 -10.67412915
0.02296139807 -0.02789494545 -17.67737672
0.08991994361 -0.1500068873 -86.82336148
0.02236539136 -0.08614192691 -10.0496427
0.08508716674 -0.08810272652 -83.57010816
0.04364828104 -0.0463580353 -34.34410786
0.004477223558 -0.0850886449 13.06840151
0.02008409223 -0.06741133114 -6.117922032
0.07474239116 0.4427975458 8.699223396
0.04498357214 0.5871459311 4.61379436
0.1159855061 0.3743737521 -5.22917013
0.115128333 0.4439634818 -6.98092486
0.02318672164 0.1269521219 15.12176386
0.009968599508 0.1422208894 16.47006333
-0.04432894016 -0.03243213906 29.54935614
-0.03767123734 -0.02302623408 27.72154983
-0.03426807024 -0.02285322005 26.94531103
-0.01857067061 -0.05696533315 24.79774101
-0.003253664185 -0.07632112662 23.10253519
-0.001608104757 -0.07181588197 21.92415345
-0.05347778888 0.0379549821 44.61855171
-0.07515399107 0.07412821212 49.35044942
0.04967883899 0.0009185969755 5.313878052
-0.01549695776 0.04070015814 34.90777587
-0.0217342636 0.03649409695 37.28282849
-0.1056011676 0.01019002173 60.59595503
-0.07566982812 0.03011597592 47.22604794
0.3536084741 -0.0005484944996 -128.737683
0.0339865218 0.0003333659011 9.477487823
0.02857129597 -0.02794838471 12.98786525
0.04283130899 -0.02654717413 6.455227997
-0.009179137438 0.002774467305 31.63503735
-0.03766468793 0.03940001532 45.60472089
-0.03353196731 0.06977010937 41.00982697
-0.03457585675 0.01059740391 43.35710928
-0.04533451719 0.02960055581 50.21063225
-0.06116422289 0.001870009135 59.65779654
-0.08882633052 -0.0225798517 77.31497837
-0.07218921215 -0.03671925785 65.85890785
-0.02478103666 -0.02689081073 34.47503222
0.002224447094 0.00196403677 15.21835323
0.0002307235345 -0.002409854157 16.4558606
-0.0001975874495 0.002648229974 16.60486258
-0.01965507146 -0.0216556858 32.00354455
-0.07134594507 -0.04418187541 71.33925837
-0.02018770929 -0.01884722229 29.3473672
0.01225130326 -0.007881533893 2.914181011
0.002600408184 -0.004164605897 11.16928995
-0.05052082814 -0.01604740031 57.23402023
-0.06032964659 -0.02106177239 65.38667356
-0.0433501933 -0.02100623438 49.26115101
-0.02964698538 -0.001426128659 36.11009799
-0.02147244162 -0.02953787088 29.45316088
-0.02341526206 -0.03070620696 31.31760417
-0.007522401502 -0.02397801756 15.61380327
0.007897231034 -0.03669208323 0.4051738278
-0.003075627989 -0.0156368254 11.40123211
-0.01407611573 -0.008824311899 22.80589496
0.01062037717 -0.02780182825 -3.512599269
0.05102742338 -0.08187552121 -46.42797781
0.08020940507 -0.1409583994 -76.81671913
0.08366736881 -0.1288341681 -80.93608774
0.1181612852 -0.08363861435 -122.9783903
0.04073944593 -0.03783547092 -31.08254004
-0.07286196927 -0.08785289575 106.5646982
-0.04030687351 -0.1137401528 66.59262731
0.01871284704 0.3110109742 14.47444335
0.01945196459 0.0726844971 27.03737788
0.007045202928 0.06764674327 27.47026344
-0.01659794036 0.01370505527 32.06927967
-0.01589472512 -0.01399436268 33.33862875
-0.01544996581 0.02267463294 30.83487958
-0.006232759618 0.03404843475 29.10780247
-0.08926225296 0.334271491 20.99197678
-0.1211284173 0.04610738852 40.16810041
-0.04084702685 -0.01920821922 26.49466213
0.007996274992 -0.08195180199 20.03834058
-0.005881592277 -0.06995943635 23.24145116
-0.02890664598 -0.02367342776 40.8470089
-0.01037385687 0.007581227158 33.7615446
-0.02223181807 -0.03229535968 40.64717974
-0.02179268449 -0.02324991028 40.55668855
-0.02396949577 -0.007373193051 39.94154179
-0.04994807017 0.01155293849 47.92047648
-0.1472634179 0.05080078068 75.24492166
0.2531130444 0.07412508477 -89.88247215
0.02812095385 -0.01999230895 11.52413518
0.04040927081 -0.02407850997 7.037613312
0.06745661712 -0.02178872061 -6.849786138
0.02391209362 -0.02547957026 15.82008297
-0.01037565275 -0.03900682539 34.22428308
-0.04384248556 0.003485504752 50.38282117
-0.06276457681 0.003203993587 60.67847754
-0.05579162584 -0.004795968331 57.05452918
-0.07814761258 -0.003290425933 70.23105627
-0.1134080407 -0.01804287398 92.49660413
-0.05546394218 -0.01496886 53.91372351
0.003874032013 0.01560762321 12.90766377
-0.003156586617 0.004981819317 19.14348493
-0.01729917374 -0.01890773563 30.4228642
-0.03342448084 -0.02506763022 43.02322658
-0.09036847342 -0.03647973726 86.47378106
-0.06614613639 -0.02473503624 66.45352099
-0.004909019579 -0.009782771564 16.84888252
0.005621403136 -0.01788571171 8.937593419
-0.02874316206 -0.01077084954 38.23407008
-0.06586409894 -0.03368652833 71.20907581
-0.07131918243 0.006054328531 73.73987816
-0.05475007846 0.00579103526 58.90077017
-0.03628634997 0.004000037711 42.00351808
-0.01355021198 -0.003756117946 20.91297689
-0.02109332144 -0.008832643303 28.38347403
-0.01517503186 -0.016900672 22.68037582
0.001911012532 -0.03601176815 6.593902012
0.01838513865 -0.04296499885 -9.969826157
-0.01747707194 -0.03788489088 28.06109624
-0.008904107818 -0.07312990144 19.89905397
0.03641901697 -0.1173169864 -28.18909079
0.06904704497 -0.1438689578 -64.87558197
0.1464615042 -0.1099348864 -154.3815582
0.1234767233 -0.09467301573 -128.0044271
0.06450002437 -0.08744446651 -57.18906018
-0.03137510071 -0.1045077953 55.38392569
-0.07225226459 -0.1019592605 105.6296196
-0.04931745856 -0.009941953427 35.54403553
-0.04567209748 0.02999811616 31.99798251
-0.02271035719 0.01184159796 32.70397325
-0.02074689261 -0.06226587067 37.92165015
-0.006284973484 0.002078249823 31.66411101
0.0003195597548 0.01171261463 30.28867112
-0.04025155446 0.03480681537 33.89748877
-0.01971062897 0.07455339762 27.10082245
0.01064560604 0.06472674816 22.35850038
-0.1727918277 0.5098306355 20.47211169
-0.1260055553 0.2099145912 32.12151718
-0.04358573027 0.08939894501 22.30053828
-0.02156244981 -0.02452560331 38.69668331
-0.003564510526 -0.01450020351 32.9313198
-0.002546224311 -0.01503071603 32.75879786
-0.03168580731 -0.01660753101 42.55782137
-0.04553978925 -0.00590420146 47.35958563
-0.42340459 -0.1036913751 194.9964838
-0.05606552548 -0.04241197167 54.75668247
-0.02258121892 0.1292550873 22.96553151
-0.01195524963 0.07152291651 22.13931624
0.05468870128 -0.02554685257 0.5249136689
0.06309540815 -0.03652300989 -2.857943576
0.03414006086 -0.004552064808 9.627632295
-0.02091392611 0.02307562007 34.61988426
-0.02778579239 -0.002110190128 40.90065415
-0.03644198437 0.03140492955 42.84621935
-0.04317209273 0.03125983029 46.36670272
-0.08218784322 0.02793598416 70.62029607
-0.1102577158 0.01265169434 88.72383754
-0.03123683119 0.03077765766 35.33876483
0.001032325296 0.04153709534 13.0346776
-0.005885494326 0.03104520777 19.19322673
-0.007462711074 0.002073704386 21.74711313
-0.07590565744 -0.02034736636 74.26147615
-0.110199421 -0.01695313782 100.3319896
-0.04194721456 -0.01398118832 46.42468111
-0.01353142791 -0.01847788765 24.51694348
0.006546610242 0.001875233926 6.653508438
-0.01703497107 -0.005055619989 27.44883711
-0.03275132988 0.02345661314 38.5838427
-0.05613136547 0.01430982691 60.21095953
-0.05117856852 -0.005124786956 56.77985746
-0.02660050442 0.009019563415 32.56042143
-0.01870698041 0.001552475546 25.67054668
-0.03476081016 0.001048956663 41.34322511
-0.04314297828 -0.02255052278 51.06683298
-0.009281038656 -0.02844745518 17.36354025
0.0001157169108 -0.04804779789 9.345675194
-0.02986050835 -0.07786862545 43.7970101
-0.04511459878 -0.06251369129 58.69523522
-0.03484101025 -0.07695623228 48.16805972
0.07927493342 -0.07567435044 -80.58286656
0.1267908106 -0.09508848811 -132.0522115
0.09139395131 -0.1211103252 -88.86379629
0.02110151296 -0.1553087649 -2.779272589
-0.04462689423 -0.1021092439 71.38791332
-0.04058545033 -0.1020588283 66.19550467
-0.04435919882 -0.000406867538 34.76215493
-0.0487995175 0.01164271896 33.78114781
-0.09920222159 -0.01602770389 38.99633383
-0.164138673 -0.126446134 53.60967103
0.1107272152 -0.2374027045 41.21215159
0.02724176114 -0.02448636703 30.4960859
-0.02260905967 0.01350541881 33.12624094
-0.0255580733 0.03046140801 31.90745526
0.001678813675 0.04077024095 26.22573115
-0.03380778911 0.0648234523 30.80208576
-0.01361434305 -0.009477611692 33.94929405
0.002567626757 -0.05348166715 34.75986982
0.01083377891 -0.05147930482 32.23131738
0.004050933767 -0.03283211061 32.45474762
-0.005502456139 -0.03897143512 35.87451729
-0.009096978163 -0.03320225264 36.38091479
-0.04220462843 0.00664061083 43.91995874
-0.08458890305 -0.07882960569 62.26639163
-0.0805603819 -0.1478628528 66.82081297
-0.08109173547 0.06627884752 54.58153139
-0.06117088101 0.1157677649 40.56424505
0.002867876579 -0.04384416205 25.44001507
0.1035315112 -0.04550299796 -22.29469597
0.1020618278 -0.02634226021 -22.91745399
-0.01951781035 -0.005445204807 37.2305434
-0.003432093554 -0.02002960418 30.42150286
-0.01927051683 -0.003969311026 37.623438
-0.04407187105 0.01327148976 49.74228018
-0.1009478781 0.0252226019 83.05819999
-0.1108461211 0.02670052394 88.3456304
-0.05869737194 0.01369060957 55.15550585
-0.006182023077 -0.006649397011 22.54576927
0.001841552301 0.006105679733 16.25306003
-0.01041380508 0.008041519662 24.44011859
-0.0359285905 -0.01116255221 44.84636353
-0.1010090787 -0.02752660015 94.20720787
-0.02885400983 -0.05593133576 39.90285189
0.01030572553 -0.01377878711 4.92214767
0.007978000369 -0.009382561773 6.698678649
-0.01490018153 -0.02754248429 27.72853683
-0.02448377556 -0.009005504443 34.53324316
-0.05660825581 -0.02605164544 64.75287826
-0.04901911314 -0.001814539207 54.79566205
-0.03321053347 0.003524627084 39.76205909
-0.03333931832 -0.007663603779 40.95143105
-0.04943506367 -0.004320733052 56.23353286
-0.04384343004 -0.001838735584 50.04794908
-0.02385453974 -0.01868896777 31.52552291
-0.01396464539 -0.02442091885 21.62943543
-0.02753320908 -0.043864483 38.03516313
0 0 -1
-0.01729430557 -0.02059350522 24.40119666
0.03656302288 -0.03337362581 -35.25675282
0.05651865753 -0.1288456947 -47.38232266
0.0851475423 -0.09668320536 -83.43802746
0.02156756663 -0.1275274423 -6.144497901
-0.02283448653 -0.1016760788 44.78561565
-0.03219872386 -0.09464906019 55.37873022
0 0 -1
-0.1374677271 0.01738250945 29.17277756
0.03942175041 0.1064245159 10.00119317
0.02654544422 0.009649995983 21.11117869
0.01660851089 -0.02219277246 25.8711823
0.006813693987 -0.0600682483 32.11733166
-0.03393598866 -0.3621788805 74.99656722
-0.03669813676 0.008016231835 35.84397789
-0.04642197304 0.03204211317 24.54949917
-0.1111912764 0.01977052853 39.7873897
-0.01859626936 -0.07866187673 42.58190482
0.0289307899 -0.2634594212 51.5179585
0.05792863916 -0.07975458737 22.60634705
0.01479787688 -0.0412961967 30.26762211
-0.01638552224 -0.03598087269 38.62667649
0.01310005069 -0.0315835431 28.08318544
0.0007357978492 -0.005918385968 30.15040508
-0.004342925585 0.01648917094 29.07027498
-0.02661999334 0.008144635168 39.33830251
-0.05551173678 0.04958264464 45.64852132
-0.0457847163 0.06507682502 39.86736814
-0.03217896604 0.05090568438 35.41174629
0.1877525511 0.09098389323 -77.67259973
0.02153583763 -0.01405896031 17.38827095
-0.02358638402 -0.03694798392 42.61355784
-0.00281640107 -0.04779002758 32.95523973
-0.02134560583 -0.05217931797 44.27659485
-0.05340379062 -0.04418005742 61.6523789
-0.08307954457 -0.008074037377 74.76832156
-0.0710178127 0.03748226217 61.46991826
-0.05590477805 0.003140873874 53.82270153
-0.0170678327 0.02228015724 26.20283485
-0.009115385769 0.005515679567 23.41833969
-0.02327575121 -0.01361469511 36.06983386
-0.05030035656 -0.00610348418 54.60309353
0.03921414668 -0.0122847422 -19.55980715
0.04434690444 -0.01850173924 -21.74498044
0.01792161321 -0.004189723905 -2.129072394
-0.005682127239 -0.01508842292 18.62761258
-0.01663503117 -0.02960256833 29.07746495
-0.03253643393 -0.02406019732 42.44507449
-0.0567651736 -0.03550547303 65.10269817
-0.01169194076 -0.01122610496 21.35042582
-0.01936469622 0.00493851378 26.72453141
-0.04029215475 0.005093408332 46.32541617
-0.04764900985 0.01473444454 52.22597567
-0.0428493844 0.008090680586 48.42349456
-0.04258242242 0.004174010639 48.40552608
-0.04115979055 -0.0151397432 49.49124881
-0.01454318758 -0.03434773626 23.33428674
-0.01810761337 -0.0342723546 27.39559119
-0.02160014581 -0.03484624515 31.59066998
-0.002099852326 -0.05139599912 10.99452058
0.04632154872 -0.07343063031 -41.96571509
0.01097439409 -0.09096735793 1.297512008
0.01085153055 -0.1354927737 7.32108543
-0.02882659081 -0.1209033409 53.20300808
-0.05195907562 -0.08654956269 77.76037909
-0.02413220257 -0.3517119187 79.08236196
-0.02413220257 -0.3517119187 79.08236196
0.09922827707 -0.04151716064 15.8261301
0.0610504053 -0.01636249189 14.32452238
0.02889086348 -0.01416670555 16.80763845
0.02869009376 -0.02540188415 18.44057069
-0.09059270403 0.01125082103 35.05674129
-0.09299518672 0.005790011802 36.31707345
-0.05915029019 0.01839419841 28.97329999
-0.1431068956 0.02056512172 45.56276452
-0.1420143977 0.0317107996 43.67056572
-0.1030520226 0.08180687926 26.46520562
0.02000199623 -0.1080620792 32.12139881
0.03267560929 -0.04738935002 25.72379169
-0.001760653219 -0.03410347196 34.2280802
0.02891982393 -0.01815813101 21.37030904
0.01949129631 -0.01701922665 24.7324129
0.005619401539 -0.008881573748 28.43468286
-0.01714695802 -0.004400379187 36.7163
-0.03484025762 0.02180794273 40.32824517
-0.03042345783 0.0333723984 36.93103688
-0.04748628044 0.02829682501 45.45676108
-0.04442996804 0.0658311044 38.50116338
-0.009543053532 -0.01003151984 32.25741946
-0.04251348038 -0.02296661654 50.82373564
-0.03059672764 -0.04016298357 47.01844056
-0.02886725496 0.000161449444 39.8013612
-0.04293757137 -0.05095477421 55.76955001
-0.04286142236 -0.02308174155 51.69641816
-0.06852718588 -0.006834131671 65.48438875
-0.05730473472 0.01954881065 53.86981694
-0.05427467447 -0.003891364156 55.81642937
-0.05792238569 -0.06356226078 66.81322303
-0.03090626593 0.007487211985 38.69102412
-0.05560304492 0.0454981812 45.52626273
-0.003466817624 0.04232043381 5.933072354
0.04489169861 0.02456693071 -28.03219674
0.02523806032 0.02453803451 -12.17040416
0.0126195917 0.006556660021 0.7165228888
-0.02390644947 0.01265360585 29.41129548
-0.02394457139 0.01022994676 30.30494356
-0.05051726647 0.006280865036 54.44393954
-0.02051799984 0.007756578625 27.18053168
-0.03028712325 0.00249226828 37.28889036
-0.04239989381 0.008051383447 47.80588533
-0.03476819264 0.01192060755 40.17946844
-0.05089320388 0.01444825908 55.36547637
-0.03350605371 0.01046959176 38.13196619
-0.05461640314 0.008255246735 60.43424658
-0.05735047435 0.01265828842 61.97723922
-0.02405462772 -0.0524389397 35.54128446
-0.009442094678 -0.03974449313 17.77420847
0.0435183611 -0.03495343041 -42.54718371
0.01475013965 -0.04361838435 -9.00170732
0.003737823064 -0.07340548476 7.629138111
0.005075140768 -0.06714121997 5.595498256
-0.01947945627 -0.0716033834 35.58584496
0.00781220513 -0.04004743611 -1.751123302
0.1471580083 -0.03306262819 12.26275758
0.154259578 -0.01841638145 9.583064195
0.0951162608 -0.03453450006 15.41860781
0.08167648917 -0.007854884054 11.39798088
0.05909418339 0.02342847104 8.02353522
0.0500163986 0.01624947876 8.839306359
-0.1154198307 -0.03809200693 45.79436187
-0.02586940838 0.01927769013 23.13497304
-0.05368055663 0.03463067346 25.67495986
-0.07754527529 0.05609348951 26.66088103
-0.08535051977 0.06085477593 25.66910381
-0.01120757074 0.09031444897 3.695277361
0.2510938364 0.0527132582 -56.43050573
-0.02256589824 0.01154762023 26.57722968
0.03071486345 -0.04968557701 26.29706548
0.03453473701 -0.00791950402 18.1479395
0.02426964871 0.0007818889996 20.18015725
0.0006438110826 0.003272247483 28.71221796
-0.008806828465 0.02208604133 29.1043582
-0.01739965374 0.01608955023 33.82993558
-0.02596753967 0.01811679714 37.09543983
-0.0363085926 0.009360948448 43.21323097
-0.03974378489 0.01610058835 43.61833074
-0.04050553459 -0.001463238696 46.72163748
-0.03065295091 -0.007927941881 42.32675235
-0.01822531123 0.01185426535 32.22159495
-0.02809615069 0.001824029014 39.4892731
-0.03612917093 -0.005027195464 45.0494349
-0.04048714783 -0.006689088171 48.07256268
-0.06714340752 0.01727324711 60.71843105
-0.0505886724 0.02030143509 49.24692262
-0.05655416104 0.004577693637 56.03639184
-0.1033324777 0.005513411308 87.5613474
-0.08173664982 0.03072276402 66.9379865
-0.02430606047 0.06786905879 19.13547411
0.004972273428 0.08007083632 -5.123050516
0.02268367081 0.05622668998 -15.20770138
0.02565500926 0.0408621306 -15.54573182
-0.01400076316 0.02563685914 19.72241485
-0.02621091204 0.04445010114 26.62185514
-0.03152124694 0.03438738339 33.07312162
-0.02284834149 0.01813371874 27.8109248
-0.01777269088 0.01201000193 24.20319437
-0.02814688341 0.0124284788 33.57356671
0.007881560099 0.07717798129 -11.52330517
-0.03352864177 0.02390461965 36.88728238
-0.0479566038 0.08722996217 41.12965186
-0.0319294928 0.06702403799 27.75192312
-0.01790912617 0.08874194637 9.857003082
-0.01609966575 0.1009866171 6.503599761
-0.02155606425 -0.02918302491 29.55136152
-0.01583448978 -0.02331098251 22.38816871
0.008671986693 -0.03153800889 -3.801404182
0.01980442191 -0.0417010095 -14.81889037
0.02302809123 -0.02559105874 -21.15706029
-0.02215653661 0.02586795329 24.31530483
-0.003393937982 -0.006593503 6.567501055
0.01683597023 0.00695623492 -19.93469554
0.1524488502 -0.01697746468 9.28896589
0.1572110745 -0.05506351332 16.13701861
0.1262619476 -0.01129838339 9.120994838
0.1227481744 0.03561769756 0.9448502257
0.05772510436 0.06183358843 1.511737744
0.06260595712 0.08108210639 -3.100889306
0.07173397057 0.1017659941 -8.714816204
0.05691596538 0.04098307607 5.381551744
0.01136698034 0.06927788426 8.052950785
-0.01888095578 0.09249771933 9.810874958
-0.07311447193 0.01223081995 31.45727022
-0.01596396332 0.04444067924 18.46246515
0.0008828673728 0.0230275474 17.82785514
-0.00102737628 -0.004383982152 23.13878001
0.1067191929 -0.09318941029 8.677341411
0.09133424727 -0.03280132256 3.31695202
0.03230155476 0.02882178281 12.76990271
0.001395256557 0.02580547714 24.5562276
-0.006573340228 0.01515527729 29.53700586
-0.02671424681 0.02016549572 37.00257798
-0.0402382317 0.01168342489 44.40401312
-0.05594538492 -0.0009089241206 53.76567578
-0.03340692838 0.001545346822 43.12438241
-0.04648675859 0.01355713208 47.31402536
-0.05409906323 0.0202249016 49.98245806
-0.03017864232 0.01001258284 39.17030945
-0.04306080482 0.009761523658 46.65799987
-0.04807772232 0.003209883182 50.81575804
-0.03406670014 -0.01283132926 45.21909761
-0.05267693874 0.004479235192 53.84593921
-0.06763286108 0.01925130338 60.63022412
-0.06378343125 0.02099813976 57.82676564
-0.1051345004 0.05242850255 80.91446581
-0.06977189874 0.08245542439 49.74511038
-0.01704756755 0.05928107963 14.99430671
0.001812949521 0.08692511617 -4.006230306
0.00688765896 0.06627847091 -4.361402629
0.001190652831 0.06229790268 0.7584923629
0.01845745237 0.2202758267 -39.83869987
0.01194610115 0.1040198699 -10.49069901
-0.05135534456 0.05094821537 55.56605204
-0.08982403206 0.1197696064 75.77694272
-0.06500748859 0.07510515065 61.92842719
-0.03754546038 0.419655093 -29.36553366
-0.04753290668 0.3520994093 -7.869060034
-0.01441072829 0.1246568033 1.996062765
-0.06585497647 0.1119255594 55.76402022
-0.02449143096 0.1169756798 10.94823922
-0.008048590009 0.1034693832 -2.771256766
-0.01279417497 0.1068056414 1.595008317
-0.002992113799 0.07734398333 -3.714133505
-0.007018456374 0.09303476314 -1.650838223
-0.03312388402 0.1906427897 8.044164762
0.03732738936 0.3364765772 -100.2034464
0.02570206062 0.2242149206 -67.10059114
0.01206763945 0.3325400703 -70.06647046
-0.06709822796 0.1403286422 59.54279097
-0.03450781578 0.06433044543 33.4775886
0.1342819906 0.02017010724 2.888162271
0.1529082566 0.00845764787 4.327208863
0.1455459 0.01940798705 2.605652368
0.1415007791 0.02464461338 2.183179579
0.07150111647 0.05783855411 1.635558694
0.07688088347 0.07850746744 -3.470113885
0.06269532723 0.06447070802 1.894889904
0.04320976554 0.08184255276 0.1257554018
0.02146158482 0.0647546278 7.548141181
0.003669280089 0.06380893135 11.01203138
-0.01158582354 0.05092207494 16.79405259
-0.04119528417 0.03455671621 26.86084425
-0.03041198167 0.008159424513 29.43212639
-0.03097604593 0.005487299246 30.37265523
0.02667243227 -0.01171120553 17.18915235
0.2631142403 -0.01206338011 -58.52686043
0.01591105068 0.02598265745 19.25932445
0.001329814332 0.02511492452 24.7428059
-0.02125044916 0.004244870877 37.73619832
-0.02231515256 0.007700951483 37.39946557
-0.04020081242 0.0174546808 43.15416299
-0.04487910745 0.02116262847 44.64834053
-0.04774410519 0.001131784446 50.20386349
-0.04136705847 0.001085752235 47.15841967
-0.0458137487 0.01220717391 47.14055291
-0.03877369908 0.002971858584 45.29617622
-0.04459794088 0.0007420165955 49.23523802
-0.04321379776 0.01212383346 46.23218338
-0.04342249726 0.007936385668 47.1169114
-0.04714844986 0.01307644552 48.28764827
-0.0448328588 0.03521675026 42.32281898
-0.04321262593 0.08215584235 31.0874066
-0.0665676613 0.068518447 50.48963296
-0.05008846378 0.1260161525 26.64306718
-0.04184101759 0.07982316767 29.85593873
0.01414688436 0.1061516614 -17.43916093
0.2525366878 0.3382235266 -251.2282214
0.01549566325 0.08642203459 -9.463573086
0.01186012381 0.1211020254 -13.42966873
0.002108926994 0.06300698813 7.046198471
-0.02568236529 0.05435164651 32.61765646
-0.06960045607 0.04429687257 72.70673651
-0.05385159454 0.06033793726 54.78262955
-0.06587200643 0.05381960753 67.67080113
-0.05763042123 0.06017041712 58.16954831
-0.059500549 0.1154940876 48.09077802
-0.05376927026 0.119448522 41.8720026
-0.04317290271 0.1837561855 17.88210597
-0.0005319152345 0.1649748887 -22.80655008
0.006459048461 0.2013426602 -38.13423887
-0.0004853795032 0.1779959519 -26.19241073
0.00559713854 0.1974083761 -36.24232949
0.05636659604 0.2398773584 -101.6511822
0.01814293286 0.4378035737 -96.05759088
9.855332313e-05 0.4230106378 -72.08891682
-0.02421117529 0.3351391369 -25.40233838
0 0 -1
-0.1321458777 0.5653984989 58.09887612
0.1218022303 0.0274712365 1.560189125
0.1309369769 0.03075398573 0.4715222174
0.1409911669 0.00936894067 4.935702196
0.1530731275 0.02350113211 1.312195924
0.05408284131 0.03460808443 8.854646346
0.05410758397 0.02754573215 10.04393861
0.05611190846 -0.001583354056 16.72503573
0.04391399769 0.01146912826 15.74516885
0.01977781605 0.02715884486 15.91594233
-0.008646967114 0.01765302375 23.46058125
-0.03634932973 0.02395087335 28.46464536
-0.05728607749 0.01097497937 36.0322733
-0.03669644688 0.004954662747 32.21461976
-0.001730730747 0.009939901578 20.87280497
0.002085892462 -0.001298208996 22.32583182
0.3524400453 -0.02171184331 -86.280034
0.02498240655 -0.01025271258 23.95106608
-0.001633227208 -0.004203000729 32.00533129
-0.01934876675 -0.003800674049 38.82700118
-0.02811252966 0.004458348463 40.54302534
-0.0290203884 0.002648561241 41.32807533
-0.03774760403 0.01286170478 43.02574635
-0.03036152666 0.01496337046 38.64910519
-0.03955137871 0.02619661513 40.52378298
-0.04696083722 0.0130804455 47.37126547
-0.03817647693 0.0001519025641 45.39781088
-0.02673620601 0.002013652867 38.71264317
-0.03051590955 0.01283031908 38.66576106
-0.04225599299 0.02017781376 43.95168401
-0.04030251335 0.03378377674 39.50014413
0.003642623299 0.1415717862 -13.39795814
-0.01298526827 0.1635112967 -7.623652161
-0.02635995767 0.1686828596 0.4261041649
-0.0151956766 0.1889419421 -12.56784499
-0.01410890585 0.2924061273 -37.11174435
0.04822721606 0.2228911867 -69.02068455
0.09342591105 0.1294017527 -82.38169607
0.03770849893 0.05599807515 -20.60644619
0.01078278041 0.06731426681 -1.218787954
-0.010864349 0.03948696777 23.17138326
-0.04854209583 0.04244597145 54.73353772
-0.04410465008 0.09448303366 37.82271006
-0.06415420232 0.07940210376 59.75670095
-0.04623610718 0.07962437496 43.30403674
-0.04057605437 0.1021138189 32.7455144
-0.007775845024 0.1381575188 -6.965642983
-0.03640523797 0.1675468719 15.0312087
-0.02407438741 0.1830340318 -1.058586882
-0.01248258929 0.1975636744 -16.52639357
0.004644588377 0.1633109165 -26.76837508
0.001284110454 0.199741747 -31.57714813
0.002577119126 0.2108366932 -35.23664925
-0.0248981473 0.1310889718 13.84826273
-0.03167662941 0.1922343241 6.640785891
-0.03209667283 0.1731514909 11.48354408
-0.03065603052 0.04712395766 38.11723935
-0.03169801548 0.3267957334 -14.27347291
-0.06575952339 0.3024106069 31.94492531
-0.08068496532 0.4094222973 -83.52101854
0.1001835861 0.3204500792 -66.62547099
0.0278802314 0.1948147799 -30.50998591
0.08403957981 0.1267146492 -17.83680605
0.0801348473 0.03612054564 5.584553303
0.0326290928 0.0610466347 4.320499184
0.04625299645 0.02521606897 11.15760143
0.02803299927 0.01408668681 17.05471459
0.02182058327 0.02623888885 15.01070149
0.000817323662 0.02617563579 19.01587402
-0.02567433243 0.03084306105 23.74078821
-0.04584260267 0.05286343616 22.94386585
-0.03932554589 0.01446553032 29.91946716
-0.01950377246 0.05174273968 15.53613092
0.03599284986 -0.003144764262 12.43542592
0.1123404675 0.04338090681 -19.49745075
0.01254804751 -0.0002196562849 25.82058145
-0.0006391732827 -0.009450936819 32.78109567
-0.01076179652 -0.008109247479 36.36520685
-0.01848311421 0.004524310958 36.31427752
-0.02360307225 0.01838994009 35.05400914
-0.01196170072 0.05497503977 20.66901157
-0.01550787385 0.2183126094 -18.63128411
-0.03373033022 0.1179509119 15.56251855
-0.01675420213 0.2860690277 -35.12201415
-0.01293418504 0.2709712171 -33.16419087
-0.00711096556 0.3174717867 -47.98150662
-0.0009526592141 0.3185179123 -51.8034717
-0.0106873238 0.3347317576 -49.96234606
-0.008018645609 0.3411573579 -53.31016112
-0.008508095502 0.2915015144 -40.29503218
-0.01793584794 0.2736657271 -29.660839
-0.01907759089 0.2770469495 -29.71153943
-0.02603624313 0.2773027421 -24.92077313
-0.01265064508 0.3095309776 -42.729133
-0.007293335085 0.2966666314 -43.58019971
-0.02080177588 0.3152533099 -37.78470569
0 0 -1
0.003012189645 0.05665208332 7.236625087
-0.02068359951 0.1147864421 13.18273117
0 0 -1
-0.02918533903 0.2453658477 -11.44976758
0.002058913191 0.3546907524 -66.24749947
-0.009541467939 0.3406560939 -51.82784652
-0.03256126085 0.1051180291 24.20700894
-0.02445378088 0.1391908837 9.503661737
-0.02011421973 0.1276286804 8.448210917
-0.02165413243 0.1272680175 10.28806001
-0.0182476791 0.1156854172 8.851632278
-0.01061556142 0.1103362949 1.437174176
0.02017559041 0.155799945 -42.25878338
0.006006691838 0.1882302193 -34.21169251
-0.03337418194 0.1923916371 8.84981232
-0.03811041196 0.1901758633 14.50005566
-0.03785743278 0.179456619 16.8204873
0.1618938447 0.09202727139 -177.2806155
-0.05424344177 0.3254277117 12.39341389
-0.06137287614 0.3132028382 24.04853064
0 0 -1
0.02905313097 0.2456115187 -43.34814092
-0.002820145168 0.1847318519 -27.16248997
0.02927303883 0.1548178252 -20.8746795
0.05433229733 0.1120761946 -11.0726499
0.001889986526 0.06309477042 8.024106956
0.02041688552 0.05279244458 7.88073721
0.02059478599 0.05579916844 6.772287057
0.0004159289193 0.08795114772 2.750265648
-0.001906325323 0.06810849823 8.156621765
-0.01987695755 0.093303226 5.813980212
0.01248511884 0.1608835532 -19.5814433
-0.003731247747 0.1309332211 -8.277532486
0.0516972845 0.4614822899 -111.0584798
0.06775461121 0.5128707288 -129.8425696
0.05331857347 0.4038892362 -95.10776523
0.02015462625 0.3381496131 -65.54857083
0.012262561 0.3500015178 -66.16586414
0.01259191549 0.3359797814 -62.57927515
-0.001715151359 0.3235093205 -53.22652116
0.006009273685 0.3251960321 -57.12807475
0.007636506512 0.3171998646 -55.64359718
0.006749847757 0.3114555517 -53.65847797
-0.003933807222 0.2921059544 -43.09882845
-0.005898223322 0.3096997781 -47.01775698
0.001732335882 0.3119200472 -51.50514273
-0.004442301657 0.312599132 -48.20791241
-0.001917012696 0.3116966631 -49.43253902
-0.005577376552 0.320810566 -49.50225312
-0.01252876841 0.3295779197 -47.58359219
-0.004027756208 0.3192582237 -50.25171787
-0.004976902392 0.3239059619 -51.00242348
-0.01042040678 0.3436696572 -52.90831402
-0.001837139859 0.3567085546 -62.43228176
-0.00208036224 0.3452503232 -59.10496162
-0.000596982366 0.3586284117 -64.57364743
-0.01458853588 0.3561572087 -52.86430055
-0.006546770787 0.3693232753 -62.80282882
-0.00218473381 0.3749978585 -68.27966285
-0.004348043813 0.3653710493 -63.56927446
0.000858046559 0.3574276586 -66.01159987
0.000509493871 0.3621263355 -66.1411099
-0.005350374934 0.3464338265 -56.70824887
-0.01238963306 0.3435314334 -49.39618357
-0.005553924236 0.3470973571 -56.92187738
-0.004861589902 1.579752014 -395.683559
0.325877918 0.002848284515 -282.2669003
0.04801670532 -0.1190132365 24.25581153
0.1181948027 0.2453729167 -141.052441
0.1154731561 0.266202264 -143.8631273
0.09945874957 0.2871867889 -132.5602578
0.1034350811 0.284876481 -136.5761565
0.08044695652 0.3090200874 -117.1575866
0.01062424295 0.3477352994 -48.22443437
0.06777156826 0.3835134712 -124.8427665
0.1192601282 0.3758831805 -182.9774913
0.1435078096 0.3476780828 -204.3353116
0.1475780803 0.3340816573 -205.6056277
-0.0863126146 -0.1885260398 76.55464997
0.06492492612 0.2657041432 -51.69165712
0.05204134054 0.4636178952 -108.8945831
0.07247558376 0.5184605178 -125.9936311
0.02265035019 0.1198943619 -9.748037138
0.0780521465 0.7973423121 -208.687244
0.07145376354 0.8752607735 -230.5402301
0.05151653609 0.7760087101 -198.726091
0.04617611851 0.4294497156 -95.84715311
0.01401786974 0.4074152308 -83.24224018
0.0157456379 0.3721764182 -73.18031727
0.003479977995 0.3593717614 -66.32063962
-0.009874753985 0.341934366 -57.44805187
0.0100176694 0.3759606509 -73.21618323
0.0127594656 0.3643641793 -70.55297807
0.01554661349 0.3442977297 -65.44024386
0.01212805461 0.3289135884 -59.80992238
0.001123045167 0.3321647166 -56.82888488
0.006445265572 0.3280910488 -57.6240093
-0.002004864544 0.3181375212 -51.38915363
-0.0009516445768 0.3324791537 -56.20336755
0.00413680463 0.3283220736 -57.19551942
6.572754274e-05 0.3060081029 -48.88865275
-0.003616602695 0.3218521364 -51.39903208
-0.00502007202 0.3136998458 -48.50668185
-0.002034823124 0.3119009282 -49.28982
-0.003949773793 0.311550498 -48.14895301
-0.001964645131 0.3136733262 -49.95162396
0.002373611556 0.3027695719 -49.45807841
-0.001927209892 0.3036367577 -47.1451159
-0.006135825704 0.3156310772 -47.74549381
-0.0213488198 0.3147079363 -37.29077714
-0.006194952086 0.329368959 -51.62701603
0.002807218469 0.3341652251 -59.60647812
-0.004340152735 0.3189263484 -49.83838211
-0.006246051381 0.3455095541 -55.95250405
-0.004920543097 0.3397509102 -55.61534498
0.009719312627 0.3359481276 -66.12104632
0.005677475229 0.3661639129 -71.51667001
-0.01261641119 0.3425436361 -49.51879369
-0.01193226524 0.353264981 -53.09522775
-0.003172468789 0.3451766363 -58.66574305
-0.01273339123 0.3336645864 -46.12391181
-0.01058495388 0.3561739645 -55.34637028
-0.001543437219 0.3299764477 -55.97434978
0.03361180476 0.3225796382 -87.83560507
0.03993707518 0.2836266397 -81.68164565
0.05622395885 0.2348922883 -84.44384893
0.2020150314 0.2010661982 -217.9132965
0.1401745028 0.2240168659 -158.4648839
0.1133502527 0.2852878898 -146.7214041
0.1085574601 0.2641472481 -135.3576385
0.1106158044 0.2799797193 -142.22058
0.055696634 0.3314478592 -95.2939246
0.08468981669 0.3515516683 -135.0297126
0.1100330509 0.3502774911 -164.4320507
0.1256796475 0.3249324517 -175.8831075
0.1281085592 0.327602171 -179.6601791
0.0193281413 0.2920390151 -46.10629134
0.2362848056 0.308757617 -69.58324938
0.006100281772 0.3701665593 -71.35140673
0.006054007465 0.3988849933 -80.49414908
0.010676468 0.3518778482 -65.53371815
0.0137419999 0.3643968887 -70.09731464
0.01026225349 0.3906251744 -77.74724349
-0.002581864062 0.3362144733 -58.04968025
0.004554435145 0.3509254477 -64.08871927
0.01683895154 0.3713330477 -73.06113096
0.007128292994 0.3474953655 -63.58781607
-0.002186855201 0.3485133145 -61.67980469
-0.02000087184 0.336315339 -52.89095195
-0.004458196669 0.3417408735 -58.9945319
0.009570997231 0.3336472392 -60.69846962
0.01476031933 0.331176814 -61.59546972
0.009586741286 0.3273184171 -58.61724572
0.01017963946 0.3300957053 -59.61677441
-0.0009323281991 0.323694741 -53.41166418
-0.002839248316 0.319207651 -51.29727995
-0.004357022898 0.3134691369 -48.82673458
0.002619060303 0.312685747 -51.73748274
-0.001373071845 0.3161589365 -51.00509756
0.005324009988 0.3080895301 -51.89491133
-0.003524802667 0.3091633343 -47.80647777
0.006903328735 0.3100418515 -53.65717209
-0.0006141150911 0.3110895356 -49.95861478
-0.0004055886085 0.3117273351 -50.16682825
2.712199625e-05 0.3095255367 -49.96010771
-0.006460930539 0.3167986733 -48.03531721
0.001464250074 0.3181719768 -53.7446316
-0.007012704764 0.3244113067 -49.72513402
-0.01542262881 0.3084688237 -38.95463783
-0.007272972572 0.3155919018 -46.73000822
-0.004701921036 0.3073677048 -45.92263771
0.04961393254 0.1097989048 -26.64525119
0.0003076959249 0.3007568037 -47.90646995
-0.001860742161 0.2882818643 -42.40503842
0.002410028463 0.3019906425 -50.10558352
0.01590513365 0.30606041 -62.56241334
0.00976856408 0.3186204525 -61.40093465
0.002656455223 0.3254157797 -57.61085513
-0.002354784857 0.3368765242 -56.69257035
-0.007882229448 0.3284423138 -48.61412363
0.00595175063 0.332539533 -63.14755302
0.02130011252 0.3288274965 -76.84685931
0.01803273682 0.2958062451 -62.99938681
0.01218979039 0.2760530378 -51.37698574
0.0251532874 0.2742422491 -64.41912824
0.2032942426 0.1470551851 -201.7794378
0.130330222 0.1991354306 -139.4360565
0.1068919997 0.2626600345 -133.7337266
0.1116800301 0.2499405138 -134.8102486
0.1061394633 0.2889141209 -141.2351999
0.09116750383 0.3092140509 -129.6010428
0.113277266 0.3123522827 -156.9681922
0.09424664225 0.3123326951 -133.1509859
0.1327717403 0.3139402762 -181.2278679
0.01946106631 0.2919551266 -46.08521081
0.02009472445 0.2943257458 -46.90318244
0.0202190543 0.324395088 -56.98207277
0.01459538763 0.3398175561 -61.72911942
0.005536113904 0.3412127626 -61.57148857
0.004456121077 0.347644771 -63.81330356
0.009843926176 0.343354071 -62.91609421
0.004875835278 0.3322674515 -58.36832043
0.01080685287 0.3297588483 -58.70535875
0.003569311072 0.337980606 -59.86529376
-0.002409239537 0.3371981836 -58.45949903
-0.005378178511 0.3423046068 -59.13875275
-9.639237784e-05 0.3205183254 -53.43560973
0.0004451288696 0.3283590567 -55.81786106
0.01177148607 0.3120371092 -53.34455125
0.005615387254 0.3206524769 -54.89300301
-0.00282231103 0.324951526 -53.23634136
-0.00577953901 0.3090296559 -46.90686294
-3.380347831e-05 0.3150690215 -51.14928183
-0.009033388006 0.3117296159 -46.408317
0.005193944243 0.3045141863 -49.98788378
0.001038066336 0.3048520563 -48.50459584
0.009790709328 0.3301556677 -61.13919024
0.007803033287 0.3273958606 -59.2297746
0.002153689498 0.3126217159 -51.48779443
0.002197572175 0.3011273063 -47.6716771
0.0001725073414 0.3234589019 -54.24676571
-0.00220135795 0.3175855823 -50.94575854
-0.004696225837 0.3176828823 -49.39277482
-0.005728224675 0.3244340827 -51.09671993
0.002521801555 0.3237202382 -56.14560349
-0.0009149297854 0.3230582852 -53.46794129
-0.01349850897 0.315693719 -42.35330748
-0.02209030268 0.33134346 -41.60917925
-0.01200467317 0.3122171734 -42.50357411
0.004512093503 0.3102824949 -54.50784411
0.003325978392 0.3104884326 -53.96801395
-0.01362640811 0.3020223219 -37.74360524
0.04042484183 0.3156723305 -86.95899785
0.008463428738 0.3172290945 -60.33560437
-0.000167539105 0.2917253459 -44.58115623
-0.006042866532 0.3055615845 -44.27115225
0.01207186764 0.3195897181 -64.7635781
0.009072489107 0.3186029566 -61.58672889
0.008588480323 0.3010148016 -55.10783585
0.004234257343 0.3015163848 -51.18725087
0 0 -1
-0.02628770074 0.2802200313 -13.71320996
0.005787912778 0.2720369143 -43.51246591
0.2512976581 0.08797752858 -234.1580211
0.210874913 0.169004315 -217.5303676
0.1371660624 0.2596076394 -166.4325016
0.09709142353 0.2642652071 -123.1183776
0.1244446335 0.2702293275 -156.2282813
0.1207700426 0.2575916093 -147.1673501
0.1054199142 0.2682746848 -133.208314
0.1197875557 0.2758893429 -152.8836716
0.148514393 0.2834596298 -190.6600956
0.01975401793 0.291272387 -45.85573848
0.02125534286 0.2897767591 -45.36385829
0.02339955853 0.3025876105 -49.97033944
0.04589079628 0.3191377461 -57.14083215
0.02276768727 0.3487236447 -65.93614065
-0.004965116565 0.3331442156 -57.7110327
-0.0009626644984 0.3201631838 -53.35100464
0.005350357884 0.3279675807 -57.04715722
0.01000845602 0.3140866402 -52.59426535
0.0001013876443 0.3193969926 -52.56464826
-0.001421252621 0.3155832459 -50.65873002
-0.01080386292 0.329181678 -53.31866944
0.008031969833 0.3410197357 -62.58367882
-0.003128280619 0.334543371 -57.05416116
-0.006260427304 0.3055304799 -45.8139953
-0.005857026355 0.2953818277 -42.44451157
-0.002341491026 0.3042283251 -46.55884425
-0.005555980192 0.2900966354 -40.60261975
-0.009445139481 0.3023492321 -43.28440875
0.001020417917 0.2981635929 -46.19663935
0.009042297249 0.2978265173 -49.64577265
0.01296392667 0.2957324166 -50.56451785
0.003088906388 0.3151186689 -52.70708576
0.004871907115 0.3155955998 -53.83433096
-0.002705374516 0.3041375684 -45.82654025
-0.003412355907 0.2808173933 -37.3470013
0.00631614619 0.3004590644 -49.67308472
-0.0003712253372 0.3109046509 -49.56467898
0.002238069852 0.3172304899 -53.3760586
-0.005952937652 0.3067123814 -44.61983304
0.0001388627715 0.3193458204 -53.09818117
-0.0008781362424 0.3111737857 -49.15684405
-0.009263313076 0.3318805288 -50.78555979
-0.01728245168 0.329139572 -44.04404475
-0.009097344998 0.3234374916 -48.25288729
-0.001196786597 0.3288746005 -56.36554957
0.01266405704 0.3382920595 -70.63087821
0.008292033579 0.3604622666 -74.74311247
0.009540471267 0.3740717202 -80.56753226
0.003644558486 0.3539912661 -68.73142632
-0.003418312188 0.3245691085 -52.80000605
0.001213825385 0.3190421852 -55.02602321
0.009236991389 0.3173500839 -61.61017112
0.009246450637 0.3151252647 -60.76004197
0.008424979618 0.3059217761 -56.83888357
-0.008334959828 0.290280123 -34.87632354
-0.01166904027 0.2985061671 -34.33016628
-0.01110311928 0.271422064 -25.93108228
0.03147278266 0.2798089955 -72.77940358
0.3357298293 0.08134571047 -321.9547691
0.2955922455 0.1758672528 -311.9113256
0.1799614655 0.2257751848 -202.3966968
0.1051396927 0.2387579091 -122.6152843
0.1079825014 0.2077781303 -115.5863315
0.1166693037 0.2136458878 -127.5966857
0.09646863534 0.2250926168 -107.9389065
0.1561356956 0.2490344509 -188.134915
0.1515617541 0.2720021896 -190.2184728
0.01905855866 0.2880332617 -44.70580026
0.02046888001 0.2851945279 -43.71162281
0.02678092817 0.2739474578 -39.9021385
0.0495303776 0.3052561818 -52.55560824
0.004892967218 0.3438077766 -62.5403616
0.00170841957 0.3328318365 -58.51995306
-0.001664685039 0.306096979 -48.04651742
0.008664544896 0.2950309426 -45.66381245
0.02019435206 0.2882664545 -45.24070362
0.004692917101 0.2975242854 -45.66960742
-0.004681764122 0.2769422277 -36.22192344
0.0002772604871 0.2863603762 -40.88278922
0.002178138846 0.3046628786 -48.00422574
0.005114376147 0.3047128575 -48.73931929
-0.001196202324 0.3115774564 -49.44837002
-0.0080948371 0.2966672706 -42.00067525
-0.01009043273 0.2837420028 -36.61082049
-0.005993840539 0.2817737858 -37.45182463
-0.01387332355 0.2840335799 -35.04743149
-0.001248216264 0.2620747606 -32.27745892
0.01709239296 0.3141832655 -58.85507899
0.006150926977 0.3172278254 -54.92418712
-0.006186231826 0.3080334419 -45.66036176
0.002027157189 0.2901803816 -43.41004067
-0.005803121562 0.2792757723 -35.39345791
0.01292966743 0.2722006556 -43.1440689
0.001888258314 0.2955660691 -45.37843234
-0.004643326418 0.2845438957 -37.58213944
-0.008409641042 0.2759532765 -32.11523187
-0.00458332571 0.2680436707 -31.68434259
0.00754120621 0.3067590844 -53.38716369
-0.005425081029 0.2875947998 -37.64087447
-0.003350060237 0.3066613139 -46.06921905
-0.005208090401 0.3064664104 -44.86890773
0.0305912714 0.3155202107 -74.54363578
0.006617788875 0.3590032283 -72.65673823
0.01154038952 0.3756604542 -82.43317113
-0.005232213636 0.3691664623 -66.89107911
-0.01059395762 0.3357449676 -50.14500043
-0.01813581946 0.3284375397 -41.32878665
-0.006782569223 0.3080471369 -43.93022738
-0.0005036652681 0.3053881796 -48.54224015
0.003391686356 0.2995115801 -49.86751765
0.004196449392 0.2952547116 -49.09878571
-0.0002176754858 0.290353273 -43.02068409
-0.006449055419 0.2547517426 -24.20568321
-0.01275024615 0.2723703715 -24.40225741
-0.00362923471 0.2797654652 -36.35409999
0.01537947179 0.2678038547 -51.69067733
0.3390139403 0.1339217459 -344.1831523
0.344121965 0.1756716829 -364.6804683
0.2137304835 0.2566287402 -250.3556179
0.1212892548 0.21146454 -131.7904545
0.1040675441 0.1836651608 -102.3590584
0.1048783888 0.1962652758 -107.4003064
0.1127559716 0.1933271969 -116.0449544
0.1659177006 0.2241917169 -191.240396
0.1656820472 0.2232042224 -190.6076803
