0.0473853451 0.009255196418 44.90948879
0.04829514119 0.0102304403 44.85866216
0.05669253561 0.005927077673 44.44416528
0.05288102948 -0.003757995683 45.70777345
0.00512969007 -0.02959340769 49.655208
-0.01334765901 -0.03660445508 51.77224844
0.08505181119 -0.3970212129 38.6695059
0.04587980241 -0.2863602107 43.49355657
-0.03452900815 0.02155229596 20.89388405
-0.01956459264 -0.0004139761505 18.88240988
-0.00768063026 0.009147438326 16.05727072
0.006241237262 0.01877550742 12.83134689
0.005565318071 0.04373247455 12.6756472
-0.01094512623 0.03769419306 17.3458737
-0.03418076109 0.01473636895 25.01009972
-0.06953110541 0.04120493465 35.38843931
-0.01159030687 0.02081067891 15.51338363
-0.01922311876 -0.005862137467 18.99850064
-0.05245419308 -0.002521361909 31.95379159
-0.05749357107 -0.001053519498 33.39423458
-0.0144781651 -0.008154715309 15.14622783
-0.004388358223 -0.01701667678 10.75823582
-0.006466666012 0.006595590342 11.29855067
0.004072482231 0.01408392656 6.026970953
0.00210217396 0.01345485575 7.008299471
-0.003671289818 0.02765655966 9.885804658
0.01089918408 0.005900256494 2.165510164
0.01120263658 0.01129986115 2.258608592
0.007215684103 0.004613724882 4.826916829
0.01224694827 -0.002153042724 1.781576289
0.005550122834 0.006064869028 5.809312026
-0.01329910902 0.008973730634 18.21971381
0.0004003739075 0.02192752451 8.593861322
0.0004722848562 0.01712796731 8.725440204
0.007236341256 0.01057226097 3.977843304
0.02917194554 -0.01032160579 14.69608929
-0.0384434248 0.003582154979 67.62588833
-0.0541048716 -0.007211794277 80.45180693
-0.02948117575 0.01657831722 59.03540238
-0.00980800191 0.0101089645 42.77563749
-0.004443263937 0.003767431333 38.40730026
0.0003962195961 0.01222133691 34.0841191
-0.01824145761 0.008535533581 51.0752144
-0.02852623835 0.0003886172405 60.56953235
-0.01356567702 -0.008733738113 46.72478183
-0.01125439691 -0.04562443505 45.04553728
0.007974930675 -0.0768113003 26.28088681
0.02498885892 -0.07544410835 8.908153223
0.04034988556 -0.05810814613 -7.302373503
0.02804666974 -0.0399237193 5.599997989
0.04163085632 -0.02690007682 -9.152591035
0.09169895898 -0.05583092284 -63.87549221
0.09588705386 -0.09772878573 -67.2666383
0.02705487769 -0.09312488134 12.04167553
-0.02187638607 -0.07400008597 68.21178093
0.02232861983 -0.005535802365 13.52999525
0.06664376806 -0.01179668914 -39.54907245
0.06711247788 -0.03036539925 -39.70895691
0.04893008019 0.007882496141 44.93420039
0.05083111526 0.007443895523 44.90290468
0.04848581842 -0.005924567167 45.75076115
0.02370700332 -0.02648261123 48.120619
0.07606752322 -0.7877719596 59.85893359
0.01257835693 -0.04065291634 39.48643825
0.03964060203 -0.04624015966 35.74175121
-0.05032103134 0.01248042448 24.81074639
-0.05941947874 0.01356361851 26.39545979
-0.03951029715 0.01380160225 22.64678018
-0.01453782857 0.006245866571 17.57965916
0.01389754173 0.003806769943 11.44946197
0.0150177567 0.0201102258 10.58702614
-0.005258360811 0.01024837777 16.25012165
-0.0259488625 0.002875316239 22.78033397
-0.05494343764 0.01758049612 31.58953298
-0.03989724119 0.020863218 25.64705818
-0.03338985373 0.002490238826 24.05002166
-0.04225464663 0.003995125716 27.65475619
-0.0452295791 0.002494989717 27.61238721
-0.0165926364 -0.005315826574 15.75813613
-0.002697914181 -0.004422805363 9.620234601
0.004015511686 0.002752365974 6.399694348
0.007552975816 0.01408256644 4.384063748
-0.0009426167156 0.004600008508 8.748254051
0.0133410922 0.001421938007 1.270134083
0.0195229487 0.007614135083 -2.595003754
0.006022434531 -0.01192537925 6.187500947
0.007541206099 0.007323612143 4.400055739
0.01894364958 0.006384691839 -2.783008283
0.007926763045 0.003668654197 4.718504185
-0.004155772456 0.005917441376 12.21965682
-0.0006098923431 0.009307806001 9.50452244
0.009064311644 0.009318841194 2.668082994
-0.001357887242 0.0009261467915 10.70779422
0.02369720002 -0.002912458557 18.69347521
0.007599650609 -0.0009412224006 31.48711767
-0.05676599741 0.004059654 82.24906414
-0.03159307354 -0.03205077453 62.3536477
-0.01499890627 -0.01991166879 48.20924706
0.001248069647 -0.01113322699 34.02713521
-0.004766858475 -0.009032605262 39.29791029
-0.02217074584 -0.01135708192 55.29977159
-0.01932198274 -0.00741612421 52.26668691
0.0288337303 -0.004894841694 -20.84095141
0.01762156526 -0.007925849622 -10.01068944
0.01304490814 0.001121739769 -5.960195018
0.03768074578 0.02950923224 -32.19032454
0.04388371762 0.0127961766 -37.96499
0.04574369007 -0.02423156893 -13.39509053
0.03765284732 -0.01726610642 -4.811081484
0.06920227718 -0.025923767 -39.49828065
0.08817682056 -0.05636215128 -59.80529758
0.04490738455 -0.05795412811 -9.979377772
-0.0059476623 -0.04018198651 48.29228494
0.009803282514 -0.02663638984 28.86096438
0.06619309475 -0.03306758379 -38.53075318
0.08701851891 -0.03188886823 -63.82973445
0.0428879181 0.005024741799 45.12697393
0.04138913558 -0.01076748805 46.01171979
0.03392820355 -0.003293050476 45.65063891
0.01970216531 -0.02268721882 48.8339641
0.01873289004 -0.01479945654 37.9529186
0.03374440674 0.01683724479 34.52350199
0.04014314186 -0.008597994517 34.38150045
-0.04998262299 0.003748729244 25.33070309
-0.04127338749 -0.02666359558 24.71455129
-0.01257652914 -0.01695155712 18.56486262
0.0009470622708 -0.002239340199 14.89785658
0.0006625666165 0.000597698991 14.9662037
0.007199454219 -0.004421770529 13.38248018
-0.002242959376 -0.001874152011 15.83825271
-0.01803528694 0.005682071333 20.15960329
-0.05005538703 0.01692265185 30.09259515
-0.04373107163 0.03461346451 26.38219908
-0.03629362299 0.0189853637 24.37573987
-0.05023351325 -0.0003382332981 31.05842335
-0.06567866587 0.01804157976 35.76630824
-0.007406315714 0.005769089539 11.22123526
0.003945438346 0.003644361419 6.253763012
0.01183546915 -0.008751282528 3.219836272
-0.005684514996 -0.002325394304 11.74959118
-0.0006389464737 -0.004389824622 9.300960578
-0.001824245196 -0.01285265114 10.00490325
0.03089340247 -0.005372439068 -8.614299885
0.01270104449 0.006001948773 1.469312788
0.01117440684 0.008627422765 1.947807422
0.04227709391 0.0245217166 -18.47640534
-0.004493304703 0.05243467044 10.0534983
-0.01193126829 0.008217912182 17.512372
-0.001095356182 0.00611666841 10.13482723
-0.002480832384 -0.0007366583358 11.41271499
0.006775995656 0.002258445483 4.454138989
0.01708612452 0.003082136631 23.58137793
0.006999871842 0.002760264262 31.60042606
-0.06294785233 0.01181157768 86.48539975
-0.01736595453 -0.07048525659 51.65798212
-0.01023867822 -0.06170875368 45.38157312
-0.004368244655 -0.03352842347 39.51371959
-0.003769799362 -0.04015030254 39.24287227
-0.001148096861 -0.03004364818 36.35896168
0.02665413261 -0.02003564731 9.665160455
0.04204204498 -0.009248838642 -33.58283211
0.02142547879 0.001141395183 -14.21855772
0.01903559262 0.002788868765 -12.11319413
0.03489113111 0.009582499122 -28.75315967
0.0332364505 0.001985090688 -26.48703827
1.374143433 -0.06800710359 -1441.151378
0.05408681556 -0.02637461786 -22.4068544
0.05104312931 -0.01056126597 -20.13690075
0.06819932369 0.00114793134 -39.82651513
0.03338328593 0.01478172709 -0.6810893181
-0.004781600674 -0.01833140825 46.11364001
0.004471397566 -0.02049814588 35.06137254
0.03489195355 -0.03290469071 -0.9692477026
0.08561139946 -0.04396699739 -61.57851522
0.0428879181 0.005024741799 45.12697393
-0.01382632527 0.0914862044 1.69515442
0.05369486233 0.02541072289 42.7172722
-0.00625580011 0.01718411146 47.8356731
-0.01616055297 0.0004436748862 49.85973461
0.02880333849 0.07961811774 0.27322872
0.02022128017 0.09464265117 -0.1615557246
0.04850202492 0.05265124419 -0.8305669442
0.04724802862 -0.02571529018 6.873417286
0.02664535184 -0.03320258079 11.72221185
0.01081165703 -0.012221861 13.42904839
0.007217963013 0.01098165531 12.59560289
-0.005653041976 0.00298480448 16.30155626
0.00131132489 -0.00880788679 15.13502135
-0.009058559144 -0.0005890811241 17.62982073
-0.02227200424 0.005509444851 21.46067902
-0.04173560256 0.01923180303 27.16348359
-0.0585409924 0.01740879042 33.59658971
-0.043093759 0.03431227419 25.9383835
-0.07549188567 0.03394707423 39.00259619
-0.02754242176 0.02229992401 18.95693942
-0.00818433731 -0.007164370491 12.70639521
-0.0003488135256 -0.01230477255 9.433089017
-0.0009944191254 -0.01946303669 10.4724962
-0.009323824634 -0.0231997818 14.91292854
0.009749402752 -0.01350233234 3.633204431
0.03805628906 -0.0136326606 -12.47143828
0.01657426368 -0.01272548653 0.6650073215
0.02645555077 -0.002109215163 -6.53773985
0.07938182947 0.0321793025 -42.28281875
0.01746354642 0.06732227101 -3.957622656
-0.05238000221 0.06936513393 41.20168004
-0.007520881736 -0.001830460777 14.92717602
0.005512887554 -0.001308261597 5.665314121
0.0148689026 0.004815942909 -1.660216321
0.01418473299 -0.0006178714215 26.05303328
0.01784170468 0.01212110212 22.23937388
0.00553335401 0.01405976502 31.93325614
0.02909890807 0.001763399571 -20.31312743
0.0275915307 0.005081213086 -19.58993208
0.0257397768 -0.02945082826 -15.01466149
0 0 -1
0.01404458205 0.01611832825 -8.453454298
-0.01733990943 -0.008350586587 50.4887369
0.02849585776 0.007133776609 -21.43279733
0.01287525548 0.005936712323 -6.264011422
0.01423696174 0.01507510196 -8.156957396
0.04535009242 0.03258782291 -41.53471564
0.04804682923 0.02585568016 -43.53721416
0.07612204063 -0.02457738528 -68.62875107
0.09180282967 -0.008540277011 -64.87509094
0.07955936842 -0.01146747837 -51.22015418
0.08698133727 0.03444502222 -62.01693249
0.009004096436 0.02917853385 26.84669571
-0.007068249279 0.01267229688 46.96961501
-0.0008891154966 -0.01441211981 41.31505057
0.02985972469 -0.04035745335 5.963168475
0.04890640699 -0.05187923414 -16.26896818
0.009012893232 0.0809773466 2.366317802
0.002721025524 0.09008800717 1.562046985
0.022754776 0.07448245129 1.776631252
0.001765998468 0.04229903884 7.102277958
0.005257108603 0.03652961619 7.591429421
0.01620964794 0.06588066419 3.628298886
0.006487165126 0.06271818573 4.889583982
0.03486667295 0.02912427286 3.745382914
0.04464295152 -0.01189128819 5.670168119
0.03042201045 -0.03297362022 10.52349105
0.03775414797 -0.03317604074 8.685614586
0.01059147482 -0.002764910921 12.4294656
-0.007417046645 0.001988970191 16.9573403
-0.002509623933 0.006745783553 14.96495624
-0.01127405276 0.00208256755 18.06163483
-0.01494175313 -0.0001970064118 19.67975667
-0.03366997347 0.004565261978 25.75253545
-0.0493728104 0.0187610275 29.86049054
-0.03783202138 0.02306241868 24.66482444
-0.04821699441 0.03216174134 28.3102122
-0.04923358584 0.0125342469 29.59652927
-0.04098138468 -0.007374710447 28.0354001
-0.006318040696 -0.01790287673 12.90335838
-0.005496528064 -0.02217944536 13.00460372
-0.00377935839 -0.02611084672 12.46278259
0.004052406344 -0.01327890996 6.924079192
0.02432056049 -0.03120828961 -2.886774227
0.02053314211 -0.06381375095 2.27740314
0.08767724902 -0.006447973247 -44.45282398
0.1104900626 -0.005629047698 -58.60311233
0.05046657995 0.0236022405 -21.99616732
0.0450504547 0.02582458386 -19.29226935
0.004140975829 -0.01390812309 7.838008715
0.006713172764 -0.01752859437 6.314521609
0.02355637894 -0.01806764822 -5.954997564
0.02068291146 -0.003686485339 21.30235383
0.02520032983 0.01259678094 16.50137433
0.09139463693 0.03702292909 -39.51541198
0.0202023102 0.003219478401 -12.72716946
0 0 -1
0.03406151397 -0.004377978654 -24.373441
0.01581844304 -0.009060078553 -7.885033052
0.01977200307 0.00947743503 -13.29470729
0.01985880292 0.01135255917 -13.56437905
0.01778795569 0.02006978587 -12.71041438
0.02085009994 0.01295933444 -14.63401421
0.01802574196 0.01493819934 -12.07571334
0.03198538879 0.01298181522 -26.04878915
0.06808361667 0.006229633141 -62.85776426
0.05556828954 -0.01643818566 -47.50689507
0.05218615788 -0.03213669591 -41.99823173
0.107100511 0.02478258191 -84.52893205
0.05491378076 0.006119525324 -23.27912861
0.001978321375 0.01580571547 36.40487177
-0.01472695113 0.01844484422 55.81839317
-0.03587454902 0.01381247415 81.02520399
0.004446106953 -0.01437434773 34.30843382
0.03631371721 -0.01767348326 -3.836310716
0.01287946308 0.07829666921 2.628215069
0.01395183209 0.07165983671 3.386766127
0.01018564523 0.07510156738 2.91468842
0.008853306186 0.06553269362 4.371033543
0.009729905621 0.06086062854 5.045109099
-0.002436428263 0.03861949257 9.094771923
-0.002900047168 0.04591557616 8.300773822
-0.01410787543 0.02718673793 12.05627005
0.002470546593 -0.006139252178 12.96406499
0.01111625714 -0.02204969622 12.75073385
0.04358658761 -0.01598505915 5.6506349
0.01644413488 -0.00755734833 11.54476426
0.001501828087 -0.006090515535 15.43242688
-0.005900126008 -0.004786615638 16.96542876
-0.01270105212 -0.0140903476 20.31455261
-0.01469816252 -0.007850043818 20.04620154
-0.0279112198 -0.01604430696 25.77930338
-0.056522764 -0.006471536214 35.04550091
-0.04915189642 -0.004589882803 32.10483215
-0.0740364671 -0.03048841786 45.73143097
-0.07766636677 -0.01895742866 44.46210744
-0.04124915249 -0.05734467483 33.38180377
0.006784237201 -0.05205787952 9.940900713
-0.02803881454 -0.03432465351 25.60860666
-0.021170127 -0.07369928649 26.85020589
0.002658455331 -0.06510405828 13.45896393
-0.001010800615 -0.07279164833 16.413199
-0.00856903352 -0.07283986464 20.48136179
0.05926064434 -0.06221532604 -22.23711217
0.1289385409 -0.07583693585 -62.92891677
0.05999540256 -0.01207191238 -24.85102161
0.03102883404 0.002136963336 -7.37567033
-0.01420449764 -0.04131645958 23.98403114
-0.01865282099 -0.1082024637 33.95756881
0.03004094184 -0.05963322904 -6.180858571
0.03068031027 0.00511745119 12.61459066
0.03041439827 0.009884553092 12.54144316
0 0 -1
0.03410267642 8.444534316e-05 -24.19669536
0.02114937928 0.01170737896 -14.97864351
0.02106240659 0.007476879601 -14.18008635
0.0227810798 0.009671265938 -16.04197645
0.0313054199 0.03000407872 -26.43385026
0.004044044912 -0.004475566285 30.71325184
0.02571171803 0.008878416364 -18.84405959
0.02171558252 0.004167040655 -14.36223686
0.0219100348 0.0190666929 -16.49103928
0.03450514522 0.02217219883 -29.92511722
0.06425746989 0.01727339229 -60.2225523
0.02055736192 0.01249666299 -12.89376473
0.01199955503 -0.016956525 -0.1668572074
0.08324601958 0.03463258601 -58.38955365
0.03471286767 -0.005325160445 1.058648358
0.00794388741 0.004044271301 30.58115493
-0.01727962796 -0.004736068278 61.00546768
-0.0128244512 -0.02210927298 57.62905331
-0.01030049203 -0.003890351951 51.93934406
0.008957425434 -0.007918260889 28.86720372
0.0006581475675 -0.04469106773 35.22268903
0.004596597155 -0.04142997961 34.61934653
-0.006866415792 0.06505478621 5.323486527
0.000418493121 0.05540336328 6.592141978
0.008044506213 0.0410093719 7.814684223
-0.009806187226 0.01562160811 13.40566382
-0.03528331323 0.008110408069 17.91202613
-0.02837571195 0.01397188457 15.85244517
-0.009773980545 0.008871450141 13.28085118
0.02574974872 0.03038057628 2.724150114
0.06169437662 0.02208790574 -3.393513476
0.05313340136 0.03105803896 -2.583717047
0.001972228591 0.0311915124 10.95076838
-0.03533976047 0.01676952357 22.66447723
-0.01575201902 -0.003271592103 19.97006462
-0.01993014258 -0.002395477514 21.22186597
-0.03094537452 -0.01312582975 26.4121745
-0.06315616974 -0.01001738881 37.95782857
-0.05852058607 -0.02415186151 38.55240849
-0.09441414709 -0.03138452664 54.57913567
-0.08029311751 -0.01122136675 44.32200687
-0.06191593243 -0.004329191947 35.14993549
-0.0003648715498 0.005387185487 5.321665411
-0.06864139793 -0.03035005557 44.16341874
-0.04604800568 -0.03428045908 33.63183726
-0.02323457642 -0.0618157732 25.6640329
0.01428788247 -0.08779181982 8.388672606
0.02078164397 -0.08003075883 3.960923422
0.05652874289 -0.08146318781 -18.00481883
0.1053515023 -0.1115910609 -43.87161699
-0.1889377518 -0.002002809797 130.6157323
0.02895938159 -0.0122653722 -4.271282854
0.06117273971 0.02509016379 -42.09546621
0.01502336554 0.09337966406 -19.66505219
0.03023249746 0.1390250707 -37.55207824
0.03046470964 0.1483779002 -39.00060719
0.0292268036 0.004465318669 13.9684237
0.02156881888 0.007204009942 19.70671457
0.01268280662 0.01460829773 -7.911530229
0.02295063574 0.01262810472 -16.60767681
0.01876799189 0.01098132658 -12.82165915
0.02350032031 0.01343462475 -17.39076193
-0.02121793811 0.04892083041 18.86897227
0.02739834584 -0.005322738954 8.982941181
0.02656373543 0.01413061628 -20.43525671
0.03235094383 0.0382803969 -29.54685327
0.03424243766 0.05445249872 -33.39765942
0.02780422631 0.04992757174 -26.53756375
0.05662527962 0.02781627133 -53.37718661
0.01934487759 0.01354029327 -12.09402619
0.01569622006 0.003967353344 -7.383562556
-0.0070538581 0.01118714327 16.73709432
0.01673883487 -0.01207964592 22.36585538
0.007520469086 -0.01162673936 32.8428742
-0.01934796254 -0.01402159672 64.4637267
-0.03165073943 -0.01402772838 78.82711488
-0.008413827159 -0.004476388704 49.36039999
0.03212476807 -0.003439768 0.005067350767
-0.005371708035 -0.04915337368 36.01371735
-0.01324730701 -0.06209666904 38.34342558
-0.01428061255 0.03080522963 10.44321643
-0.005928775294 0.02231418016 11.72020701
0.002209239537 0.007026702562 13.04087142
-0.006109295383 -0.000586324317 15.21103069
-0.01795588469 0.007764361292 15.2461942
-0.02650052584 0.0133617693 15.55292194
0.002427911987 0.04534220474 5.343812868
0.01610364833 0.08151779263 -2.826003875
0.06360488718 0.04185609536 -6.741032954
0.05170341235 0.03644652706 -2.354864185
-0.02178200452 0.028944909 17.64025376
-0.05816513333 0.008279742979 30.81462989
-0.03016581621 -0.01019418929 25.31239581
-0.02607024529 -0.01914947621 25.63390977
-0.05206640232 -0.04520247782 38.74805198
-0.05549218463 -0.05174454684 41.44911582
-0.05471841733 -0.04314568874 39.66061216
-0.07782387302 -0.01928969622 44.74353408
-0.06229875634 0.00907960567 33.118689
-0.0278319784 0.03377248273 13.89432893
-0.06097425082 -0.003696239938 37.28374606
-0.05375876315 -0.01491420725 34.32251069
-0.03878552494 0.01952110734 21.26335138
-0.04308648243 0.006345939965 26.03388121
-0.03959346734 -0.02261876415 28.78831762
0.03650837147 -0.08952048893 -4.602207456
0.09407288442 -0.02825239452 -49.68149784
0.08621912887 -0.02258134249 -45.120165
-0.04588677026 0.09733092469 21.20832509
0.001463292664 0.08634139559 -10.28138641
-0.01115542281 0.0781434884 0.995222715
0.0403575785 0.1361618043 -44.79266689
0.03685452395 0.1629812718 -46.08859886
0.03039526108 0.1517750397 -39.44987549
0.02571200962 0.0001635236306 17.52203976
0.01256207176 0.004685763171 27.20498934
-0.005044266023 0.07017105501 5.811852709
0.002667356423 0.03262198801 6.088501469
0.01551601389 0.03544531052 -13.54502313
0.03835789906 0.04567523676 -35.02286181
-0.004573791813 0.06045715291 2.035675399
0.01902911338 0.05715089589 -19.49320762
0.03236492774 0.04157160242 -29.72714172
0.03768222219 0.05581462718 -37.17677432
0.02725986833 0.04177334718 -24.36300146
0.01617321987 0.06330428326 -16.84431789
0.02736079875 0.05141849728 -26.44233372
0.01794830015 0.06751066016 -19.21367047
-0.003288616011 0.04918188811 6.556331471
-0.003254295816 0.07211358077 2.979854376
0.01122637378 -0.01576445505 29.06351115
0.003248551762 -0.0172717426 38.4909573
-0.007299081023 -0.0129757064 50.09633029
-0.02386791984 0.003235779436 66.83172124
0.02656832767 -0.006228245318 7.120470117
0.03577302647 -0.007622941381 -3.952843746
0.02301203067 0.005628257832 14.08578792
-0.01633629721 -0.05542802307 37.33180616
-0.00642559917 0.03818056594 8.490915835
-0.01063281112 0.02851079238 10.47570919
-0.0170201415 0.02995815683 10.88717287
-0.008577854884 0.01114527938 13.41146937
0.007317828329 0.04153474017 5.651661929
0.02883405901 0.09245728351 -6.656634532
0.01742758063 0.08535749193 -3.105121955
0.006525603637 0.07205463296 1.354154019
0.02955053558 0.07081972965 -4.013576235
0.004368101001 0.02847457971 10.41214133
-0.02329416166 0.007606876072 21.64884891
-0.07468467789 0.02166829774 33.30750905
-0.05036750472 0.004596324895 28.58385917
-0.03757646966 -0.003301253295 26.16640699
-0.06636142596 -0.04236329288 43.08872828
-0.07947218314 -0.05124921711 49.72449048
-0.03309859316 0.006563200397 21.74718729
-0.03768452344 0.05611992084 14.69332868
-0.03554789014 0.03404362682 17.68480725
-0.02137481498 0.08448060506 2.751428921
0.001723546926 0.07889120573 -7.997390674
-0.04559542249 0.04588617543 19.87257607
-0.04995691062 0.1012832036 13.1824596
-0.04853746797 0.07485230249 16.94727598
-0.01522307972 0.08357726065 -3.577525982
0.01858550164 0.2479468117 -53.3432891
0.09563871713 0.071499331 -67.4505682
0.1473076124 0.07414249474 -100.1026846
0.1068692847 0.1204589348 -81.9122082
-0.1219892262 0.006517501552 92.93491846
-0.03392499356 0.1318387065 7.847132486
0.04240860499 0.1635477409 -51.26267674
0.04677771102 0.1607244718 -53.14859722
0.03229668323 0.1579038505 -41.91179576
0.04440137888 0.001816419864 2.456880117
0.009269827366 0.009110303839 29.12560034
-0.0006072098156 0.0497086433 5.963224496
0.003987581737 0.02781690377 5.609239269
-0.00903717577 0.01394896491 19.67334845
-0.0626081834 0.1396676982 42.06423177
0 0 -1
0.03507761757 -0.01586207707 3.543184171
0.04833906051 0.1045586769 -56.31705459
0.04682502144 0.09534521889 -53.24215858
0.01247324221 0.1029100235 -20.65996758
0.04664264621 0.1239598646 -58.8160835
0.04341418967 0.11810985 -54.63942862
0.01977002508 0.1134774216 -28.90422131
0.0253265349 0.1286632731 -38.52036488
0.02642289883 0.174255582 -47.62156711
-0.001873434177 -0.0086686105 42.40138364
0.008543086057 -0.007347062067 30.4714793
1.037794681 -0.01347771948 -1189.183644
-0.03435060414 0.01101225057 78.1687579
-0.01569815745 0.006472543439 56.35954209
0.02098650903 -0.0004648547593 12.91049182
0.02128127423 0.003246260212 14.55136327
0.01724328058 0.005043517386 14.54678762
-0.004484705153 0.0145421924 13.2989232
-0.003254457597 0.02526933902 11.02336788
-0.03109547981 0.01766040373 14.73565585
0.006742921964 0.02529920413 8.726218316
0.04357466852 0.06863144597 -4.096490436
0.013449874 0.05991952473 2.575335233
0.003695756968 0.06205907732 3.771712274
0.002664984919 0.06644075036 3.00181123
0.0192388998 0.06909298468 -1.057166095
-0.02638158065 0.03144389657 17.59946472
-0.03231255615 0.0210234947 21.29463682
-0.07240119819 0.01546094569 33.67430167
-0.05443046517 0.01884415236 27.32074179
-0.0005490403092 0.09923542588 10.80960055
0.02010541945 0.08333009484 6.454321957
0.02173747464 0.06804714998 9.68710004
-0.001207276814 0.03751683243 25.0760007
-0.1066943985 0.05203290258 65.46739776
0.005082356235 0.3104898059 -45.82573594
-0.03041246866 0.1101541182 10.96864195
-0.07506379064 0.05828266853 43.03477496
-0.04537428626 0.1450391432 2.427288001
-0.01107305828 0.2186225135 -30.6827879
0.01054040805 0.3295341954 -65.10390086
0.02401322709 0.3350861807 -73.75499195
0.01396704123 0.3281062477 -66.58147542
0.04523189064 0.2883262838 -77.7323604
0.08060132982 0.2138612453 -84.50671481
0.07754843089 0.1609614345 -71.66705637
0.01700097816 0.1993876492 -39.81631285
0.02316118744 0.2098973983 -47.15890073
0.04497179767 0.2120718441 -62.94582964
0.04429745385 0.1972463832 -59.25212418
0.03309937792 0.1841153334 -47.87544088
0.05334176056 -0.01137064988 -1.975004585
0.02592377215 0.009246777821 15.65224024
-0.01439441798 0.06174212764 14.93986677
0.007165106251 0.05064414202 -1.334514306
-0.007958639461 0.07415372921 7.20016627
-0.008198569926 0.2712415968 -32.45314796
-0.103147306 0.2292531518 61.7614411
0.04625490587 -0.01061019492 -8.42611344
0.01827839706 0.06015879608 2.678724011
-0.06173015441 0.05561352446 82.35827867
0.03803972189 0.1837526481 -60.85350656
0.03751847021 0.1485041906 -53.84866149
0.03743934737 0.1528962709 -54.46465062
0.0331708055 0.2028678 -60.08220392
0.0374523681 0.2536862716 -74.73840115
0.02939281488 0.256224333 -66.41910161
0.002902077827 0.2305444827 -31.06233184
0.02961825087 0.2369876385 -63.48820513
0.01545213496 0.3017900944 -60.64891708
0.04943225965 0.3251230058 -106.1787988
-0.01070656111 -0.002169625909 52.10861738
0.01329341406 -0.001174166264 22.49217002
0.02165511878 -0.00514193741 16.43621056
0.01438920552 -0.00870847293 17.86643031
-0.006611892654 -0.001097403243 16.73993801
-0.009306275292 0.01386757585 13.59037073
-0.02297013766 0.02547320738 11.99604674
-0.012633501 0.02658304434 10.58409287
-0.005546110398 0.09482503764 11.70230251
0.001747362062 0.1141557529 6.936465344
0.0006760904671 0.159300134 -4.582380159
0.01662081852 0.06572005336 15.11005833
-0.06119230486 0.03466117159 38.34446255
-0.0575661864 0.02360517738 39.71084888
-0.05760194333 0.01865230931 41.00558911
-0.05978675703 0.03354012307 26.18497769
0.03388746366 0.1399420791 -9.307584219
-0.003523344006 0.1549772046 -0.478013796
0.01198752703 0.1435001474 -4.156602862
0.01976848393 0.1475660371 -7.401912784
-0.01196241983 0.1329227573 8.507725235
-0.1062691669 0.04936198593 66.1024676
-0.1584742623 0.05422707332 86.8014505
-0.1228954206 0.07701472966 61.14809417
-0.1526704699 0.05178787314 81.75629364
-0.04913380557 0.2849764725 -24.20191076
0.02582505356 0.3432213122 -76.35499226
0.007895406929 0.3386977453 -65.53821763
0.01436838017 0.3329125563 -67.90235009
0.003037943326 0.3335072294 -61.24247458
0.004406927345 0.3297783497 -61.27773271
0.01899927351 0.3222805361 -68.73476617
0.04146189401 0.2759796962 -72.74049656
0.02569599335 0.2840017648 -64.3619609
0.01982572484 0.2573950893 -54.6204964
0.02271505333 0.2937915165 -64.69214001
0.022993769 0.2860829864 -62.96248195
0.01372524464 0.2800679331 -53.96680003
0.06849469888 -0.01673314657 -12.87935397
0.0221653524 0.007788172091 19.0087445
0.03187913746 0.346587633 -84.21727105
0.03920225251 0.3477963001 -90.72806353
0.03460847056 0.3476406001 -86.89025046
0.003418408624 0.3293056096 -54.99764439
0.1141614227 0.01765144302 -77.95718964
0.0770628751 0.01436375287 -42.4876974
0.03273386726 0.07307153905 -14.51172315
0.02674124393 0.1093347224 -16.52029889
-3.037740022e-05 0.1443891149 2.135024611
0.03526054448 0.1813471236 -42.06571779
0.02228616445 0.08598487712 -8.431418568
0.0183089831 0.05164236401 3.539910937
0.03477269757 0.2830300717 -77.60008253
0.03048533331 0.3002702949 -76.59864303
0.03174085223 0.07860456749 -22.62728348
-0.01363535452 0.2532147921 -10.05027156
-0.05894551119 0.7590184959 -73.33390439
0.06571092138 0.3218093229 -125.1751175
0.08021294447 0.3465465851 -147.7960363
-0.1345199259 0.2255373104 143.318061
0.0294185024 -0.001892876016 15.66359918
-0.007453564799 0.1160203685 -3.73714119
-0.009232773466 0.09591182335 1.395233801
-0.002506082893 0.03121473663 9.038957675
-0.03797216316 0.1931574833 -6.934470727
-0.006807043703 0.1673878467 -4.966286146
-0.0198518941 0.170774944 -3.420020493
0.003502167198 0.1451213204 -0.3800341226
-0.01498151804 0.1294409293 6.636706459
-0.06387807261 0.04127184892 37.85974763
-0.08228399058 -0.001343368714 52.74065718
-0.08749142521 0.01944434582 48.22407188
-0.06996803589 0.0230510639 42.96939289
0.03983128333 0.243497782 -35.87525512
0.0160171081 0.1055468135 5.496232006
0.07982418546 0.1114189309 -15.95929535
0.008359738191 0.1347710983 1.118910091
-0.01165064016 0.1303175662 9.509162765
-0.09159903334 0.08152626083 52.84693188
-0.1517630385 0.0321693346 89.26207552
-0.1535932877 0.03454649904 89.35392864
-0.2102257309 0.05171575897 109.1379547
-0.003652585046 0.3269623492 -56.95560353
-0.001816985039 0.3387597508 -60.75446743
0.01297801701 0.3400917019 -68.53568092
0.01340339091 0.3323248528 -66.80628832
0.00633117165 0.3438882435 -65.79026134
0.009387848847 0.3374447931 -65.85442892
0.003896576078 0.3398520808 -63.12581162
0.006601565362 0.335486774 -63.80698537
0.01394932108 0.3248487954 -66.01702929
0.01800559192 0.3185299129 -67.01613273
0.02353836215 0.3173766238 -70.70130886
0.02768136137 0.3223857801 -74.86678424
0.03590463078 0.3212744656 -80.64008826
0.4655184468 0.2321763678 -383.0855643
0.09148735641 -0.009440179863 -32.88539092
0.02531174086 0.01724325688 13.82742879
0.02322265435 0.3526149419 -78.5171267
0.02808881598 0.3390264525 -79.29886199
0.04060557776 0.3184028448 -85.18375447
0.07756978242 0.3285710681 -120.306265
0.05908707016 0.2529334487 -85.04487801
0.07527235617 0.07119355249 -54.55168519
0.06645987516 0.09316641185 -51.88956036
0.06378435867 0.1059731851 -52.36131072
0.04178725282 0.1359824943 -37.46522504
0.06265783462 0.1559738698 -63.27952462
0.0764224297 0.1227858658 -68.73197108
0.09141386461 0.0393067637 -63.13745254
-0.1322246396 -0.02753155829 194.6524008
0.002016869595 0.1405737164 4.841839564
0.03023667478 0.1863703378 -37.65418013
0.02578042782 0.246124325 -47.87053652
0.07679368855 0.2011519765 -96.29743692
0.06495235755 0.1156442418 -59.43214373
-0.02109020204 0.4526427591 -42.42132199
-0.02393782555 0.4575161749 -40.31031568
-0.03997860839 0.05911047675 31.12017966
-0.01764350169 0.1039352601 -0.4252921199
-0.04007502887 0.09349619414 21.35747284
-0.04783182212 0.1517235935 5.484742353
-0.04800120568 0.09216452651 22.56881156
-0.0508527207 0.1594860262 3.404326238
-0.0297573487 0.106439694 14.82843609
-0.04379015498 0.07435565252 25.70240327
-0.08090945912 0.0285768541 44.56010795
-0.08766158872 0.0009816664146 53.18512939
-0.1199046062 -0.0275126566 67.89813412
-0.06822642979 -0.03087402829 56.30176962
0.09949133752 0.06611712627 -13.45624988
0.04786481289 0.02828178132 16.5217904
-0.002074575151 0.05048415443 25.6403605
0.007896693801 0.04800784496 23.40415698
-0.007894526871 0.05951967675 25.91979335
-0.04593089906 0.03096202764 47.4887448
-0.09478123625 0.03092623903 66.74992481
-0.1926947757 -0.005617094049 116.6348921
-0.2008106089 0.07053079877 99.57279822
-0.001984661866 0.3005028599 -50.86079736
0.0008894702404 0.3308145281 -60.26178516
0.009859665569 0.3299085164 -64.32277543
0.01407063596 0.3288465956 -66.30171437
0.01429193068 0.324283076 -65.14091347
0.007511868612 0.3291412679 -62.75189225
0.02055140413 0.3290722606 -70.37903603
-0.0007038739475 0.3200300313 -55.31573817
0.01409325359 0.3245436003 -65.81565015
0.01237252904 0.3266154962 -65.30102221
0.01609908809 0.3253479887 -67.43623025
0.02517231991 0.3111212374 -69.95931001
0.03621221574 0.3129773356 -78.32786332
0.06992574129 0.3373900111 -109.7423928
0.1034323629 0.2313983039 -105.6050984
0.0680488101 0.1879119196 -66.65966226
0.02625368433 0.0826717454 -4.384441143
-0.004685877737 0.05451061028 28.5295725
-0.03085687614 0.2061469396 9.313048961
0.008015206263 0.3317941523 -59.15344542
0.0286899314 0.3093758054 -71.61657639
0.02499446688 0.2802310237 -59.99033086
0.02108294474 0.3098255909 -64.78362814
0.02446394801 0.311256166 -68.6437368
0.05047642425 0.2195052418 -69.02147721
0.05456112931 0.1870486837 -64.67511862
0.07196920784 0.1435263053 -70.37612308
0.06772851443 0.1245454867 -60.412347
0.05262960695 0.07790838133 -31.89106055
-0.01585646202 0.179700875 14.12050021
0.02058486165 0.1914568899 -29.60437552
0.04539620815 0.1988528532 -58.47833998
0.05085900298 0.1847203378 -59.7323312
0.04630554688 0.1622450476 -48.98966377
0.05636627882 0.1444418623 -56.9893433
0.02718628272 0.1114151897 -12.55670988
0.02414126951 0.08977816182 -2.957674476
-0.0400125843 0.05910576741 31.12329258
-0.0410565751 0.06259935869 30.16039213
-0.0353583758 0.05689648396 31.67858445
-0.04241833135 0.07137033726 28.0581916
-0.05482771742 0.05236717177 34.5575684
-0.06435016765 0.08723470921 24.97837267
-0.06882922102 0.1086469977 19.93859073
-0.07537304067 0.0480405846 37.82390267
-0.09173272946 0.03473558182 44.46858033
-0.1186408335 0.02623527233 52.0665692
-0.07575048888 0.007118177335 48.44675244
0.02477546193 0.2298903143 -40.5884482
0.1173243801 0.1629304271 -45.45778432
0.1414290292 0.07491704883 -25.47125139
0.03175479703 0.03877225965 18.08185962
-0.000274235881 0.07041010665 19.17524222
-0.01905710803 0.04820872527 32.38917195
-0.06071058055 0.01544835791 57.3751775
-0.06747670607 0.0350575291 54.22175813
-0.03549641415 0.2655404848 -26.24606281
0.001255301131 0.3223633602 -58.34060147
0.01077087873 0.3208236444 -62.15977638
0.01025323715 0.3222057695 -62.36150112
0.0117199198 0.3271535652 -64.5380703
0.01371875676 0.3380374882 -68.78673481
0.01785978791 0.3273660261 -67.99247134
0.008953006682 0.3239264731 -61.98400961
0.004670374091 0.3279633731 -60.65295377
0.007774417254 0.3271563782 -62.41446051
0.02088979307 0.3159890591 -67.65314392
0.007829315646 0.3292282004 -62.92311973
0.01032216427 0.3249045819 -63.40703779
0.004016095728 0.3180314361 -57.09049061
0.01624904845 0.3145874509 -64.6680317
0.03214353975 0.3006984157 -72.1255141
0.0572825595 0.2540407152 -77.02060187
0.04945010658 0.2246503015 -62.93651315
0.02647201258 0.2098840403 -40.54841477
0.02626881058 0.2466253541 -51.11159431
0.01747652507 0.2437113048 -42.77771499
0.006306869452 0.2604320749 -37.89560229
0.019260422 0.2869087275 -56.86211905
0.02050189676 0.2891609376 -58.47386929
0.03220113826 0.2884554956 -69.45017544
0.02625083908 0.2988081941 -66.60895319
0.02579921659 0.293784537 -64.99919187
0.03438187631 0.2842022024 -70.67872985
0.03515198352 0.2588427105 -64.27128967
0.02497845668 0.2378370691 -47.60381387
0.02712554075 0.2566856045 -55.31551202
0.008994347317 0.1894809378 -16.05035341
0.04530938598 0.229910859 -67.66696519
0.04412235818 0.2064312286 -59.29141432
0.04113651228 0.1519706789 -40.31077497
0.007790454685 0.148772011 -0.7108681407
0.0230096025 0.105360265 -6.224401937
0.01865795436 0.1110956135 -2.348660451
0.003942718684 0.08218333683 23.97108645
-0.04459965207 0.06014073981 30.83017626
-0.04529415397 0.05089184207 33.74644808
-0.04041688484 0.04319414398 35.88218612
-0.04870627692 0.0372199422 38.26310056
-0.0510042161 0.04166228778 36.79403179
-0.0468175915 0.05326782119 32.67139226
-0.04693951085 0.08637896638 22.74650937
-0.09339705559 0.1076184389 22.56650956
-0.06084937763 0.1258361198 10.93464873
-0.02206277689 0.2511829986 -35.71045036
0.01206968342 0.2821843457 -52.74245059
0.0291896711 0.3100392271 -65.63940415
0.04429964735 0.2806079937 -60.22516078
0.06959617722 0.1972873588 -41.58349243
0.05140058268 0.2405581733 -49.96892677
0.009414525853 0.1497610229 -8.250236307
0.007355103663 0.1215339659 1.118802513
0.002781897884 0.294497566 -51.19470025
0.006624372964 0.3201328834 -60.28444136
0.008915819898 0.3280005281 -63.50497622
0.01470192037 0.3225467616 -64.32155579
0.01036163917 0.3230861221 -62.44696522
0.008490985206 0.3304793421 -63.89916365
0.009793400205 0.3334014576 -65.43594658
0.009196715877 0.3314785602 -64.5656832
0.008460046219 0.3286707579 -63.32674915
0.008528732628 0.3232042897 -61.6331905
0.01064948759 0.3324201749 -65.87113532
0.01211869649 0.3268528305 -64.96429538
0.002517110575 0.3214095775 -57.10345255
0.01272573398 0.3267663246 -65.3872889
0.006245216771 0.3204988913 -59.18739203
0.002506623762 0.3153273273 -55.04049636
0.01436499873 0.3204494971 -65.07530417
0.02997894712 0.2909729623 -67.42936595
0.0285405095 0.2782520766 -62.62755516
0.03122633108 0.2837454196 -66.39518603
0.02990868588 0.2679922498 -60.40267734
0.02819423638 0.2859275357 -64.63680549
0.02715122017 0.2893037234 -64.80991919
0.02353042019 0.2899223383 -61.88876181
0.02692728243 0.2929426333 -65.76130639
0.01654267857 0.293526908 -56.39603169
0.02560317842 0.2905995735 -63.8291379
0.02632038023 0.298726275 -67.03773477
0.04764668429 0.2955306657 -87.07265158
0.02364969484 0.3031811468 -65.67891615
0.02836942359 0.2884151314 -66.05379966
0.03056793179 0.2992482528 -71.70265996
0.01589953313 0.3028604029 -57.24277994
0.02109753065 0.2880574591 -58.31719587
0.02734540335 0.2888363544 -65.27715195
0.02186804365 0.2839309044 -57.47940644
0.03119067328 0.2732877452 -65.17531618
0.02216051335 0.2914511475 -60.24259685
0.005876287599 0.4754466261 -98.7136741
0.004233046453 0.5050054146 -106.0693646
0.03050260384 0.5448576313 -150.0479935
-0.04699945735 0.06770250133 28.3739974
-0.05058660276 0.0717402962 27.08900161
-0.05542202281 0.05622071385 32.33179248
-0.03549535904 0.1012300468 15.81836517
-0.04346977485 0.1111766896 13.062696
-0.02639653581 0.1008073176 14.47499579
-0.008803743301 0.2024861789 -21.39951544
-0.03073194131 0.2211760608 -24.56907803
-0.005214713348 0.251904272 -39.28855575
0.03524992641 0.3229661622 -70.87281238
0.02331993494 0.3259100596 -69.11153335
0.02439054172 0.3299754285 -70.56343661
0.02862081448 0.3364433963 -74.02785575
0.03927188867 0.3218277258 -72.21531515
0.02743300396 0.3210379617 -68.07730431
0.01710907619 0.3347068557 -69.39406694
0.02816280249 0.3487870253 -78.15704481
0.03176765721 0.3348001425 -74.79303735
0.01151998356 0.315632916 -60.34665539
0.0005076138777 0.3146813696 -55.48815404
0.01189440723 0.3166033768 -61.15201762
0.01499021844 0.3197432641 -63.61579172
0.01056758617 0.3228004409 -62.4778916
0.006411563977 0.3254280507 -61.18907717
0.009139876198 0.330141359 -64.29650703
0.01313206654 0.3208571024 -63.2789965
0.00545839547 0.3236629459 -59.89490465
0.004033060292 0.3323911075 -61.97762648
0.003110892114 0.3279901952 -59.91122662
0.01216940739 0.3208187261 -63.05389622
0.004622146337 0.3200409709 -57.89617208
0.009671350849 0.3215971205 -61.85109756
0.002097572063 0.3128431588 -53.72691139
0.005413558126 0.3178758434 -57.71389917
0.005372957628 0.3141665389 -56.45393117
0.02410489182 0.3002460795 -66.05025249
0.02649487165 0.3012269555 -68.17196686
0.02583322288 0.2992733534 -66.95502989
0.02870660384 0.2987957043 -69.13631244
0.02763656475 0.2963921991 -67.45067477
0.02947365233 0.2986176623 -69.76762595
0.02700947588 0.2941160046 -66.01398202
0.02806494708 0.3003730153 -69.1398507
0.03076544237 0.3084381372 -74.27744204
0.02928667461 0.3086212311 -72.95116582
0.02744466662 0.3123173998 -72.37740854
0.02289333006 0.3044791849 -65.15573998
0.02496798198 0.3054038374 -67.69264637
0.02458267982 0.3078696169 -68.05900777
0.01979642438 0.3127933197 -64.71665266
0.02507288827 0.3069704121 -68.4429423
0.02243371192 0.2868941691 -58.96807369
0.02949271531 0.3113822527 -74.95225894
0.01825552289 0.2989319414 -57.97566744
0.0288954681 0.3072456589 -73.27919592
0.02721145872 0.3083149064 -71.41408931
0.02903807524 0.2701572181 -60.63186217
0.06222446769 0.2426018623 -91.5775389
-0.0317814422 0.07764185508 24.7672794
-0.02833448877 0.1033955535 15.4651715
-0.03775653981 0.1102436372 13.25396069
-0.02009291168 0.1580681525 -4.865876078
-0.01151467315 0.1720711341 -10.41579795
-0.001694841889 0.1997300842 -21.43852821
0.0340324985 0.2981863438 -60.43917642
0.01892021544 0.2921501835 -56.35996766
0.01066230891 0.2988714487 -57.42709457
0.0280886036 0.3505914726 -78.59882437
0.02469308102 0.3402175578 -74.07723331
0.02926452136 0.3369469617 -74.01331521
0.03597630103 0.3342748857 -74.84185898
0.03109927992 0.3369885552 -74.67895118
0.02080578626 0.332675152 -69.99811275
0.01866929513 0.3304251635 -68.58801995
0.02018301052 0.3291854369 -68.7587021
0.02406548013 0.3225301317 -67.79666916
0.006611518701 0.3032371526 -54.18113122
0.007493382294 0.3054856768 -55.18824797
0.006213947275 0.3104959807 -56.38569024
0.01319015572 0.3183824535 -62.35018706
0.01160645368 0.318113077 -61.43656958
0.01241416539 0.3154280609 -60.918837
0.0164485331 0.3192656849 -64.39078125
0.007227463497 0.3132470598 -57.32290337
0.0115122208 0.3179625682 -61.38475926
0.004121909058 0.3256036908 -59.71301844
0.004156210134 0.3209712425 -58.1756674
0.009676955957 0.3203120681 -61.28808902
0.007711655944 0.3242470194 -61.44776291
0.008530515369 0.3191426491 -60.24777997
0.008133968431 0.3133196805 -57.98747948
0.004749396898 0.3126262368 -55.30927714
0.003816725379 0.310216971 -53.81345568
0.007469105737 0.3023980567 -53.90211488
0.02788917799 0.2897103652 -65.26384103
0.03245126566 0.2862464702 -67.63061999
0.02544121299 0.2960254861 -65.43031084
0.0263271099 0.2900297664 -63.99319929
0.02888966981 0.2936454859 -67.47574492
0.02963209991 0.2921615042 -67.63901395
0.03007093371 0.3006062871 -70.99073612
0.0345552781 0.3057341432 -76.88446261
0.02778032488 0.3005955255 -68.67350681
0.02755707592 0.3046737105 -69.86583712
0.02547198269 0.3002447074 -66.22441327
0.02443081719 0.3039890828 -66.47202176
0.02687803849 0.3029013888 -68.70404966
0.02638940318 0.3134682627 -71.98801704
0.02440897069 0.3110011303 -69.03547216
0.02921981386 0.3162960981 -76.24987852
0.01968470906 0.321237696 -67.22055522
0.008238377581 0.3166145884 -52.48541999
0.02822851447 0.3070337649 -72.23627073
0.03341917837 0.2983537709 -75.44225479
0.03326495684 0.3031763919 -77.03510325
0.03047982854 0.2843729502 -66.8577149
-0.01438133997 0.08638644821 21.47964014
-0.01299986128 0.1167497611 10.24423889
-0.01970593693 0.1495732364 -1.467549798
-0.01978760359 0.1722418312 -9.630761887
0.003733776012 0.1611877931 -7.800721718
0.02465940611 0.2000064462 -24.11981312
0.04687110517 0.2531986032 -46.14633373
0.03838884529 0.3008540377 -62.28997086
0.02785236473 0.3425149593 -75.55175786
0.01872128953 0.3330048151 -70.23502609
0.02263370618 0.3108595316 -63.08116573
0.02528879573 0.315213287 -65.24372398
0.03013777907 0.3112974166 -65.20658013
0.03236429139 0.3239817441 -70.44301603
0.0163040529 0.3133631141 -61.75187539
0.02983433013 0.2981792421 -60.82967255
0.02028143236 0.33099696 -69.27325133
0.01036185673 0.3145617684 -59.6885571
-0.00394438185 0.2805785278 -41.71033605
0.01201740737 0.2928158405 -52.5511165
0.01763363173 0.2751181616 -48.78834541
0.01168463454 0.3103077092 -58.72754747
0.01090028403 0.3000346264 -54.62698338
0.002736450978 0.2954477403 -48.75093508
0.01085979365 0.289760959 -50.91598463
0.008033263472 0.2810994279 -46.28658255
0.01697638511 0.2850445261 -52.72072097
0.01536715437 0.2988632631 -56.84787523
0.01266061725 0.32448591 -64.64228116
0.007940621581 0.3153679044 -58.3192447
0.004923230082 0.316228283 -56.66187011
0.004310418641 0.3180249292 -56.97962112
-0.000409228074 0.3079155493 -49.93724115
-0.001723406306 0.2900353248 -42.54877544
0.002035689113 0.2928415243 -46.28091865
-0.0003945520178 0.2888122402 -43.01345907
0.01419802473 0.2705974139 -47.64989294
0.03457529431 0.2686231775 -63.01602929
0.02026284369 0.2882147146 -58.3875696
0.02983199663 0.269898817 -59.84314263
0.03210390533 0.2720036193 -62.54570188
0.03514423469 0.2735348068 -65.83322137
0.03062163805 0.280825395 -64.3882359
0.03078847246 0.2679080677 -59.84133827
0.03127171207 0.2701091837 -61.14728812
0.03189302304 0.2834921058 -66.5719112
0.02503647203 0.2793494972 -58.29328008
0.02366805341 0.274964385 -55.31998705
0.03298525087 0.2749334669 -65.06237075
0.0326510823 0.2918242264 -70.89660097
0.0240388674 0.3081508768 -67.57895088
0.02364137539 0.3041991257 -65.64615148
0.01996071043 0.2918966663 -57.04948981
0.02156022565 0.3014680509 -62.43960841
0.02194789183 0.2916104333 -59.32513766
0.03433280243 0.2911909747 -73.92900834
0.03849009617 0.2977602047 -81.34484219
0.0362682661 0.2971233642 -78.45634187
