0 1 3
1 2 3
2 3 3
3 4 3
4 5 3
5 6 3
6 7 1
7 8 3
8 9 3
9 10 0
10 11 3
11 12 3
12 13 3
13 14 3
14 15 3
15 16 3
16 17 3
17 18 3
18 19 3
19 20 3
20 21 3
21 22 0
22 23 3
23 24 1
24 25 3
25 26 3
26 27 3
27 28 3
28 29 3
29 30 3
30 31 3
31 32 3
32 33 3
33 34 3
34 35 3
35 94 1
37 94 1
37 38 3
38 39 3
39 41 2
41 99 1
42 99 1
42 43 3
43 44 3
44 45 3
45 46 3
46 47 3
47 49 3
49 50 3
50 52 3
52 53 3
53 55 3
55 57 0
39 98 3
50 109 3
41 98 2
38 96 3
52 109 3
39 96 3
55 114 0
14 73 3
53 112 3
57 114 3
57 115 3
15 73 3
50 108 3
55 112 3
13 72 3
37 96 3
49 108 3
14 72 3
18 76 3
19 77 3
49 106 3
17 76 3
20 77 3
33 91 3
46 105 3
47 105 3
47 106 3
19 76 3
22 81 3
23 81 3
34 92 3
108 109 3
1 59 3
10 67 3
24 82 3
33 92 3
112 113 3
55 113 0
2 59 3
8 66 3
9 67 0
20 78 3
23 82 1
91 92 3
7 66 3
9 66 3
13 71 3
71 72 3
21 78 3
26 84 3
37 95 3
95 96 3
45 104 3
46 104 3
113 114 3
0 58 3
2 60 3
3 61 3
4 62 3
5 63 3
6 64 3
7 65 0
10 68 3
11 69 3
12 71 3
15 74 3
16 74 3
76 77 3
21 79 3
22 80 3
25 83 3
27 85 3
28 86 3
29 87 3
30 88 3
31 89 3
32 90 3
35 93 3
39 97 3
42 100 3
43 101 3
44 102 3
104 105 3
53 111 3
58 59 3
59 60 3
60 61 3
61 62 3
62 63 3
63 64 3
64 65 3
68 69 3
12 69 3
72 73 3
17 75 3
22 79 1
82 83 3
26 83 3
84 85 3
85 86 3
86 87 3
29 88 3
88 89 3
89 90 3
93 94 1
94 95 0
96 97 3
97 98 3
99 100 0
100 101 3
101 102 3
45 102 3
105 106 3
52 111 3
114 115 3
73 74 3
17 74 3
77 78 3
80 81 3
35 92 3
111 112 3
67 68 3
75 76 3
78 79 3
79 80 0
32 91 3
106 108 3
74 75 3
90 91 3
102 104 3
65 66 1
83 84 3
66 67 0
87 88 3
98 99 1
92 93 3
106 165 3
12 128 3
69 128 3
81 82 1
108 165 3
71 128 3
73 131 3
99 157 3
104 161 3
94 152 3
102 161 3
77 135 3
109 111 3
105 163 3
81 140 3
104 163 3
66 124 0
73 130 2
98 157 1
65 124 3
76 135 3
100 157 1
97 157 1
64 122 3
74 132 3
75 132 3
78 135 3
82 140 0
84 142 3
89 148 3
90 148 3
93 151 3
95 152 1
95 153 1
96 153 1
108 166 3
109 167 3
111 167 3
111 169 3
63 122 3
65 122 3
72 130 2
130 131 2
75 134 3
76 134 3
78 136 3
78 195 0
80 139 3
81 139 3
92 151 3
96 154 1
97 154 1
97 155 1
97 156 1
109 166 3
112 169 3
65 123 3
67 124 0
67 126 3
68 126 3
135 136 3
79 195 0
85 142 3
87 145 3
88 147 3
89 147 3
94 151 0
152 153 3
153 154 3
156 157 3
102 160 3
106 164 3
165 166 3
111 168 3
113 172 3
58 116 3
59 117 3
59 118 3
60 118 3
61 119 3
61 120 3
62 120 3
62 121 3
63 121 3
122 123 3
67 125 3
71 129 3
72 129 3
75 133 3
80 138 3
83 140 0
83 141 0
83 142 3
85 143 3
86 144 3
86 145 3
88 146 3
147 148 3
91 149 3
100 158 3
101 159 3
101 160 3
167 168 3
116 117 3
118 119 3
121 122 3
123 124 3
125 126 3
69 126 3
128 129 3
74 131 3
134 135 3
79 138 0
142 143 3
143 144 3
144 145 3
88 145 3
148 149 3
92 149 3
92 150 3
154 155 3
155 156 3
157 158 0
158 159 3
160 161 3
105 164 3
164 165 3
115 173 3
117 118 3
132 133 3
133 134 3
139 140 3
140 141 3
141 142 1
150 151 3
151 152 1
159 160 3
163 164 3
114 172 3
115 172 3
119 120 3
124 125 1
69 127 3
129 130 3
140 198 3
165 223 3
168 169 3
120 121 3
126 127 3
127 128 3
136 195 0
138 139 3
139 198 3
146 147 3
161 220 3
104 220 3
166 167 3
131 132 3
145 146 3
104 221 3
163 221 3
149 150 3
220 221 3
164 223 3
172 173 3
130 188 2
138 195 3
172 229 3
113 229 3
113 228 3
228 229 3
172 230 3
173 230 3
127 185 0
138 196 3
169 227 3
126 185 0
132 190 3
135 192 3
139 196 3
168 227 3
229 230 3
131 188 0
133 190 3
141 199 3
148 206 3
112 228 3
134 192 3
142 199 0
147 205 3
157 215 3
169 228 3
131 189 3
133 191 3
134 191 3
146 205 3
149 206 3
153 211 3
156 215 3
166 224 3
167 224 3
230 231 3
173 231 3
120 179 3
121 179 3
128 186 0
132 189 3
140 199 3
145 203 3
154 211 3
159 218 3
160 218 3
117 175 3
146 203 3
152 210 3
153 210 3
158 215 1
167 226 3
168 226 3
116 174 3
118 175 3
118 176 3
119 177 3
124 182 3
127 186 0
189 190 0
142 200 3
143 201 3
144 202 3
146 204 3
149 207 3
150 208 3
151 209 3
210 211 3
154 212 3
155 213 3
156 213 3
156 214 3
158 217 3
159 217 3
161 219 3
164 221 3
166 223 3
167 225 3
117 174 3
176 177 3
125 182 0
129 186 0
136 192 3
200 201 3
201 202 3
202 203 3
203 204 3
206 207 3
207 208 3
209 210 1
211 212 3
154 213 3
214 215 3
217 218 3
218 219 3
164 222 3
224 225 3
225 226 3
226 227 3
175 176 3
185 186 3
188 189 3
191 192 3
204 205 3
148 205 3
151 208 3
215 273 3
158 273 1
222 223 3
227 228 3
174 175 3
119 178 3
120 178 3
123 182 3
190 191 3
195 196 3
199 200 1
212 213 3
178 179 3
196 198 3
273 274 0
158 274 3
219 220 3
208 209 3
217 274 3
177 178 3
122 179 3
122 180 3
213 214 3
221 222 3
223 224 3
179 180 3
123 180 3
180 240 3
123 240 3
182 240 3
129 244 3
189 247 3
190 247 1
125 183 0
186 244 1
205 206 3
126 183 0
130 244 1
210 269 3
211 269 3
183 242 3
183 185 3
188 244 3
221 279 3
227 286 3
228 286 3
182 183 3
191 249 3
196 255 3
198 199 3
220 279 3
185 243 1
190 249 3
198 255 3
223 281 3
227 285 3
213 272 3
214 272 3
217 275 3
224 281 3
226 285 3
222 279 3
285 286 3
185 242 3
192 250 3
192 252 3
136 252 3
212 271 3
213 271 3
274 275 3
222 281 3
242 243 3
200 258 3
209 267 3
201 258 3
210 267 0
229 287 3
195 252 3
202 261 3
203 261 3
203 262 3
204 262 3
205 262 3
212 270 3
271 272 3
219 277 3
281 282 3
224 282 3
228 287 3
183 241 3
241 242 3
201 259 3
202 259 3
205 263 3
205 264 3
206 264 3
207 265 3
208 266 3
210 268 3
270 271 3
214 273 3
218 276 3
218 277 3
222 280 3
225 283 3
226 284 3
230 288 3
231 289 3
183 240 3
190 305 1
191 250 3
202 260 3
262 263 3
263 264 3
265 266 3
208 265 3
208 267 3
268 269 3
275 276 3
279 280 3
282 283 3
283 284 3
284 285 3
286 287 3
287 288 3
288 289 3
247 305 3
259 260 3
261 262 3
276 277 3
240 241 3
244 245 3
188 245 3
188 246 3
189 246 3
249 305 1
199 258 1
206 265 3
266 267 3
267 268 1
212 269 3
220 277 3
280 281 3
176 235 3
177 235 3
178 236 3
179 236 3
179 238 3
180 238 3
186 243 1
245 246 3
195 255 3
199 256 3
258 259 3
269 270 3
238 240 3
246 247 3
249 250 3
250 252 3
255 256 3
175 233 3
176 233 3
235 236 3
236 238 3
252 255 3
260 261 3
272 273 3
174 233 3
243 244 3
274 448 1
220 336 3
233 235 3
264 265 3
273 448 3
277 336 3
256 258 3
279 336 3
238 296 3
241 299 3
244 302 3
246 305 3
274 332 3
236 295 3
238 295 3
238 297 3
240 297 3
240 299 3
242 299 3
242 300 3
246 304 0
250 309 3
263 322 3
264 322 3
275 332 3
235 294 3
236 294 3
295 296 3
243 300 3
280 339 3
281 339 3
235 292 3
235 293 3
294 295 3
240 298 3
249 309 3
269 271 3
233 291 3
235 291 3
293 294 3
252 310 3
282 339 3
233 290 3
291 292 3
243 301 3
244 301 3
301 302 3
245 304 0
304 305 1
305 306 0
249 306 0
308 309 3
250 310 3
261 319 3
264 323 3
265 323 3
266 323 3
271 329 0
279 337 3
286 344 3
287 344 3
290 291 3
292 293 3
296 297 3
298 299 3
299 300 3
300 301 3
249 307 3
307 309 3
309 310 3
252 254 3
260 319 3
262 321 3
263 321 3
268 327 0
269 327 0
269 328 0
269 329 0
272 329 0
272 330 0
273 330 0
275 334 3
276 334 3
280 337 3
306 307 3
254 311 3
254 255 3
261 320 3
262 320 3
328 329 3
332 448 1
277 335 3
280 338 3
282 340 3
283 341 3
284 342 3
284 343 3
285 343 3
285 344 3
287 345 3
288 346 3
289 347 3
297 298 3
307 308 3
310 311 3
252 311 3
255 311 0
255 314 0
256 314 0
321 322 3
266 324 3
327 328 3
329 330 3
273 331 0
334 335 3
335 336 3
337 338 3
338 339 3
339 340 3
340 341 3
341 342 3
344 345 3
345 346 3
346 347 3
319 320 3
322 323 3
267 324 3
330 331 2
342 343 3
343 344 3
245 302 3
311 313 3
255 313 0
267 325 3
275 333 3
336 337 3
256 316 0
268 325 0
333 334 3
313 314 3
314 316 3
320 321 3
332 333 3
258 316 3
324 325 3
323 324 3
331 448 2
258 375 3
259 375 3
316 375 3
330 388 3
325 327 3
331 388 2
302 361 3
245 361 0
310 367 3
375 376 3
259 376 3
309 367 3
311 368 3
311 370 3
259 319 3
319 376 3
310 368 3
313 370 3
336 394 3
308 367 3
314 373 3
316 373 3
335 394 3
304 361 3
333 391 3
301 359 3
308 366 3
313 371 3
314 371 3
324 382 3
325 382 3
325 441 1
332 391 3
291 349 3
294 352 3
295 352 3
299 358 3
300 358 3
302 359 3
305 363 3
366 367 2
323 382 3
325 383 3
338 397 3
339 397 3
340 397 3
290 349 3
292 350 3
299 357 3
300 359 3
304 363 1
306 363 1
307 365 3
307 366 2
382 383 3
331 389 1
291 350 3
293 350 3
293 352 3
298 357 3
306 365 3
367 368 3
320 378 3
321 378 3
321 380 3
329 387 3
388 389 1
389 448 3
290 348 3
293 351 3
295 353 3
297 355 3
298 356 3
357 358 3
302 360 3
360 361 3
306 364 3
367 425 3
368 425 3
311 369 3
314 372 3
323 381 3
383 441 1
325 384 3
387 388 3
334 392 3
335 393 3
337 394 3
337 395 3
338 396 3
340 398 3
340 399 3
341 399 3
342 400 3
342 401 3
343 401 3
344 401 3
345 403 3
346 404 3
347 405 3
348 349 3
350 351 3
351 352 3
352 353 3
295 354 3
296 354 3
296 355 3
355 356 3
304 362 3
363 364 0
365 366 2
368 369 3
369 370 3
372 373 3
316 374 3
374 375 3
322 380 3
322 381 3
384 441 1
327 384 3
391 392 3
392 393 3
393 394 3
395 396 3
397 398 3
399 400 3
344 403 3
403 404 3
404 405 3
349 350 3
358 359 3
359 360 3
361 362 3
373 374 3
327 385 3
394 395 3
362 363 1
370 371 3
378 380 3
384 385 3
328 387 3
390 448 1
398 399 3
400 401 3
364 365 3
367 424 3
328 385 3
332 390 3
396 397 3
353 354 3
354 355 3
356 357 3
371 372 3
320 376 3
378 436 3
381 382 3
380 381 1
328 386 3
376 378 3
385 386 3
390 391 3
401 403 3
386 387 3
376 436 3
366 424 3
401 461 1
403 461 1
401 460 1
368 427 3
369 427 3
398 456 1
460 461 3
364 422 3
396 454 1
396 455 1
397 455 1
398 455 1
399 456 1
399 458 1
400 458 1
400 460 1
363 422 0
454 455 3
455 456 3
456 458 3
405 463 3
354 413 3
355 413 3
372 430 3
395 453 1
371 430 3
396 453 1
356 415 3
357 415 3
358 417 3
359 417 3
360 418 3
362 420 3
370 427 3
394 452 1
356 414 3
358 415 3
361 418 3
361 420 3
364 423 3
365 423 3
384 443 1
388 446 1
394 453 1
453 454 1
459 460 3
348 406 3
349 407 3
350 408 3
351 409 3
352 409 3
361 419 3
363 421 3
366 423 2
425 427 3
370 428 3
371 429 3
373 431 3
374 432 3
375 433 3
387 446 1
389 446 3
393 451 1
393 452 1
400 459 1
403 462 3
404 462 3
406 407 3
407 408 3
408 409 3
352 410 3
353 410 3
356 413 3
414 415 3
358 416 3
417 418 3
420 421 1
421 422 0
427 428 3
428 429 3
429 430 3
372 431 3
431 432 3
432 433 3
376 433 3
380 438 1
389 447 3
393 450 1
451 452 3
462 463 3
413 414 3
418 419 3
419 420 3
423 424 2
376 434 3
376 435 3
381 438 1
441 443 3
387 445 1
391 448 1
391 449 1
392 449 1
392 450 1
461 462 0
415 416 3
416 417 3
433 434 3
446 447 3
447 448 3
449 450 3
456 457 3
457 458 3
458 459 3
430 431 3
380 437 1
382 498 1
385 443 1
386 443 1
386 444 1
386 445 1
448 449 0
354 410 3
378 437 1
383 498 1
445 446 3
409 410 3
434 435 3
436 437 3
437 438 3
381 498 1
443 444 3
444 445 3
450 451 3
452 453 3
422 423 3
435 436 3
441 498 0
381 497 1
438 497 3
497 498 3
413 470 3
424 425 0
354 470 3
413 472 3
414 472 3
448 506 3
427 485 2
428 485 2
430 489 3
447 506 3
449 506 1
458 516 3
459 516 3
460 518 3
410 468 3
354 468 3
417 475 3
418 475 3
428 486 2
431 489 3
459 518 3
461 518 3
461 519 3
409 468 3
415 472 3
423 482 3
424 482 2
485 486 3
438 496 3
441 499 3
456 514 3
457 516 3
462 519 1
407 466 3
408 466 3
468 470 3
418 476 3
419 477 3
420 477 3
433 491 3
434 491 3
496 497 3
498 499 1
446 504 3
447 505 3
450 509 3
451 509 3
451 510 3
452 510 3
452 511 3
453 511 3
455 514 3
462 520 3
406 465 3
407 465 3
475 476 3
421 480 0
423 481 3
427 484 2
484 485 3
432 491 3
437 495 3
445 504 3
505 506 3
454 512 3
457 514 3
519 520 0
406 464 3
409 466 3
419 476 3
420 478 3
420 479 1
421 479 3
422 480 2
422 481 3
481 482 3
432 490 3
435 494 3
436 494 3
436 495 3
443 499 3
447 504 3
449 507 3
450 508 3
453 512 1
455 513 3
457 515 3
463 521 3
465 466 3
477 478 3
478 479 1
479 480 0
429 486 2
429 487 2
430 487 2
489 490 3
490 491 3
437 496 3
506 507 0
507 508 3
509 510 3
512 513 3
513 514 3
515 516 3
520 521 3
464 465 3
416 474 3
417 474 3
425 484 3
486 487 3
430 488 2
494 495 3
445 560 3
445 503 3
504 505 3
508 509 3
510 511 3
511 512 1
514 515 3
518 519 3
471 472 3
476 477 3
480 481 3
488 489 3
495 496 3
444 560 3
487 488 3
503 560 3
466 468 3
413 471 3
493 494 0
516 518 3
491 492 1
434 492 1
435 493 1
444 559 3
503 504 3
415 474 3
474 475 3
434 493 1
443 559 3
559 560 3
470 471 3
472 474 3
492 493 3
472 530 3
474 530 3
443 558 3
471 530 3
425 482 3
425 542 2
489 548 1
490 548 1
499 558 3
558 559 3
518 575 3
470 527 3
425 541 2
484 542 3
497 555 3
516 575 3
468 527 3
541 542 3
489 547 1
490 549 1
491 549 1
547 548 3
504 562 3
482 541 3
493 551 3
494 551 1
503 562 3
492 551 3
494 552 1
494 610 1
495 610 1
518 576 3
478 536 2
479 537 3
551 552 3
575 576 3
466 524 3
480 537 1
481 540 3
482 540 3
486 544 3
468 524 3
470 528 3
471 528 3
477 536 2
481 539 2
484 543 3
485 543 3
486 543 3
487 544 3
488 546 3
503 561 3
511 569 3
512 569 0
480 538 3
480 539 3
539 540 3
489 546 1
492 549 2
492 550 3
560 561 3
561 562 3
505 563 3
519 576 3
520 578 3
527 528 3
471 529 3
530 531 3
476 534 2
478 537 1
542 543 3
487 545 3
549 550 2
495 553 3
495 554 3
496 554 3
506 563 3
506 565 0
507 565 3
508 566 3
509 567 3
510 567 3
510 568 3
510 569 3
512 570 3
513 571 3
514 572 3
515 573 3
516 574 3
521 578 3
521 579 3
465 523 3
528 529 3
477 534 2
477 535 2
543 544 3
544 545 3
488 545 3
550 551 3
552 610 3
553 554 3
565 566 3
566 567 3
569 570 1
570 571 3
571 572 3
572 573 3
573 574 3
574 575 3
578 579 3
464 522 3
466 523 3
474 531 2
534 535 3
535 536 3
536 537 3
568 569 3
519 578 0
465 522 3
529 530 3
475 534 2
538 539 3
540 541 3
545 546 3
548 549 3
553 610 1
567 568 3
519 577 3
523 524 3
537 538 3
546 547 2
497 554 3
498 555 3
576 577 3
577 578 0
499 557 3
506 564 3
522 523 3
504 563 3
564 565 0
468 526 3
548 607 3
549 607 3
554 555 3
562 563 3
563 564 3
524 526 3
475 533 2
557 558 3
474 533 2
533 534 3
498 557 3
526 527 3
531 533 3
538 596 3
498 614 2
557 614 3
555 614 3
537 596 2
529 587 1
531 589 3
546 605 3
528 587 1
536 595 3
537 595 2
547 605 2
578 636 2
530 587 1
559 617 3
560 617 3
577 636 0
528 586 1
530 588 1
531 588 3
533 589 3
540 598 3
542 600 3
543 600 3
558 616 3
560 619 3
561 619 3
571 630 3
572 630 3
576 634 3
522 580 3
588 589 3
539 598 3
557 616 3
558 617 3
575 634 3
577 634 3
523 580 3
587 588 3
533 591 3
541 599 3
541 600 3
546 604 3
550 608 3
551 608 3
562 620 3
568 627 3
569 627 3
570 628 3
579 637 3
527 586 1
533 590 3
534 591 3
595 596 3
540 599 3
599 600 3
543 601 3
544 602 3
545 603 3
545 604 3
604 605 3
553 612 3
554 612 2
561 620 3
563 620 3
563 621 3
564 621 3
565 624 3
566 624 3
567 625 3
568 625 3
570 627 0
571 628 3
571 629 3
573 631 3
574 632 3
575 632 3
578 637 3
526 585 1
527 585 1
534 593 3
535 593 3
538 597 3
539 597 3
598 599 3
600 601 3
601 602 3
602 603 3
619 620 3
567 624 3
627 628 1
629 630 3
630 631 3
631 632 3
636 637 3
586 587 3
590 591 3
534 592 3
536 593 3
536 594 3
596 597 3
597 598 3
550 607 2
524 580 3
589 590 3
591 592 3
592 593 3
594 595 3
603 604 3
607 608 2
551 609 3
565 623 3
624 625 3
628 629 3
585 586 3
548 605 2
608 609 3
609 610 3
555 612 2
616 617 3
620 621 3
564 623 0
625 627 3
632 634 3
580 582 1
524 582 1
526 582 1
593 594 3
610 612 0
617 619 0
526 583 1
583 585 3
548 664 2
623 624 3
605 664 3
607 664 0
580 639 1
582 583 3
582 639 3
607 665 3
612 670 3
583 642 3
585 642 3
664 665 2
610 670 0
555 671 2
614 671 3
619 677 2
612 671 3
617 677 0
675 677 3
597 655 3
617 675 3
598 655 3
609 667 3
607 666 2
610 667 3
620 678 2
564 680 3
665 666 2
608 667 3
620 679 3
621 679 2
625 685 2
627 685 2
577 693 3
591 650 3
592 650 3
596 653 3
599 657 3
600 657 3
608 666 3
619 678 2
678 679 3
634 693 3
636 693 1
637 695 2
586 645 3
595 653 3
564 679 2
624 682 2
624 683 2
625 683 2
625 684 2
684 685 3
628 685 0
628 686 3
628 687 3
629 687 3
632 690 3
632 691 3
634 691 3
636 694 3
636 695 3
582 640 3
583 640 3
586 644 3
587 645 3
588 646 3
589 646 3
593 651 3
594 651 3
610 669 3
557 673 3
616 673 3
679 680 3
682 683 3
683 684 3
685 686 3
630 688 3
630 689 3
631 689 3
693 694 0
585 644 3
589 647 3
590 647 3
591 649 3
592 651 3
598 657 3
610 668 3
669 670 3
614 673 3
616 674 3
688 689 3
580 638 1
646 647 3
590 648 3
591 648 3
649 650 3
594 652 3
596 655 3
598 656 3
600 658 3
601 659 3
604 662 3
605 663 3
667 668 3
614 672 3
673 674 3
617 674 3
623 680 1
623 682 2
686 687 3
689 690 3
638 639 3
644 645 3
645 646 3
647 648 3
651 652 3
652 653 3
656 657 3
657 658 3
658 659 3
602 659 3
603 661 3
604 661 3
662 663 3
663 664 3
629 688 3
585 643 3
648 649 3
650 651 3
602 660 3
671 672 3
672 673 3
677 678 3
583 641 3
643 644 3
603 660 3
670 671 3
694 695 3
639 640 3
640 641 3
641 642 3
642 643 3
653 654 3
596 654 3
659 660 3
660 661 3
666 667 3
668 669 3
655 656 3
687 688 3
690 691 3
661 662 3
691 693 3
674 675 3
623 740 2
654 655 3
680 740 2
693 750 2
682 740 3
691 750 2
664 722 3
665 722 2
750 751 3
644 702 3
645 702 3
655 713 3
683 742 3
684 742 3
693 751 2
654 713 3
670 727 3
670 728 3
677 734 3
651 709 3
654 712 3
671 728 3
675 734 2
682 741 3
683 741 3
687 745 2
689 748 2
690 748 2
690 749 2
691 749 2
647 705 3
648 706 3
649 707 3
650 709 3
712 713 3
663 721 3
722 723 3
665 723 2
669 727 2
674 732 2
680 738 2
680 739 2
686 745 2
639 698 3
640 698 3
645 703 3
646 703 3
646 705 3
648 705 3
706 707 3
651 710 3
652 710 3
662 721 3
673 732 3
678 736 3
679 738 3
738 739 3
739 740 3
685 743 3
686 743 2
686 744 2
688 745 2
694 752 3
638 696 3
639 697 3
641 699 3
643 702 3
702 703 3
646 704 3
653 710 3
653 711 3
654 711 3
656 713 3
656 714 3
657 714 3
657 716 3
658 716 3
659 717 3
660 718 3
661 719 3
662 720 3
663 722 3
671 729 3
672 729 3
672 730 3
673 731 3
675 733 2
677 735 3
679 736 3
679 737 3
741 742 3
743 744 3
744 745 3
688 746 2
689 747 2
694 751 3
695 753 3
696 697 3
697 698 3
640 699 3
642 699 3
642 700 3
703 704 3
704 705 3
650 708 3
716 717 3
717 718 3
718 719 3
719 720 3
720 721 3
721 722 3
727 728 3
728 729 3
730 731 3
731 732 3
732 733 3
733 734 3
734 735 3
740 741 3
742 743 3
745 746 3
746 747 3
747 748 3
748 749 3
751 752 3
694 753 3
699 700 3
643 700 3
705 706 3
709 710 3
711 712 3
736 737 3
737 738 3
713 714 3
666 723 2
668 726 2
729 730 3
698 699 3
643 701 3
701 702 3
650 707 3
666 724 2
667 724 2
667 725 2
668 725 2
669 726 2
677 736 3
749 750 3
710 711 3
657 773 3
723 724 3
724 725 3
725 726 3
726 727 3
752 753 3
700 701 3
707 708 3
716 773 3
735 736 3
714 773 3
708 709 3
706 764 3
707 764 3
709 768 3
710 768 3
752 811 3
753 811 3
704 762 3
711 768 3
751 809 3
705 762 3
705 763 3
705 764 3
708 766 3
709 766 3
717 775 3
736 794 3
737 794 3
749 807 3
750 807 3
750 809 3
752 809 3
697 755 3
709 767 3
713 771 3
716 775 3
743 802 3
744 802 3
698 755 3
707 766 3
767 768 3
712 770 3
714 771 3
719 777 3
735 793 3
735 794 3
739 797 3
740 797 3
742 801 3
743 801 3
746 804 3
747 805 3
748 805 3
748 807 3
696 754 3
696 755 3
699 757 3
701 759 3
702 760 3
703 761 3
703 762 3
762 763 3
763 764 3
711 769 3
711 770 3
714 772 3
772 773 3
716 774 3
718 776 3
718 777 3
720 778 3
721 779 3
722 780 3
723 781 3
724 782 3
725 783 3
726 784 3
727 785 3
728 785 3
728 787 3
729 787 3
730 788 3
731 789 3
732 790 3
733 791 3
734 792 3
737 795 3
738 796 3
738 797 3
740 798 3
741 799 3
741 800 3
742 800 3
801 802 3
745 802 3
745 803 3
745 804 3
804 805 3
750 808 3
752 810 3
754 755 3
698 757 3
700 757 3
700 758 3
701 758 3
759 760 3
760 761 3
761 762 3
768 769 3
769 770 3
770 771 3
771 772 3
773 774 3
774 775 3
775 776 3
777 778 3
778 779 3
779 780 3
780 781 3
781 782 3
782 783 3
783 784 3
784 785 3
728 844 3
787 788 3
788 789 3
789 790 3
790 791 3
791 792 3
792 793 3
794 795 3
795 796 3
797 798 3
798 799 3
799 800 3
800 801 3
802 803 3
808 809 3
810 811 3
757 758 3
766 767 3
787 844 3
793 794 3
796 797 3
803 804 3
748 806 3
698 756 3
758 759 3
785 844 3
805 806 3
806 807 3
755 756 3
776 777 3
807 808 3
809 810 3
756 757 3
764 766 3
764 822 3
766 822 3
766 824 3
822 824 3
770 828 3
771 828 3
788 846 3
789 846 3
766 825 3
769 827 3
770 827 3
779 837 3
780 837 3
793 851 3
794 851 3
795 853 3
796 853 3
796 854 3
810 868 3
761 819 3
762 820 3
767 825 3
774 832 3
775 833 3
778 836 3
789 847 3
853 854 3
799 857 3
801 859 3
805 863 3
806 863 3
808 866 3
809 868 3
754 812 3
755 813 3
756 813 3
756 815 3
757 815 3
757 816 3
758 816 3
759 817 3
760 817 3
760 818 3
760 819 3
762 819 3
763 820 3
763 821 3
764 821 3
822 881 3
768 826 3
769 826 3
771 829 3
772 830 3
773 831 3
775 832 3
776 833 3
776 834 3
777 835 3
780 838 3
781 839 3
782 840 3
783 841 3
784 842 3
844 845 3
787 845 3
846 847 3
790 848 3
791 849 3
792 850 3
794 852 3
797 855 3
798 856 3
800 857 3
800 859 3
802 859 3
803 861 3
804 862 3
806 864 3
807 865 3
807 866 3
809 866 3
811 868 3
811 869 3
812 813 3
816 817 3
818 819 3
824 881 3
824 825 3
768 825 3
827 828 3
828 829 3
829 830 3
830 831 3
831 832 3
834 835 3
835 836 3
836 837 3
837 838 3
838 839 3
839 840 3
840 841 3
841 842 3
785 842 3
845 846 3
847 848 3
848 849 3
849 850 3
850 851 3
851 852 3
852 853 3
854 855 3
855 856 3
856 857 3
802 860 3
861 862 3
862 863 3
863 864 3
864 865 3
865 866 3
809 867 3
868 869 3
815 816 3
819 820 3
820 821 3
821 822 3
832 833 3
800 858 3
859 860 3
803 860 3
866 867 3
817 818 3
833 834 3
785 843 3
857 858 3
858 859 3
867 868 3
813 815 3
826 827 3
842 843 3
843 844 3
825 826 3
860 861 3
824 882 3
869 927 1
821 881 3
825 882 3
813 872 3
815 872 3
831 890 3
832 890 3
866 924 3
815 873 3
867 924 3
872 873 3
864 922 3
865 922 3
821 879 3
857 915 3
867 925 3
868 925 3
816 873 3
879 881 3
858 915 3
861 919 3
868 926 1
816 874 3
818 877 3
819 877 3
831 889 3
833 892 3
834 892 3
845 904 3
846 904 3
855 913 3
860 919 3
865 924 3
924 925 3
869 926 1
812 870 3
813 871 3
817 875 3
817 876 3
818 876 3
820 877 3
825 883 3
826 884 3
827 884 3
827 885 3
828 886 3
829 887 3
830 888 3
889 890 3
833 890 3
835 893 3
836 894 3
837 895 3
838 896 3
839 897 3
840 898 3
841 899 3
842 900 3
843 901 3
844 902 3
845 903 3
847 905 3
848 906 3
849 907 3
849 908 3
850 908 3
851 909 3
852 910 3
853 911 3
854 912 3
854 913 3
856 914 3
858 916 3
859 917 3
860 917 3
862 919 3
863 921 3
864 921 3
922 924 3
870 871 3
871 872 3
873 874 3
816 875 3
875 876 3
876 877 3
821 878 3
882 883 3
883 884 3
885 886 3
886 887 3
887 888 3
888 889 3
833 891 3
892 893 3
893 894 3
894 895 3
895 896 3
896 897 3
897 898 3
898 899 3
899 900 3
900 901 3
901 902 3
902 903 3
904 905 3
905 906 3
906 907 3
907 908 3
908 909 3
909 910 3
910 911 3
911 912 3
855 914 3
857 914 3
916 917 3
862 920 3
862 921 3
921 922 3
926 927 3
874 875 3
820 878 3
884 885 3
890 891 3
891 892 3
913 914 3
914 915 3
920 921 3
925 926 3
881 882 3
903 904 3
919 920 3
878 879 3
880 881 3
912 913 3
915 916 3
917 919 3
877 878 3
879 880 3
881 939 3
917 976 3
919 976 3
882 939 3
920 976 3
891 949 3
892 949 3
909 967 3
917 975 3
885 943 3
886 943 3
908 967 3
916 975 3
924 982 3
873 931 3
880 937 3
908 966 3
925 982 3
872 930 3
873 930 3
874 931 3
875 933 3
877 935 3
879 937 3
880 939 3
882 940 3
902 960 3
903 960 3
907 966 3
913 971 3
914 971 3
975 976 3
922 982 3
874 933 3
875 934 3
876 934 3
878 935 3
939 940 3
883 940 3
886 944 3
888 947 3
889 947 3
897 955 3
916 974 3
920 977 3
925 983 3
926 983 2
870 928 3
871 929 3
874 932 3
876 935 3
880 938 3
938 939 3
883 941 3
884 942 3
943 944 3
887 944 3
887 945 3
888 946 3
890 948 3
892 950 3
893 951 3
894 952 3
895 953 3
896 954 3
898 955 3
898 956 3
899 957 3
900 958 3
901 959 3
901 960 3
903 961 3
904 962 3
905 963 3
906 964 3
907 965 3
910 968 3
911 969 3
912 971 3
914 972 3
914 973 3
915 973 3
915 974 3
974 975 3
920 978 3
921 978 3
928 929 3
929 930 3
931 932 3
878 937 3
941 942 3
942 943 3
944 945 3
945 946 3
946 947 3
947 948 3
948 949 3
950 951 3
951 952 3
952 953 3
953 954 3
954 955 3
955 956 3
956 957 3
957 958 3
958 959 3
959 960 3
960 961 3
961 962 3
962 963 3
963 964 3
964 965 3
967 968 3
968 969 3
912 969 3
971 972 3
922 980 3
980 982 3
982 983 3
926 984 3
927 984 3
930 931 3
933 934 3
937 938 3
940 941 3
949 950 3
966 967 3
972 973 3
973 974 3
976 977 3
921 980 3
934 935 3
878 936 3
935 936 3
977 978 3
932 933 3
983 984 3
965 966 3
936 937 3
969 971 3
978 980 3
971 1028 3
969 1028 3
972 1031 3
973 1031 3
931 989 3
935 993 3
936 993 3
978 1037 3
980 1037 3
932 989 3
952 1010 3
953 1010 3
973 1032 3
930 989 3
936 994 3
937 994 3
937 995 3
938 995 3
959 1017 3
968 1027 3
969 1027 3
974 1032 3
980 1038 3
980 1039 3
982 1039 3
982 1040 3
984 1043 3
933 991 3
934 991 3
934 992 3
935 992 3
948 1006 3
949 1007 3
950 1007 3
953 1011 3
954 1012 3
960 1017 3
961 1019 3
962 1019 3
963 1021 3
964 1021 3
971 1030 3
972 1030 3
975 1032 3
975 1033 3
976 1033 3
977 1036 3
978 1036 3
1037 1038 3
983 1041 2
983 1042 2
984 1042 2
932 990 3
992 993 3
939 997 3
940 997 3
945 1003 3
949 1006 3
954 1011 3
955 1012 3
958 1017 3
967 1025 3
928 986 3
929 987 3
930 988 3
933 990 3
994 995 3
938 996 3
939 996 3
940 999 3
941 999 3
942 1000 3
943 1000 3
943 1002 3
944 1002 3
944 1003 3
946 1004 3
947 1005 3
950 1008 3
951 1009 3
1010 1011 3
955 1013 3
956 1014 3
957 1015 3
958 1016 3
960 1018 3
962 1020 3
964 1022 3
965 1023 3
966 1025 3
968 1025 3
968 1026 3
1031 1032 3
976 1034 3
1036 1037 3
1038 1039 3
1042 1043 3
986 987 3
987 988 3
988 989 3
993 994 3
995 996 3
1003 1004 3
1004 1005 3
1005 1006 3
1006 1007 3
1008 1009 3
1009 1010 3
1011 1012 3
1012 1013 3
1013 1014 3
1014 1015 3
1015 1016 3
1016 1017 3
1017 1018 3
1018 1019 3
1019 1020 3
1020 1021 3
1022 1023 3
966 1023 3
966 1024 3
1025 1026 3
1027 1028 3
1033 1034 3
977 1035 3
1039 1040 3
990 991 3
991 992 3
996 997 3
942 999 3
1000 1002 3
1007 1008 3
1021 1022 3
1023 1024 3
1024 1025 3
1026 1027 3
1030 1031 3
976 1035 3
1035 1036 3
982 1041 2
1040 1041 3
989 990 3
1032 1033 3
1041 1042 3
997 999 3
999 1000 3
1028 1030 3
1034 1035 3
1002 1003 3
