0.01898010512 0.002218407361 15.21958967
0.01927271532 -0.003989068622 15.42150832
-0.01202378235 -0.005094399508 16.82069882
-0.03359854332 0.002038136596 17.93019786
-0.03989149914 -0.009475125879 18.31122968
-0.02221948847 -0.01054595758 16.93790625
0.004328974558 -0.01378195932 13.68854391
-0.0172320652 -0.01141312648 16.83961084
-0.004652979347 -0.004602629978 14.51474097
0.008298798655 -0.01386584785 12.60504719
-0.01307092071 -0.01632814858 16.9000493
-0.008695096389 -0.009194023346 15.51130369
-0.02722006321 -0.006140474649 20.50931427
-0.05625643562 -0.01956273956 28.24710845
0.002218506033 0.001558425427 8.576013195
-0.03355925793 -0.0336673327 21.46062555
-0.0154315401 -0.0421166367 15.69978972
-0.03815900484 -0.01501171418 23.19867949
-0.03904751083 -0.04695590411 24.27038945
-0.05685666787 -0.06541517007 32.16584549
-0.03169376301 -0.01793402479 20.83007937
-0.006314806508 0.01080310491 9.079550693
0.01041614069 -0.001024147102 1.42445584
0.0003764708895 -0.02489468435 6.746859769
-0.001995483194 -0.03657366421 8.352139941
0.03458065562 -0.04277126381 -11.31279633
0.05004746989 -0.04106801818 -20.47723716
0.03727611882 -0.04533880476 -12.55034821
-0.004130042944 -0.02478595586 12.27606599
-0.003558884986 -0.02503029611 11.04124922
0.02352952937 -0.0458061651 -6.125037354
-0.002173880713 -0.01758744673 10.27428312
0.110383525 0.1182012802 -74.14630233
0.5287712796 0.02099606241 -370.5612974
0.1428125016 -0.005362454163 -87.61134871
-0.01178819898 -0.1342325036 31.27778207
-0.03340117173 -0.02513777704 45.73565338
-0.02422578508 -0.04356086163 38.51635635
-0.001540166252 -0.06158746207 20.27160832
0.008477672969 -0.07468540368 12.3140521
-0.01387123783 -0.1164711196 32.68989066
-0.08280618549 -0.02115350815 91.49623453
0.05775084544 -0.04059085962 -42.27638538
0.1102847109 -0.02655803418 -91.48015068
0.125993944 -0.05400692708 -104.9222799
0.1206839641 -0.07847874351 -99.60052443
0.08404596202 -0.06106301997 -62.67790148
0.05559390091 -0.03238722148 -34.11946575
0.004567835727 -0.009330466077 17.76857871
-0.008272872565 0.03168354583 30.09682561
0.4115341685 0.01895551875 -423.0566201
0.04183344358 -0.007541383309 -16.66335074
0.01567142524 -0.006352438899 12.34873619
-0.008213081236 0.02268355723 39.35956328
0.03252743766 0.07147881464 -10.56394393
0.05782599375 0.07519807796 -40.22076417
0.01109854008 0.03549951559 16.94545871
0.02975056738 0.03328192972 -7.027871552
0.02265262025 -0.0006261066655 15.3440688
0.01517300186 -0.002088949991 15.58868115
-0.01507337281 0.006724633058 16.70068198
-0.01855764601 0.008886857561 16.56898498
-0.02508784062 0.02009958717 16.62615516
-0.04092797895 0.007765360119 18.93901304
-0.007169259583 -0.01254723956 15.08089931
-0.01162543173 -0.007239612083 15.79963709
-0.004919945471 -0.0114934603 14.76755443
-0.002510248963 -0.01835599141 14.75058867
-0.007877548753 -0.0199955577 15.96771007
-0.01861953589 -0.01770019764 18.37528337
-0.03527228495 -0.02178155971 23.01107705
-0.06538297085 -0.01801278803 30.9219288
-0.03118827562 -0.04120521771 20.87171381
-0.01290468834 -0.008295054683 13.94022314
-0.02354822369 -0.009227904125 17.88695516
-0.04594235495 -0.0045012559 26.06225157
-0.04978786058 -0.02552438342 28.26461505
-0.02544960265 -0.01340063309 17.93143748
-0.01101854407 0.005487870088 11.28839167
-0.002585155921 0.00633864029 7.52718095
-0.003415024784 0.001292642826 8.105088558
-0.008336261778 -0.01372051584 10.94390683
-0.002724504451 -0.03721876012 8.922160817
0.0161752741 -0.04107684344 -0.9369119608
0.04414132676 -0.03994357727 -17.04368971
0.04331597644 -0.05002014081 -15.63789423
-0.003377587516 -0.01920745416 11.66109755
-0.01207218773 -0.05718161443 17.61058313
0.01038845862 -0.06161351891 3.072506666
0.001622579282 0.007485388149 14.95495572
0.02226057264 -0.01697672852 1.180304478
0.04508220537 -0.008750981063 -15.93119873
0.06326009472 -0.04864096873 -27.5066174
0.003873465073 -0.006428399028 1.623395403
0.01086932003 -0.01575565194 -3.540616709
0.05910357931 -0.05672445296 -40.52137785
0.01067169462 -0.07122622978 10.1416924
-0.01950385942 -0.1341451508 37.89316384
-0.02513883645 0.002936984262 40.2695534
-0.05884509637 -0.3715592236 78.40325645
0.05326200899 -0.02004802539 -38.58978967
0.09396839285 -0.01989894433 -76.20882292
0.1299725514 -0.04186244685 -109.398877
0.1225720108 -0.03986519403 -102.3778129
0.1097671375 -0.0009890982082 -90.3943882
0.04577161439 -0.01014466794 -24.29611331
0.02362878233 0.02887876752 -3.185877628
-0.009380876548 0.02550020745 31.43304588
0.01362635696 0.05364491562 5.091701913
0.4464935705 0.0759369469 -472.8287079
-0.01446493055 -0.02700601103 47.77637383
0.0245411843 -0.02288232262 3.257010339
0.009725431727 0.02286006462 18.92367429
0.01237280372 -0.00779037531 16.82527918
0.03991785724 -0.002379811651 -17.3263834
0.01866424974 0.007371091899 7.609102784
0.01435989881 -0.007296285697 15.63115299
0.01739404995 -0.006330072828 15.63821746
-0.006426470379 0.008502933271 15.97798761
-0.01736652491 0.02020055685 16.13745108
-0.02042698106 0.004461654505 17.09974259
-0.03826567286 0.01886372609 18.34272548
-0.02513681414 0.02121224671 15.96750614
-0.01687472737 -0.001878296389 16.27214333
-0.00879726529 -0.01090615794 15.50612829
-0.0002751411476 -0.01354243555 13.77383028
-0.01477599347 -0.01699403079 17.33028902
-0.02027535445 -0.03753907185 19.96367573
-0.0403140174 -0.03498555194 24.8060737
-0.04515014511 -0.02571315633 25.80640577
-0.02730552173 -0.01735158714 18.98820617
-0.0124757246 -0.006958164003 13.86434988
-0.02249667129 0.002153712111 17.06304451
-0.04928556066 -0.002478281943 27.19349497
-0.0432235348 -0.01521302157 25.43039787
-0.01366747071 5.643261033e-05 12.4716867
-0.00734248557 0.002040631152 9.713585447
-0.004681536185 -0.002074090045 8.872063025
-0.00793778278 -0.006249573325 10.6241777
-0.01248362063 -0.01167256424 13.06570712
-0.02269068017 -0.01130483785 18.07399684
-0.01554730117 -0.02989492955 15.4078652
0.03240077143 -0.07437433069 -9.021746156
0.07412483628 0.08315388843 -39.32564164
0.005066451941 -0.09111672662 9.153292344
-0.0216988124 -0.1053254122 25.85599413
-0.01835382434 -0.06327929056 21.14766702
-0.02845239136 -0.09448648357 30.10390539
-0.01452683671 -0.04656032899 17.19053294
-0.0007093270475 -0.0141205215 5.53623087
0.02781500532 0.02755534965 -18.08706178
0.001653135603 -0.0005414617697 3.053212621
-0.001825679684 -0.003723354159 5.873936676
0.01040537075 -0.01891446463 -3.112741412
0.09255636838 -0.0597723105 -67.83222095
0.06874807252 -0.05598571919 -48.39659298
0.06884187953 -0.05832604632 -48.14597174
0.03411785301 0.003915671462 -21.77270955
0.06058788101 0.001509553506 -46.12955368
0.1114523667 -0.02749557788 -92.37288865
0.1431192794 -0.001921397546 -123.6190371
0.1400094471 0.0123917566 -121.1094008
0.04973953737 0.001718292051 -30.10206836
0.1094526516 0.02123081774 -91.18916748
0.03049666016 0.02806458564 -9.86332397
0.003162905703 0.0595574829 17.19331292
0.02349804744 0.05875493821 -4.688598591
0.05679723685 0.0609167567 -41.76654485
0.09126595658 -0.08706643847 -70.90856678
0.08326409851 -0.076916665 -62.08182139
0.004459709036 -0.02036761063 26.94681023
-0.01224747944 -0.04617178799 47.40845738
0.02697208527 -0.04933167646 0.1096470039
0.02261987623 -0.04169162898 4.814042913
0.01213572507 0.006901174918 14.82041146
0.006369005941 0.003067722328 15.43968763
0.009075032388 0.007424137595 15.19967335
-0.008838344159 0.00978000203 16.28352101
-0.02011600593 0.01991753961 16.35102895
-0.02696890682 0.02824746696 16.18620067
0.008766219814 0.01558247663 11.78019042
-0.03768160534 0.01696514014 18.42612087
-0.006733728005 -0.008325274836 14.95244204
-0.006731265662 -0.01022847922 15.10151533
-0.00750087743 -0.01437729035 15.62531036
-0.03613626751 -0.02586336755 22.92130825
-0.04163658658 -0.03269420282 24.81771221
-0.05671640867 -0.0334369498 29.17286155
-0.02381204828 -0.02134042718 18.34184177
-0.01189102683 -0.01115210901 13.99751627
-0.01576392683 -0.009117751371 15.42964933
0 0 -1
-0.02971999926 -0.01409053727 19.9336421
-0.008520057336 -0.0001227802239 10.27156469
-0.003750696922 -0.001966117661 8.347030798
-0.009035128582 -0.002384697932 10.7842628
-0.01138296925 -0.0009394319432 11.87389795
-0.01904104109 0.002883419992 15.43456236
-0.02903447734 -0.005658172382 21.26678191
-0.006208504428 -0.002928392333 8.808861164
-0.0009235039636 -0.03185666117 6.651287803
0.01641400751 -0.05992539383 -1.304840217
0.008075625464 -0.03894767864 2.949267887
-0.008675615751 -0.06674946667 15.32863236
0.002384321709 -0.03957645354 5.619417092
-0.01840094832 -0.03684678652 19.13804587
-0.005978092984 -0.03488204712 10.04212326
0.01168564387 -0.03353003258 -2.329517362
0.01647592367 -0.006139062722 -7.693780522
0.00597870501 0.00213131563 -0.4148076396
-0.009018165401 -0.0009585588644 11.39032643
-0.03098201042 -0.01794108076 30.26835407
0.002616781217 -0.06730931423 6.179343283
-0.00468329413 -0.02354181889 7.914493357
0 0 -1
0.007362751469 0.01555564066 -5.741289513
0.003785720731 -0.002149990465 -0.9089291891
0.02540610069 0.08993021781 -28.86211032
0.005635191223 0.07777958626 -9.237719019
0.02720665466 0.08828274047 -31.04417312
0.1186933398 0.01893317882 -100.2244753
0.06885479809 0.02918537548 -49.64424035
0.03167915296 0.01438163043 -10.24870687
0.02090906101 0.02180681801 0.7080105974
-0.02634657689 -0.02834186073 55.9576364
-0.03360934958 -0.05285815286 66.05965793
0.01554785368 -0.1866232247 21.21613932
-0.1264376027 0.006293492875 155.6494376
-0.1019763644 0.0661497659 121.2051143
-2.309379649e-05 -0.05080575416 32.26360342
0.01975343743 -0.01915575916 6.37183175
0.01668482111 -0.0233074782 10.60058179
0.01365130761 0.004514103625 15.1236915
0.00930074162 0.0005932609541 15.57136606
0.01333523362 0.003327173638 15.22072238
0.009319719979 0.00386731671 15.43767189
-0.0161029159 0.01604353461 16.40663192
-0.02220222908 0.02366110266 16.21861118
-0.0261239063 0.01844840698 17.21114448
-0.0625351703 0.004376667636 23.87363494
-0.01260340679 -0.01115396915 16.23697092
-0.01283212084 -0.01376158071 16.81934141
-0.01938232823 -0.02025770862 18.71447606
-0.03604804736 -0.01330999106 22.01566374
-0.04481013651 -0.007174833976 23.50578139
-0.05602093014 -0.0167199882 27.67635264
-0.03117949386 -0.008794558548 18.7133547
-0.001935430049 -0.01242788334 10.6885425
-0.004758891071 -0.01908676736 12.50373247
-0.02572927488 -0.01516366217 19.68233312
-0.04261917211 -0.01838588927 25.57691765
-0.003084032869 -0.003089308544 8.235702551
-0.003902440485 0.002622395498 8.128471611
-0.007621896411 0.0009117456146 10.11187331
-0.02227210414 -0.01350186821 18.51899384
-0.03517329685 -0.01093256897 25.06136068
-0.04116658378 -0.01753752865 28.99572378
-0.03184133009 -0.01041891827 23.207847
0.02837472478 -0.0210182117 -10.70138491
0.01296839319 -0.03538977359 -0.2581912819
0.01200529606 -0.04480182612 1.961896104
-0.01956963334 -0.03644624731 20.46381685
-0.01755807046 -0.02738856373 18.25761166
-0.03152350437 -0.0229690496 27.2628284
0.008204315836 -0.01393537207 -1.684308736
0.03412444436 -0.003807171341 -20.82314818
0.01947500577 -0.003036548627 -10.09863411
0.005824338615 -0.007124878367 0.4863013542
-0.005883316041 -0.007723031225 9.710526091
-0.02817354783 -0.002704111681 26.94790239
-0.03662830085 0.006862090894 32.13635127
-0.007198621498 0.003159725674 7.902416083
-0.002020856849 0.02512681949 1.658254098
0.01367519562 0.03924648022 -13.88161814
0.01331555058 0.03438866348 -12.8456516
0.2928499712 0.4372608546 -311.6983387
0.009057517621 0.07294944597 -6.658899591
0.03181111123 0.215105844 -44.3892027
0.4851249803 -0.07677997596 -461.4685825
0.0672202022 0.01546587616 -47.30061738
0.04249271511 0.003693547669 -20.53958139
0.0003501726434 -0.00314927943 24.82237546
-0.05172980496 0.01141453106 79.85971931
-0.3553024508 -0.07818010093 424.6759939
-0.07301841227 -0.1022770539 112.2584238
-0.03393198631 0.2395700034 26.34400493
-0.0708745104 0.2363405793 68.97611197
0.03638786438 -0.02110136854 -14.17689106
0.03826790915 -0.01574965345 -16.40778955
0.01968696152 -0.005266779737 5.352769032
0.01243141416 0.001538586785 15.47623239
0.01074024943 -0.002067667043 15.85792616
0.01681982022 -0.00266653625 15.74229508
0.01894474148 8.731933165e-05 15.21885763
-0.007868580784 0.002650438088 17.08806773
-0.01672980902 0.01188553483 16.75135976
-0.01903687545 0.00218496813 18.25030619
-0.06278164681 0.01249251205 23.33906143
-0.0449229452 0.001058152802 20.54511329
-0.01730420869 -0.01763169571 17.52452083
-0.006336079097 -0.01975691377 15.95392795
-0.01904866494 -0.02275279576 19.15732506
-0.03981623795 0.004646292841 21.04322055
-0.06545488469 0.01529289304 27.23655074
-0.05943777527 0.01169375591 24.8462348
-0.02721245674 -0.008589103487 18.69363663
0.001455777223 -0.01956827364 9.356848205
-0.0478514284 -0.01926201124 27.54031165
-0.01728784536 -0.007729966277 14.07951942
-0.009223246377 0.001009578873 10.04347811
-0.006435014951 -0.02248508598 11.75365987
-0.00987639331 -0.02963546157 14.01586511
-0.009186794289 -0.03669780344 14.15171664
-0.008095366721 -0.04269705533 14.72271612
-0.02627668419 -0.02521983009 21.91568434
-0.04226334929 -0.01922889752 29.87373489
-0.0193237256 -0.02476282153 17.23703287
0.009323777114 -0.04624703187 2.913727564
0.0325889336 -0.06885518053 -8.043925002
-0.001300896205 -0.05541071287 11.28611662
-0.01167761882 -0.03898165228 15.35156574
-0.00833230273 -0.03069413164 11.62740578
0.01828729209 -0.003551392141 -10.1395161
0.04359060797 0.008597517069 -29.23130588
0.01142784994 -0.007746711467 -3.421433716
-0.001934948414 -0.002928195599 6.082375488
-0.008816075148 -0.005333622867 11.71700769
-0.02297334346 0.006122564513 21.82419886
-0.03854296839 0.02289283319 32.02445881
0.008172449818 0.04082906005 -9.432042114
0.02708527343 0.05848474818 -27.66703569
0.03362351321 0.07748734703 -35.90043633
0.03388704419 -0.01470371558 -19.65345961
0.009563575816 0.004423285009 0.5933665196
0.02503162095 0.03213913688 -17.28269267
0.04082341397 0.03929112404 -33.34117193
0.01515003351 0.02898713027 -6.907331575
0.06539029522 0.01074538815 -45.48459402
0.04621465567 -0.006922729469 -23.42654303
0.01297218254 -0.01125468107 12.65533397
-0.003011696249 9.240288657e-05 28.02794696
-0.08255459625 0.05183742081 102.3977499
0.01803250972 0.09063326302 -16.18323468
0.02378837909 0.06592171663 -19.90078745
0.03576236114 0.03862479279 -30.39390636
0.05830907496 -0.003549911861 -41.9807399
0.05425575601 0.005474555372 -37.92994775
0.03320480786 0.01608822711 -13.54355849
0.009925751047 0.003935718746 15.15527589
0.01031013897 0.006368391936 14.77233789
0.01752607744 0.0007073859279 15.27934897
0.01985346637 0.0006148613713 15.28330807
-0.01147669408 0.00271059297 17.51084543
-0.02365422083 0.01025735659 17.55328611
-0.02023610895 0.005762496339 17.85247717
-0.05529735292 0.005807692888 22.95038556
-0.04204573462 -0.0003453825574 20.21146276
-0.01409384384 0.0087348239 13.7002191
-0.0231225207 7.037278845e-06 17.09075775
-0.01894754788 0.01351274924 13.96121996
-0.0219012726 0.01343819915 14.84557373
-0.04025676991 0.02770354731 18.41182447
-0.07290426386 0.03382919043 27.4258835
-0.0339911337 0.01931315861 17.24675763
-0.0004028538892 0.006247549525 7.154097391
-0.04631315098 0.03125328469 20.62436045
-0.03409817337 0.02894372051 16.04384982
-0.03715142228 0.01684116227 19.11534281
-0.01176635315 0.00592186965 9.653345564
-0.02340397313 -0.007048717081 17.32679226
-0.02406057729 -0.007063720068 16.93731909
-0.01072317521 -0.02403597197 13.37976428
-0.02248908958 -0.02316571627 19.33729625
-0.03015365881 -0.03270613169 24.84194659
-0.02866019526 -0.01732753288 21.81037003
-0.03790990543 0.06197842977 15.40211503
0.003987372318 -0.03420715254 4.273603981
-0.007048809645 -0.05078553967 13.60116974
-0.01383172609 -0.04119626205 16.65354211
0.009421829205 -0.003307227416 -3.751673499
0.02562255589 0.02704992255 -19.45507676
0.03043233624 0.002243277029 -19.07248933
0.00725934011 0.006360257929 -2.525772995
0.004536171564 -0.01448611591 2.46006047
0.0004590577921 0.0006748837574 3.347971229
0.01224452831 0.03301051954 -10.70385742
0.02656491259 0.07909885463 -29.67134041
0.04919094686 0.1008498941 -52.07017232
0.05046588342 0.1300502071 -56.96342345
0.07141447017 0.1213351448 -74.00904795
0.04777472026 0.009551143584 -35.77113769
0.02990585107 0.00656411311 -18.77375814
0.03017697423 0.01076795473 -19.65299817
0.03309284069 0.01371498401 -22.76484147
0.03429060357 0.01274034888 -23.86187229
0.04341334548 -0.003581732698 -30.65331325
0.03327209993 0.007175010235 -11.73291211
0.01910020511 -0.003704376218 4.878433561
0.002815076952 0.004133696038 21.34257277
-0.01801614456 0.002635267086 44.1778931
0.002832340623 0.02028143385 9.936575123
0.02635638595 0.01470580875 -16.0908978
0.03373940166 0.0196057347 -25.42229066
0.06807863293 0.003503992408 -54.62653022
0.07184677167 -0.003188709924 -58.33784983
0.05521970024 -0.0002818715117 -38.58116292
0.009639973564 0.01168539159 13.96482569
0.01088043683 0.02233177587 12.24772604
0.02419826996 0.007258877788 13.9828803
0.02979196525 0.01350939326 12.75205694
-0.02462477199 0.005774928041 18.22669094
-0.02780105228 0.00396598782 18.81832188
-0.04120307434 0.001253798442 21.27703218
-0.07514721062 -0.0006693901896 26.552374
-0.01772888766 -0.03182657548 21.06584644
-0.007527885056 0.0004589087024 13.87104124
-0.02625190849 0.01613997249 15.52492643
0.0005153716369 0.03545346502 5.635651825
-0.009999837944 0.06106620032 4.236171061
-0.03268281516 0.05821842073 11.42491773
-0.04663452608 0.05817744645 15.51222303
-0.02223720067 0.02221274286 12.57009528
-0.007445759123 0.03283304474 5.70161623
-0.03968249363 0.03212154237 17.91783913
-0.03355095329 0.04950729209 12.62058025
-0.0697830015 0.03034180561 30.49130002
-0.030420524 0.08570613799 4.800498527
-0.02311346712 0.05370912383 7.108954783
0.01133336319 0.01383185071 -3.60766645
0.004715301269 0.02319869214 -2.269322483
-0.02966187361 0.01973777537 16.34826289
-0.0439048516 -0.01450222863 29.56888367
-0.02756890163 -0.03380266426 23.61037059
-0.0266297708 -0.02155790741 20.96374591
-0.005921474316 -0.01996568504 7.984409123
0.0009694313255 -0.01010895421 2.411983074
-0.009013800705 -0.03462617439 12.42696266
0.03454951368 0.09223573781 -35.68349524
0.02624374666 0.052650883 -22.77473659
0.006087543692 0.03645489207 -6.335149996
0.01645835197 0.05024336515 -16.59789332
0.008832443705 0.03852735278 -8.883771974
0.02509990083 0.08628393945 -29.43459101
0.0360624816 0.05751585151 -33.2980066
0.04692198936 0.09397382689 -47.93171838
0.03550936862 0.1001313072 -39.56383256
0.02753359605 0.07602803432 -28.6761412
0.03682425832 0.07489850945 -36.4246393
0.04606420011 0.02263415586 -36.2647275
0.03150238944 0.01198706842 -21.13697416
0.02979576304 0.007842443927 -18.79544351
0.03038067501 0.006822479882 -19.22422433
0.03633935556 0.0003571618719 -24.09939761
0.036769431 -0.006234156827 -23.49854771
0.06020098423 -0.023207903 -35.28354585
0.02454679656 0.001840403853 -1.6568987
-0.009597609411 0.000484719831 35.25754268
-0.006714707288 0.0005478954698 31.97368878
0.008885413987 -0.001331309424 6.204437852
0.02023699554 -0.01241931625 -4.905436473
0.02776302552 -0.007742527614 -14.47115024
0.04750936554 0.01728475431 -31.96387241
0.05056741363 0.001657156128 -33.21343071
-0.03718706458 0.01666776341 62.07971343
0.01120271998 0.01663287835 13.12886281
0.1307809022 0.4307585651 -53.49695636
-0.01719586336 0.05642575093 23.40769351
-0.055140553 0.03225741189 30.51330879
-0.06099942994 0.01283899032 34.636369
-0.03608714418 0.02038806667 16.94587118
-0.03895439597 0.006744589234 19.81283559
-0.06123095137 0.003634402543 23.70430832
-0.04018117884 0.01547064468 17.01422199
-0.005797541497 -0.01395762648 15.77706061
-0.02210900272 0.01962323503 13.87235606
0.008321402865 0.0613601519 -0.195672294
-0.01713973308 0.150164811 -8.724312407
0.006316601358 0.1764590934 -20.067766
0.0420581945 0.1207682559 -19.06844052
-0.06154220038 0.02608002274 32.72936078
-0.02195414264 0.04004687144 10.01325526
-0.01508926805 0.07111605517 1.467311572
-0.01537511079 0.1340084896 -8.953462204
-0.04158592552 0.178240847 -5.941506354
-0.06374400509 0.1759763913 4.132083473
-0.08175214847 0.2036328144 7.810178416
-0.04677099097 0.107333229 8.914668338
-0.02915208875 0.09976950277 2.094949275
-0.05037177815 0.1048231669 12.38729826
-0.0315483298 0.06625258093 9.211475603
-0.02604049723 0.2290276518 -23.04880314
-0.009596511822 0.2881312776 -43.6007078
0.005269383902 0.3049325817 -55.65761291
0.01749894557 0.2971135197 -62.03536789
0.01845818331 0.2504964393 -53.63678925
0.07265760268 0.1950823458 -80.14509768
0.007304188274 0.1150570164 -20.8454469
-0.01158826495 0.08202827588 -1.1202349
0.01436783383 0.09590305892 -23.0816894
0.00808731109 0.1829807211 -33.64893345
0.02122856642 0.2288684255 -52.22810971
0.03924033556 0.1644640563 -54.81848475
0.05474264757 0.1640019985 -67.26559439
0.02002569253 0.1378459801 -33.46263948
0.01350845602 0.1215644433 -25.04675327
-0.004004906315 0.112556414 -7.469467599
0.03892986164 0.0491557897 -34.48930013
0.02191498298 0.0356528829 -16.48965704
0.03266422949 0.02077808989 -23.94854415
0.02829303303 0.01866512242 -19.2940282
0.03180748035 0.005764834857 -20.55473372
0.03712943032 0.01226483702 -27.15333956
0.08081270884 -0.02639208411 -56.03103454
0.02344400694 -0.00501677944 0.6649406001
-0.005438346857 0.0001453374972 30.76583794
0.00946510112 -0.004886461215 5.992375004
0.01167176824 -0.02193513464 6.559595115
0.0192585948 -0.02371853897 -1.687784287
0.02537737703 -0.03389418799 -6.942259155
0.02554701811 0.005872228923 -3.571429928
0.01462189514 -0.007591234863 12.145965
-0.02616310232 0.02466971955 46.47900529
-0.0340837793 0.01198130749 33.17308905
-0.01425418596 0.01841721037 31.01954748
-0.03750928681 0.03256030511 29.35471164
-0.0396623977 0.02046199153 31.72927352
-0.06069386478 0.02231245254 32.82645602
-0.09793260664 0.02710090058 35.80832954
-0.03940504673 0.01411883953 18.36940189
-0.05269699619 0.02899898864 17.30106734
-0.003704535635 0.1150870465 -1.048039937
0.01177636558 0.08936905115 1.590396329
-0.01550060522 0.03365213758 19.71215942
-0.04855673141 0.04315807025 25.46889257
-0.05956657549 0.186111189 -3.164781208
-0.01866702157 0.1463565845 -6.733637898
-0.006310388711 0.08067869943 3.787584273
-0.05894695168 0.04072835986 28.88825634
-0.1013331072 0.03098954096 45.08062959
-0.0495786176 0.1417047964 2.020314249
-0.03318709221 0.1458463215 -4.516036753
-0.01205533344 0.1352031317 -10.54103866
-0.0407142653 0.1092317563 7.381183298
-0.04818167569 0.1130606811 9.462270385
-0.03259549077 0.1801879113 -11.74058928
0.007078383059 0.3287128959 -61.50514175
0.009786967072 0.3343557163 -63.75616959
0.009234953445 0.3251414057 -61.76062686
-0.005018299876 0.3104137453 -50.61667956
0.001194428649 0.3107687466 -54.30799519
-0.0025052 0.3055163123 -51.09234617
0.01281000023 0.2980727803 -59.1023875
0.01067057343 0.2949063195 -56.79668737
0.009784713327 0.2859713063 -54.51239066
0.004638717467 0.3324489954 -60.46705149
0.01485403064 0.319405914 -65.22051222
0.02104865797 0.3155370105 -68.98940192
0.01424983609 0.2805402433 -56.90753964
0.01499862166 0.2933530519 -60.05084252
0.02173047684 0.2443160391 -55.51132719
0.02524364298 0.2442077864 -58.30566776
0.02245399069 0.2422147088 -55.5181203
0.02586555416 0.2257246163 -55.21450367
0.01408749072 0.2475932116 -49.27031784
0.02458513786 0.2759972998 -64.57519684
0.01368523941 0.2983145924 -58.98724122
0.009342836769 0.2947687751 -54.08100139
0.01884253889 0.3034599652 -65.1212885
0.02387620823 0.2997690686 -69.51109455
0.04677710508 0.2805822488 -88.8450757
0.3135590233 -0.009084644246 -304.2797118
0.01144674916 0.02311052971 7.791850031
-0.01201497869 0.007926228884 36.12414654
-0.07301640826 0.3216323237 33.24118145
-0.004969369336 0.2805048366 -34.46730134
0.004165659007 0.2659794588 -42.07271825
0.01507617363 0.2545626156 -51.73536152
0.02766080586 -0.001957490657 -4.63808192
0.02491797947 -0.0005577577586 -1.772076713
-0.009891332745 0.1058604016 9.940869697
-0.03184494572 -0.007935453632 37.44583125
-0.02970833747 0.0008622806192 35.50972047
-0.02895050752 -0.0001573902792 35.71134264
-0.04247444325 0.01024004036 34.0065824
-0.06521309283 0.02587676605 32.42666158
-0.07761133571 0.01417215959 36.83945951
-0.1153425247 0.058165781 31.16302345
0.009026528646 0.0972213062 1.066993212
-0.003114384613 0.1082612911 0.4399718884
-0.0004984673674 0.05582532293 11.49922627
-0.03161171629 0.02798291627 24.82997743
-0.06180546248 0.04221380482 28.91942079
-0.07617195129 0.1071319735 17.98436734
-0.03256006599 0.0918142063 8.928468427
-0.03766995921 0.07559808751 14.2711991
-0.07633009571 0.04614485478 33.19776436
-0.04723863669 0.06472065473 18.59366388
-0.006121086618 0.2408419521 -36.47504592
0.001098609717 0.2731187189 -46.09327978
0.00566099215 0.305999869 -55.99734435
0.0003656997213 0.342737858 -61.92560792
0.00125601513 0.3250424371 -58.24204565
0.01544242033 0.3540684622 -70.8476477
0.01025397541 0.3361210427 -64.41235708
0.008202878987 0.3307001418 -61.96477506
0.00564490027 0.3240270025 -59.03639467
-0.001892310815 0.3156515628 -53.29958544
-0.005464530008 0.3197660743 -52.26493024
0.004505641964 0.3201464701 -58.38894497
0.007585669854 0.3076088516 -57.55742898
0.008662659262 0.3011667319 -56.66741532
0.0137049383 0.3047976745 -60.95280201
0.02250272348 0.3226257808 -70.75049995
0.008553621089 0.330063035 -62.64435927
-0.0008541745707 0.3276065303 -55.30562065
0.01212098204 0.3174950905 -62.88457615
0.01162593647 0.3160917644 -62.28223089
0.02212414515 0.289614068 -64.95135186
0.01787756249 0.2959542595 -62.77650249
0.01776709446 0.3021382505 -64.25151612
0.01512766223 0.2792740137 -57.10755519
0.01391323021 0.3064628907 -62.03270462
0.0220251631 0.282543031 -64.0640901
0.01533658557 0.2761142204 -56.22125719
0.01853034639 0.2619825129 -55.92080945
0.02308884224 0.2743017973 -63.17222053
0.03004690799 0.2663173005 -68.2394469
0.03522268891 0.2722222577 -74.95573871
0.04674718806 0.2531872937 -82.73799958
0.03429407277 0.1026092216 -34.5245737
-0.06593545069 0.137597856 65.88568941
-0.009534031459 0.2585075553 -23.98810559
0.01340651383 0.2813766052 -54.56606224
0.01464552782 0.2892322241 -58.12932679
0.05280164027 0.2602258212 -95.81007505
0.05184634126 0.02348478981 -39.57308791
-0.004061596994 0.0802699722 15.23646182
0.005014652061 0.2756854946 -44.22300312
-0.02537664042 -0.02569628446 41.56564743
-0.02897363103 -0.01274364997 38.49396354
-0.03961696001 0.00740856528 34.37872724
-0.03414363533 0.003305113631 35.31259843
-0.04431867354 0.001122201464 36.33650636
-0.06618444211 0.00419433905 37.94510458
-0.08595750794 0.04526250325 29.69510668
-0.09297085864 0.05107631856 29.14463955
-0.02363168604 0.1217300804 0.3079500306
-0.04179152177 0.06673879766 17.26278866
-0.0395091961 0.01050755391 30.47406935
-0.03624449765 0.02153505206 27.27314387
-0.03931172798 0.0443477139 22.05330013
-0.04576433754 0.1093910395 8.388590926
-0.02220598392 0.164648719 -12.32252481
-0.004487003228 0.3339058217 -60.05667259
0.04119711804 0.3355267519 -76.25146604
0.02344425584 0.3282249365 -67.75476543
0.006945452714 0.3519159751 -66.55349871
0.000440282541 0.3512067303 -64.00821912
0.006441961453 0.3331948906 -62.01826967
0.003003926967 0.3289020252 -59.27118377
0.01177935649 0.3201337613 -61.06071479
0.01097438788 0.3186202587 -60.39721092
0.005259446845 0.3155271826 -56.93901519
-0.0005626588611 0.3225027634 -55.5860098
-0.001471073352 0.3260464681 -56.11847413
0.006182716681 0.3286101562 -61.48397483
0.01004883408 0.3208576968 -61.80792612
-0.002933057311 0.3206130873 -53.72607711
0.0006296541582 0.3224865458 -56.39721403
0.01707126518 0.3106635395 -64.51313671
0.04672402146 0.2936264029 -80.88244188
0.02604981101 0.3250365075 -73.83934355
0.008145229236 0.3265607335 -61.31631223
0.006440910422 0.3483116996 -65.35113553
0.001259782002 0.3309614517 -57.8138775
-0.009388981976 0.3249780995 -47.88061611
0.01649023034 0.2979897617 -61.66559792
0.01522915542 0.320232057 -66.00472829
0.01575187119 0.3032025062 -62.25107006
0.03045977249 0.2949178345 -73.25918009
0.01290485018 0.3154826855 -63.13535495
0.01613890161 0.304915409 -63.26643535
0.02264241796 0.2818801729 -64.63070495
0.01366508665 0.3087761558 -62.33088662
0.02785103335 0.2839549429 -70.76611065
0.02293943756 0.285433425 -65.84505293
0.01727856578 0.2414623148 -49.60008174
0.02456750455 0.2047291338 -48.19470997
0.002997982895 0.2108940637 -26.44920318
0.0203053579 0.2399180567 -52.44975241
0.01436408067 0.2327486656 -44.02499346
0.01665183795 0.2450349577 -49.84051067
0.01463857402 0.2450182767 -47.3311821
0.02369701448 0.2254752811 -53.24780173
0.005535540832 0.2446294151 -36.35514688
0.03549915829 0.2686776874 -79.18262593
-0.01762624894 -0.03934559743 44.94218136
-0.01550290864 -0.03162007043 42.8085013
-0.01690761213 -0.01641570554 38.76898017
-0.03087429911 0.007473789868 33.33204543
-0.05079600283 -0.02443104505 43.8588462
-0.05570537836 0.02293697657 31.44617813
-0.04998784135 0.0703030403 18.09871519
-0.03723798845 0.1272269746 0.8256985739
-0.003287031495 0.2702015332 -43.19057186
-0.0004818827386 0.3339014458 -61.46007091
-0.0008266292163 0.3840591986 -75.20459179
0.009385956772 0.4045429051 -83.14568829
0.001472003156 0.415745421 -84.15435941
-0.00725521608 0.4396397895 -87.71349143
0.01036295469 0.4235142901 -88.29897228
0.03304792995 0.4033530355 -89.41681067
0.01246490727 0.3477622193 -67.51226518
0.02558273233 0.3537968073 -74.44800484
0.01311770134 0.3346810693 -64.65013084
0.00173420454 0.336048409 -59.86031531
0.003479406081 0.3371601928 -61.02851528
0.0002413104688 0.3259395925 -56.77771063
-0.000766722304 0.3193113836 -54.57309368
-0.002909710552 0.3234588145 -54.57402711
0.004734070688 0.3116907557 -55.48452862
-0.006373736676 0.3241299705 -52.91077904
0.001953910279 0.3276562823 -58.36966152
0.000565010133 0.3268220361 -57.40138422
-0.004642940892 0.3199380269 -52.29531004
-0.0009607011464 0.3255426077 -56.18752844
0.002873966355 0.3189617322 -56.8225003
0.01403766198 0.3150653453 -63.53207346
0.02800660321 0.3045090227 -70.55966126
0.04544515615 0.2933196505 -79.80962514
0.02269423478 0.3196180845 -70.08179769
0.005148572057 0.3207274155 -57.62077043
0.02604360118 0.3250586543 -74.94426235
-0.04967980589 0.4263906473 -41.00302839
-0.0112681343 0.3217170144 -45.23825626
0.01454713692 0.2871445313 -57.46415511
0.02808822239 0.265330024 -62.47942
0.0191234237 0.2833521504 -59.436353
0.01040604945 0.294639851 -55.28578751
0.01486585058 0.291141334 -58.49004652
0.0208502361 0.2906336061 -64.16111602
0.01273883266 0.28605582 -54.84787529
0.006162439659 0.3109419211 -54.76435682
0.002872724152 0.3240276226 -55.74247204
-0.004513897927 0.3423924915 -52.84623709
0.03166381689 0.1908810912 -51.2734734
0.02222097341 0.217625694 -48.25702541
0.02649843571 0.2403265058 -58.5046057
0.005545596817 0.2447391676 -36.97702076
0.03053980536 0.2552172571 -67.91401385
0.01001828698 0.2318040956 -38.6326388
0.02450394902 0.243126832 -58.76825779
0.03927895212 0.245000518 -77.40037713
0.02584500802 0.2532942529 -63.40734157
-0.0182162539 -0.04427580744 46.25774217
-0.01337886347 -0.04399972455 46.00175191
0.002405504222 -0.0266683075 40.23205608
0.0150870245 0.02052305762 25.65310475
0.01753758136 0.2834316671 -50.32174787
-0.02213660692 0.2840852117 -45.74886514
0.017758671 0.3401603783 -66.74362695
0.01702656806 0.3443811625 -67.77467708
0.003175338645 0.3397627715 -63.20870441
-0.001655392105 0.3426829331 -63.40243112
0.008481405453 0.3464612275 -66.40669641
0.02249174146 0.3663184405 -75.53057554
0.007509279951 0.3832389738 -76.52355382
0.008718100712 0.3736212087 -73.93255757
0.006564812134 0.3381968567 -62.71926024
0.003091891313 0.3318886565 -59.76430335
0.008628104216 0.3288005131 -60.90597619
0.005226524304 0.3358004698 -61.80285899
0.004865220645 0.3356207283 -61.6088192
0.005971725145 0.3207765355 -57.75664062
-0.007449210087 0.3201604723 -51.72113829
-0.005454743925 0.3241452634 -53.74959217
-0.002190392058 0.3263241343 -55.95385827
-0.001422517918 0.3228161512 -55.22735008
-0.00577392681 0.3200888724 -52.19217211
0.003099689299 0.3254837233 -58.60416768
0.004161721463 0.3194707036 -57.36832311
0.001713011179 0.3277718671 -58.36608544
-0.00120408578 0.3316164335 -57.83808732
0.00014756806 0.3289818203 -57.85795644
-0.006948634031 0.322073904 -51.26866605
0.00114700369 0.3232752063 -56.93539541
0.009491572487 0.3184735813 -61.32740281
0.03094776766 0.3041351212 -72.61887339
0.04762495952 0.2864076399 -79.42994882
0.01947856625 0.3163546652 -66.84359069
0.003145443284 0.3295180519 -58.6641363
0.05167740157 0.2682130802 -79.80812126
-0.0001648955989 0.3389641969 -57.63672092
0.01056620039 0.302776386 -58.41531351
0.02129065857 0.2820681108 -61.76457352
0.01625635655 0.2830131972 -57.69841871
0.03075685592 0.2600553537 -63.94515656
0.02748872022 0.2622456832 -61.37706551
0.01231481999 0.3072336748 -60.50091796
0.01422387483 0.2979809556 -59.56009543
0.0112103278 0.3017103239 -57.67424823
0.00700393542 0.2936237568 -51.20697298
0.005311342616 0.293111851 -48.96413736
0.008707477474 0.3123335761 -58.06840571
0.02665466579 0.2633852721 -61.44497212
0.0456593998 0.1817761666 -58.16268522
0.0222994444 0.2431157599 -55.50690236
0.03897530649 0.2140472975 -66.20391382
0.0434573413 0.1725046126 -59.63728984
0.05772077331 0.07703134313 -48.06546283
0.07504971408 0.02094705678 -52.63668756
0.07059317294 0.04002319441 -52.70889558
0.01996579843 0.3453738862 -67.96723725
0.0212095615 0.3334222022 -64.22117386
0.0153673534 0.2892004284 -49.91720756
0.009028130385 0.3333563718 -63.60507717
0.01654389236 0.3392280061 -66.1342631
0.01092152728 0.3355697196 -64.37072087
0.01475193165 0.3525378152 -70.36583496
0.02761448973 0.3444006487 -69.5107647
0.01154862661 0.3399453741 -65.3317702
0.01934038232 0.3563871613 -71.918656
0.0137435957 0.3599976643 -72.05084961
0.02104120041 0.3402125996 -67.4139031
0.008914147701 0.3341086606 -62.23299646
0.005045592464 0.3276705096 -59.24528903
0.00463504538 0.3231978355 -57.73073984
0.003195178833 0.3285178443 -58.97544569
0.003729827146 0.3196000396 -56.39995289
-0.003082612703 0.3241284613 -55.2226811
0.0009263817989 0.3219674286 -56.03057986
0.002834450373 0.3213451359 -56.80797704
0.001852291651 0.3134996697 -53.93118078
-0.0003554280249 0.3220068087 -55.53889407
0.000483939306 0.321393797 -55.69580884
-0.007769581604 0.3199721312 -51.17198406
0.002271412511 0.3284246188 -59.04091594
0.009519279329 0.3245335056 -61.90730505
0.006010448451 0.3236876675 -59.52554078
0.001850043229 0.3310879535 -59.40825231
-0.0009539572911 0.3295715984 -57.26814124
-0.003683340624 0.3286053227 -55.29880104
-0.001094789872 0.3282583898 -56.86465263
-0.001079681149 0.3225413231 -55.02150063
-0.001384612015 0.3194873824 -53.85993365
0.00962040402 0.3183344214 -61.38623507
0.03730745751 0.3012832006 -76.61274253
0.05872709625 0.2844680757 -87.06468852
0.01875140448 0.328416103 -70.02861062
-0.003181627904 0.3495969236 -59.53846581
0.02764089173 0.2847599654 -64.8996078
0.126410218 0.1396178871 -103.0538896
0.1199418126 0.146621078 -99.97233463
0.004801437698 0.3153944256 -57.01169499
0.009281676853 0.2994293958 -56.18786718
0.02065135098 0.2765094506 -59.67260672
0.02675682888 0.2640277214 -61.6128748
0.03472329439 0.2391602557 -61.2810526
0.02619186475 0.2676969761 -61.42431696
-0.01350210614 0.318269181 -37.50017155
0.008927998068 0.2931852325 -52.94190832
0.01109032785 0.2734485527 -48.94620707
0.01308242411 0.2551802891 -45.45524935
0.01910177668 0.2389450418 -47.02289142
0.03465863959 0.1993062545 -51.81791795
0.03403214433 0.1546810618 -36.74267992
0.05786491071 0.07847676097 -40.11069642
0.05819856055 0.1462306596 -61.90114411
0.05598742988 0.07454116103 -45.40701062
0.10866104 0.04981768813 -91.2930558
0.01719998077 0.3489457284 -69.0903658
0.01703062564 0.3494487641 -69.26818539
0.01748773549 0.3433809267 -67.51658722
0.01469997097 0.3597831665 -72.98094199
0.01462028896 0.3499294279 -69.39430389
0.01972818767 0.3448140112 -68.18141731
0.01995975788 0.3444762395 -68.10950744
0.02861282953 0.3526078452 -72.390866
0.01678253315 0.3537179317 -70.60072222
0.01063540575 0.3419699842 -65.36785754
0.007756215735 0.3383815298 -63.61758776
0.01509325827 0.3336172838 -63.86257329
0.01108370976 0.3281189797 -61.04641717
0.0005263126348 0.3234936139 -56.71333216
0.008561299801 0.3203513991 -58.11664912
-4.92024154e-05 0.3218615539 -55.70842555
0.0001330869515 0.3223274293 -56.00085918
0.002780354573 0.3189392235 -55.76508542
0.0009114674938 0.3208586584 -55.66059789
0.002270992099 0.3170990233 -55.03671693
-0.0003284614191 0.3250381968 -56.61669672
0.0008524615704 0.3262138399 -57.51304742
-0.003023625828 0.3161547485 -52.24126223
-0.003858482176 0.3230135511 -54.14105377
-0.001334399125 0.3245335244 -55.98912394
0.002137002513 0.324728315 -57.79425855
0.01036735597 0.3275905639 -63.39733355
0.0111435651 0.3188414259 -60.91263594
-0.005122869946 0.3231489254 -52.58724605
-0.002558075828 0.3261817582 -55.12278856
-0.007853542208 0.3252415303 -51.39068954
-0.001546742289 0.3275074433 -56.35761806
0.00247432915 0.3205063156 -56.84718746
0.007416873409 0.3250411204 -61.88593804
0.00748571122 0.3230587107 -61.25822921
0.03756931954 0.3075525106 -78.95245456
0.06770609513 0.2804256368 -92.87663556
-0.007036942803 0.3527569443 -56.84101726
-0.01589306322 0.3561283489 -51.06305018
0.002899976528 0.3306117606 -58.76609965
0.05069839076 0.2559607225 -75.41828305
0.08087425782 0.2008323907 -83.4362014
0.1239124497 0.1425694878 -102.0567537
0.006788189689 0.3104920101 -57.39246356
0.009437381868 0.3122341012 -60.65804101
0.01186107123 0.2911126987 -55.85505729
0.01368902713 0.2666726268 -49.58784892
0.01865037577 0.2441691589 -46.61113433
0.0237087107 0.2565046342 -55.46531572
0.0124046077 0.2767363304 -49.55446056
0.007906127192 0.264196934 -42.70026449
0.01414581135 0.2433019566 -42.70967531
0.02924721759 0.2410046612 -58.79506989
0.03014374266 0.2112742159 -50.13678675
0.02313731642 0.2152237389 -43.46767404
0.03904230657 0.2130851098 -61.26268378
0.02480462867 0.2049024806 -41.07159419
0.06997349196 0.08874685517 -57.03950659
0.01861019704 0.3508488049 -69.74790524
0.01942243032 0.3500381894 -69.47993214
0.02779160063 0.347862884 -69.053965
0.01334191041 0.3595686037 -72.5743779
0.01926201035 0.3523822117 -70.81718908
0.02628781827 0.3523746277 -71.5576521
0.02376353411 0.3503727868 -70.47032625
0.01310637355 0.3468371206 -67.65895464
0.006950326406 0.3305220883 -60.87200862
0.01269711846 0.3133870332 -56.06623437
0.005167263471 0.3199858005 -56.73909949
0.00452826545 0.3165356712 -55.32361282
0.00248222576 0.3192201414 -55.69420594
-0.002273107262 0.3189586134 -54.24709153
0.001337942171 0.3130092984 -53.23041333
0.005758254106 0.3170678325 -56.0441301
-0.0003285968674 0.3176397662 -54.11006328
0.002304544949 0.3178428434 -55.11732441
-0.004081591716 0.3167740879 -52.22484483
0.002756823781 0.3174433304 -55.23756793
0.002919189461 0.3268741712 -58.61535355
0.0006316264599 0.3259747543 -57.22278653
-0.006059777851 0.3096773376 -48.45286973
0.003298271852 0.3044369307 -51.29187089
0.005488451347 0.315547139 -56.4855775
0.005406743824 0.3225372391 -58.92997064
0.009227300698 0.3305774283 -63.75843937
0.009073890243 0.3176685254 -59.11063018
-0.005776305514 0.3200915241 -50.95873013
-0.005566838643 0.3304870793 -54.69675511
-0.001406045766 0.3246224575 -55.3366495
-0.006582715077 0.3203069882 -50.326558
-0.001559173401 0.3185977824 -53.25456582
0.004941250395 0.3147308616 -56.54436277
0.0100082382 0.3116315177 -59.14781668
0.008254336679 0.3086284112 -56.96057997
0.0606209869 0.2834213758 -89.07745916
0.06557636712 0.2860431393 -92.96667438
0.008547816091 0.3396241749 -65.38563414
-0.01784107481 0.3671873408 -53.0310829
-0.02916684136 0.3504234469 -37.69655322
0.02633615728 0.2632336779 -56.19326338
0.09952300407 0.1794735032 -92.89357902
0.1267864317 0.1364221964 -102.4665877
0.1520693605 0.113883911 -118.177932
-0.01038194538 0.3240378707 -45.05243853
0.005845088844 0.2954435881 -51.06655733
0.01270875329 0.2758943014 -51.11775262
0.01278847192 0.2463640738 -40.57934871
0.03065517479 0.2147492238 -48.4772394
0.07680143525 0.1452314398 -73.28611424
0.1104868673 0.06617922068 -82.01128974
0.1407290381 0.01267486335 -96.59193657
0.03382215695 0.2456830608 -65.43762334
0.02519253686 0.230641689 -50.17577659
0.03699894362 0.2253874148 -62.35927285
0.02763886239 0.2446606755 -57.83907057
0.02880391189 0.2786760351 -71.4348442
0.01729699638 0.352403321 -70.28221039
0.01623776582 0.3500473343 -69.3775989
0.01367195075 0.3453505116 -67.50705135
0.007534265342 0.3409355075 -65.37853876
0.01112991934 0.3595412075 -72.45875762
0.01696065233 0.3364893188 -64.64327207
0.01319073552 0.3212931922 -58.62194232
0.006540888737 0.3064225503 -52.24172587
0.008244005364 0.2978586295 -49.37771435
0.006983225549 0.3028701568 -51.03619701
0.007284236272 0.3041908011 -51.58093136
0.006314945611 0.297881774 -49.11820047
0.002250947877 0.291609502 -45.8068617
-0.0003150085935 0.2940848952 -45.94891101
0.00127452571 0.2829901687 -42.48980562
0.008176597213 0.2835357401 -44.88278763
0.009166912232 0.2852566196 -45.92328021
0.002771351513 0.3163712993 -54.82448904
-0.005112542333 0.297486466 -44.86244618
0.005240699179 0.312728135 -54.6117663
0.0006392247283 0.3034725013 -49.32820003
-0.006432905615 0.2982161304 -44.16025107
-0.00334918447 0.293900856 -44.19074048
0.001846095776 0.2949401984 -47.128245
0.005231133527 0.3146486096 -55.95023458
0.008403714653 0.3127275019 -56.99760679
0.0122151434 0.3083819129 -57.56935518
0.004020201463 0.3044081355 -51.34626966
0.001518036711 0.3048035216 -49.99254854
-0.005825579273 0.3073834421 -46.33623576
-0.001412397065 0.3033821068 -47.7432713
-0.003443146843 0.3127329973 -49.74980665
0.00182097054 0.3153329818 -54.31603256
-0.0005760560239 0.3075444606 -49.92216831
0.005827866202 0.3128912205 -56.51244443
0.001051824239 0.3103158755 -51.9661811
0.02564109526 0.2861582603 -62.45615729
0.09005276756 0.2366649652 -95.65095106
0.04680194091 0.3142822708 -87.69667536
-0.01741501434 0.3605276229 -51.14158014
-0.02984847787 0.3471256964 -35.64738334
-0.02159986969 0.3146817849 -31.50073769
0.04226610587 0.2282281559 -57.82501139
0.1142048992 0.1139194817 -82.54865107
0.1573122256 0.08813353095 -113.9776805
0.0809231411 -0.01442748697 -10.62562259
0.00362184451 0.2670279593 -38.6150302
0.007648544867 0.2597889737 -40.05726458
0.003570385159 0.2395565725 -28.44509238
0.02416579766 0.1991908982 -35.74224518
0.05794604098 0.126336674 -45.63234082
0.08528432019 0.09280470884 -63.59782856
0.1236184263 0.000643935362 -72.81926708
0.1563033379 -0.03591461723 -96.66573451
0.04617702516 0.1721277015 -54.4193464
0.04951454276 0.1642136564 -55.62348345
0.04742018103 0.2087701216 -69.14519597
0.06676453334 0.2572727997 -110.469979
