0 1 3
1 3 3
3 4 3
4 5 3
5 6 3
6 7 3
7 8 3
8 9 3
9 10 3
10 11 3
11 13 3
13 14 3
14 15 3
15 16 3
16 17 3
17 20 3
20 21 0
21 22 3
22 23 3
23 24 3
24 26 3
26 27 3
27 28 3
28 29 3
29 89 3
32 89 2
32 33 3
33 34 1
34 35 3
35 36 3
36 37 3
37 38 3
38 39 3
39 40 3
40 41 3
41 42 3
42 43 3
43 44 3
44 45 3
45 46 3
46 105 3
48 105 3
48 49 3
49 50 3
50 51 1
51 52 3
52 53 3
53 54 3
54 55 3
55 57 3
17 19 3
19 20 3
57 113 3
11 70 3
13 70 3
24 83 3
26 83 3
88 89 3
36 94 3
55 113 3
29 88 3
37 94 3
57 115 0
1 59 3
38 97 3
113 115 0
6 65 3
7 65 3
39 97 3
42 100 3
49 107 3
0 59 3
3 60 3
3 62 3
4 62 3
14 72 3
17 76 3
19 76 3
19 78 3
35 93 3
36 93 3
43 100 3
43 101 3
1 60 3
3 61 3
6 64 3
8 67 3
15 72 3
15 73 3
16 73 3
16 74 3
19 77 3
20 78 2
22 79 3
34 92 3
35 92 3
113 114 0
61 62 3
9 67 3
13 71 3
77 78 3
114 115 3
5 63 3
64 65 3
8 65 3
8 66 3
14 71 3
73 74 3
21 78 3
21 79 3
23 82 3
24 82 3
26 84 3
33 91 1
34 91 3
40 98 3
41 98 3
41 100 3
45 103 3
46 104 3
48 106 3
49 106 3
50 108 3
52 110 2
53 110 2
54 110 2
0 58 3
6 63 3
11 69 3
70 71 3
72 73 3
17 74 3
23 81 3
83 84 3
32 90 1
33 90 1
100 101 3
44 101 3
45 104 3
104 105 3
106 107 3
49 108 3
54 112 3
55 112 3
4 63 3
10 68 3
69 70 3
76 77 3
81 82 3
82 83 3
89 90 1
93 94 3
41 99 3
105 106 3
51 108 0
58 59 3
60 61 3
62 63 3
63 64 3
9 68 3
78 79 3
97 154 3
99 100 3
103 104 3
112 113 3
59 60 3
66 67 3
68 69 3
22 137 3
23 137 3
27 86 3
28 86 3
38 154 3
98 99 3
107 108 3
110 112 2
65 66 3
81 137 3
26 86 3
84 86 3
28 88 3
90 91 3
92 93 3
44 103 3
91 92 3
39 98 3
79 137 3
37 154 3
110 169 0
67 68 3
112 169 0
74 76 3
86 88 3
94 153 3
37 153 3
153 154 3
114 172 3
71 72 3
86 143 3
89 147 1
107 165 3
51 110 2
113 172 0
84 143 3
101 103 3
108 167 3
51 167 0
110 168 0
86 145 3
88 145 3
90 147 3
110 167 0
168 169 3
74 133 3
76 133 3
97 98 3
108 165 3
167 168 3
112 171 3
113 171 3
90 148 3
61 119 3
88 146 2
89 146 1
92 150 3
101 160 3
103 160 3
62 119 3
66 124 3
77 136 2
78 136 3
91 150 3
60 118 3
65 124 3
146 147 2
97 156 3
98 156 3
104 161 3
106 165 3
67 124 3
67 126 3
68 126 3
73 132 3
74 132 3
83 141 3
147 148 3
99 158 3
100 158 3
103 161 3
105 164 3
106 164 3
61 118 3
64 123 3
65 123 3
72 131 3
73 131 3
82 141 3
91 148 3
104 163 3
63 122 3
64 122 3
132 133 3
76 134 3
81 139 3
82 139 3
84 141 3
86 144 3
91 149 3
93 151 3
94 152 3
101 159 3
105 163 3
115 172 3
58 116 3
59 118 3
63 121 3
67 125 3
72 129 3
131 132 3
133 134 3
77 134 3
82 140 3
84 142 3
144 145 3
145 146 2
148 149 3
93 150 3
152 153 3
159 160 3
104 162 3
163 164 3
115 173 3
59 117 3
118 119 3
62 120 3
63 120 3
121 122 3
69 126 3
71 129 3
78 137 1
137 196 3
81 196 3
139 140 3
140 141 3
142 143 3
143 144 3
149 150 3
97 155 3
99 156 3
162 163 3
119 120 3
124 125 3
69 128 3
70 128 3
150 151 3
151 152 3
154 155 3
101 158 3
59 116 3
122 123 3
125 126 3
141 142 3
156 215 3
158 159 3
161 162 3
112 228 0
171 172 0
71 128 3
139 196 3
169 228 3
172 173 3
116 117 3
117 118 3
123 124 3
155 156 3
99 215 3
164 165 3
165 167 3
128 129 3
129 131 3
136 137 3
160 161 3
120 121 3
144 203 3
145 203 3
77 194 3
136 194 3
147 205 3
171 230 0
172 230 3
158 215 3
171 229 3
167 225 3
168 225 3
112 229 3
131 189 3
146 203 2
146 205 2
126 184 3
126 128 3
193 194 3
136 195 3
123 181 3
125 183 3
126 183 3
137 195 3
148 205 3
148 206 3
149 206 3
159 216 3
163 221 3
164 221 3
165 224 3
167 224 3
124 181 3
129 189 3
143 201 3
202 203 3
149 207 3
152 210 3
153 210 3
154 212 3
155 213 3
164 222 3
165 223 3
122 180 3
124 182 3
134 192 3
134 194 2
142 201 3
144 201 3
144 202 3
153 212 3
155 212 3
156 213 3
158 216 3
164 223 3
168 226 3
169 227 3
173 230 3
116 174 3
121 179 3
122 179 3
123 180 3
131 190 3
132 190 3
212 213 3
160 218 3
161 218 3
226 227 3
227 228 3
117 174 3
117 175 3
118 175 3
118 176 3
119 178 3
120 178 3
121 178 3
181 182 3
124 183 3
128 184 3
128 186 3
129 187 3
133 192 3
134 193 3
139 197 3
140 198 3
141 199 3
142 199 3
146 204 1
161 219 3
162 220 3
173 231 3
174 175 3
119 176 3
119 177 3
179 180 3
183 184 3
129 186 3
194 195 3
196 197 3
197 198 3
198 199 3
142 200 3
203 204 1
205 206 3
218 219 3
219 220 3
220 221 3
221 222 3
222 223 3
228 229 1
229 230 0
175 176 3
178 179 3
182 183 3
192 193 3
200 201 3
223 224 3
225 226 3
230 231 3
176 177 3
133 190 3
195 196 3
199 200 3
201 202 3
151 209 3
152 209 3
186 187 3
204 205 3
206 207 3
150 209 3
177 178 3
184 186 3
187 189 3
189 190 3
150 207 3
210 269 3
153 269 3
159 275 3
160 275 3
175 234 3
176 234 3
213 215 3
209 210 3
216 275 3
218 275 3
224 225 3
190 192 3
196 254 3
212 269 3
150 265 3
228 286 1
229 286 3
207 265 3
215 216 3
192 249 3
180 181 3
186 243 3
192 250 1
213 272 3
215 272 3
229 287 3
187 246 3
189 246 3
150 266 3
210 268 3
212 270 3
220 279 3
221 279 3
184 243 3
209 266 3
268 269 3
269 270 3
224 282 3
286 287 3
193 251 3
195 253 3
265 266 3
209 268 3
216 274 3
225 282 3
227 285 3
175 233 3
233 234 3
186 244 3
189 305 3
189 248 3
190 248 3
190 249 3
196 253 3
200 258 3
206 265 3
220 278 3
222 279 3
223 282 3
226 285 3
177 234 3
179 237 3
180 237 3
187 244 3
248 305 3
199 258 3
205 264 3
206 264 3
213 270 3
215 274 3
219 278 3
278 279 3
223 281 3
225 283 3
230 288 3
174 232 3
177 236 3
178 236 3
187 245 3
248 249 3
192 251 3
194 252 3
197 255 3
198 256 3
199 257 3
201 259 3
204 262 3
205 263 3
215 273 3
218 276 3
219 277 3
222 280 3
222 281 3
281 282 3
282 283 3
229 288 0
231 289 3
175 232 3
179 236 3
244 245 3
245 246 3
193 252 3
254 255 3
255 256 3
256 257 3
257 258 3
201 258 3
202 318 3
203 262 1
262 263 3
263 264 3
264 265 3
273 274 3
275 276 3
276 277 3
277 278 3
226 284 3
227 286 1
288 289 3
180 296 0
243 244 3
246 305 3
250 251 0
195 252 3
201 318 3
272 273 3
274 275 3
226 283 3
181 296 0
181 240 0
184 242 3
249 250 2
258 259 3
259 318 3
285 286 1
287 288 0
232 233 3
242 243 3
253 254 3
280 281 3
283 284 3
284 285 3
181 297 0
182 240 0
251 252 3
252 253 3
279 280 3
236 237 3
237 296 0
240 297 3
183 240 0
183 242 3
296 297 3
203 319 3
262 319 0
177 294 3
234 294 3
236 294 3
272 329 3
183 299 3
213 329 3
298 299 3
242 299 3
253 311 3
202 319 3
209 325 3
254 311 3
268 325 3
287 345 3
305 306 3
318 319 3
286 345 3
240 299 3
248 306 3
263 322 3
264 322 3
266 325 3
286 343 0
248 307 3
249 307 3
270 329 3
272 330 3
280 338 3
281 339 3
237 294 3
254 313 3
255 313 3
259 317 3
265 322 3
266 323 3
329 330 3
275 333 3
277 335 3
278 337 3
279 337 3
279 338 3
280 339 3
288 346 3
233 291 3
237 295 0
245 303 3
258 317 3
265 323 3
274 333 3
278 335 3
281 340 3
282 340 3
287 346 0
234 291 3
294 295 0
246 303 3
250 307 2
317 318 3
319 320 1
262 320 3
263 320 3
276 334 3
284 343 3
285 343 3
232 290 3
240 298 3
242 300 3
243 301 3
244 302 3
254 312 3
256 314 3
257 315 3
257 316 3
258 316 3
263 321 3
266 381 3
268 326 3
269 327 3
270 327 3
270 328 3
273 331 3
273 332 3
274 332 3
277 334 3
278 336 3
337 338 3
283 341 3
284 341 3
284 342 3
288 347 3
289 347 3
233 290 3
300 301 3
301 302 3
302 303 3
246 304 3
251 309 3
311 312 3
313 314 3
314 315 3
315 316 3
316 317 3
320 321 3
325 326 3
326 327 3
330 331 3
332 333 3
333 334 3
335 336 3
339 340 3
340 341 3
342 343 3
294 352 3
304 305 3
250 424 3
250 309 0
252 310 3
312 313 3
321 322 3
323 381 3
331 332 3
336 337 3
338 339 3
341 342 3
295 352 3
299 300 3
307 424 1
309 310 3
328 329 3
334 335 3
345 346 0
346 347 3
290 291 3
294 351 3
303 304 3
325 381 3
297 298 3
322 323 3
327 328 3
234 351 3
306 307 3
291 351 3
295 296 3
252 311 3
286 403 3
299 357 3
309 424 3
345 403 3
310 311 3
343 403 1
305 363 3
307 365 3
298 357 3
304 363 3
365 424 1
309 425 3
319 377 3
300 357 3
306 363 3
424 425 3
339 396 3
343 402 3
318 377 3
338 396 3
402 403 1
351 352 3
322 380 3
323 380 3
307 364 3
309 368 3
317 375 3
318 375 3
318 376 3
340 398 3
346 404 3
347 404 3
306 364 3
376 377 3
339 398 3
295 353 3
300 358 3
290 348 3
352 353 3
295 354 3
296 354 3
297 354 3
301 358 3
325 383 3
331 388 3
332 390 3
341 399 3
291 348 3
291 350 3
312 371 3
313 371 3
375 376 3
320 379 3
321 379 3
381 383 3
330 388 3
333 390 3
336 394 3
337 395 3
337 396 3
340 399 3
297 355 3
298 356 3
301 359 3
302 360 3
303 361 3
304 361 3
364 365 3
310 368 3
311 368 3
311 369 3
314 372 3
315 373 3
316 373 3
325 384 3
326 384 3
327 385 3
328 386 3
329 386 3
329 387 3
331 389 3
332 389 3
335 393 3
336 395 3
339 397 3
342 400 3
343 401 3
347 405 3
291 349 3
354 355 3
355 356 3
356 357 3
357 358 3
358 359 3
359 360 3
360 361 3
368 369 3
312 369 3
312 370 3
371 372 3
372 373 3
321 380 3
380 381 3
384 385 3
385 386 3
386 387 3
387 388 3
334 393 3
336 393 3
395 396 3
396 397 3
398 399 3
399 400 3
400 401 3
401 402 3
404 405 3
350 351 3
363 364 3
316 375 3
379 380 3
383 384 3
333 391 3
393 394 3
394 395 3
397 398 3
346 403 1
349 350 3
370 371 3
320 377 0
388 389 3
389 390 3
390 391 3
334 391 3
334 392 3
403 404 0
348 349 3
368 425 3
316 374 3
373 374 3
374 375 3
392 393 3
353 354 3
377 379 1
391 392 3
304 420 3
368 426 3
377 436 3
379 436 3
361 420 3
363 420 3
369 426 3
399 457 3
381 441 3
383 441 3
393 450 3
358 415 3
371 429 3
377 435 3
404 462 3
352 411 3
353 411 3
357 415 3
363 421 3
435 436 3
405 462 3
370 429 3
376 435 3
381 439 3
392 450 3
355 413 3
356 413 3
356 414 3
420 421 3
369 370 3
380 438 3
381 438 3
384 442 3
397 455 3
357 414 3
365 423 3
376 433 3
383 442 3
384 443 3
385 443 3
390 448 3
394 452 3
398 455 3
398 456 3
398 457 3
402 460 3
351 411 3
354 413 3
364 423 3
425 426 3
375 433 3
386 443 3
387 445 3
388 447 3
389 447 3
391 448 3
393 452 3
396 455 3
456 457 3
401 460 3
403 460 0
349 407 3
350 407 3
354 412 3
358 416 3
359 417 3
360 418 3
364 422 3
423 424 1
369 427 3
371 430 3
372 430 3
379 437 3
386 444 3
388 445 3
388 446 3
390 447 3
391 449 3
391 450 3
393 451 3
395 452 3
395 453 3
396 454 3
400 458 3
401 459 3
405 463 3
411 412 3
415 416 3
359 416 3
417 418 3
361 418 3
361 419 3
421 422 3
422 423 3
426 427 3
370 427 3
373 430 3
373 431 3
436 437 3
437 438 3
438 439 3
442 443 3
444 445 3
447 448 3
448 449 3
450 451 3
451 452 3
453 454 3
454 455 3
458 459 3
403 462 0
348 406 3
349 406 3
412 413 3
414 415 3
430 431 3
374 431 3
374 433 3
443 444 3
449 450 3
452 453 3
400 457 3
459 460 3
351 407 3
445 446 3
455 456 3
462 463 3
418 419 3
419 420 3
374 490 3
441 442 3
446 447 3
457 458 3
406 407 3
411 468 1
413 414 3
429 430 3
433 490 3
407 408 1
351 408 1
416 417 3
410 411 0
376 492 3
439 441 3
419 477 3
420 477 3
433 492 3
435 492 3
410 468 3
411 469 1
423 481 3
403 519 3
408 411 0
424 481 0
460 519 1
370 486 3
439 497 3
441 497 3
462 519 1
420 479 3
429 486 3
421 479 3
455 513 3
408 468 0
422 480 3
423 480 3
456 513 3
422 479 3
425 483 3
438 497 3
454 512 3
462 520 3
463 520 3
480 481 3
424 483 3
426 484 3
430 487 3
438 496 3
444 503 3
445 503 3
450 509 3
451 509 3
453 512 3
416 475 3
417 475 3
479 480 3
429 487 3
437 496 3
443 501 3
444 501 3
518 519 1
408 525 3
477 479 3
441 499 3
442 499 3
452 510 3
456 515 3
457 515 3
457 516 3
458 516 3
460 518 3
519 520 0
468 525 1
412 470 3
413 471 3
414 471 3
415 474 3
416 474 3
418 475 3
427 485 3
486 487 3
431 489 3
435 493 3
442 500 3
442 501 3
446 504 3
447 505 3
448 506 3
450 507 3
450 508 3
452 511 3
453 511 3
459 516 3
459 517 3
460 517 3
408 466 3
469 470 0
414 530 3
414 473 3
474 475 3
418 477 3
426 483 3
427 484 3
430 489 3
490 492 3
437 495 3
499 500 3
500 501 3
446 505 3
448 505 3
449 507 3
508 509 3
451 510 3
511 512 3
512 513 3
463 521 3
471 530 3
473 530 3
415 473 3
475 477 3
424 540 3
484 485 3
374 489 3
495 496 3
497 499 3
445 504 3
449 506 3
510 511 3
520 521 3
413 470 3
481 540 1
483 540 3
370 485 3
430 488 3
489 490 3
504 505 3
505 506 3
507 508 3
509 510 3
515 516 3
517 518 3
487 488 3
503 504 3
513 515 3
466 525 3
468 469 3
435 494 3
436 494 3
436 495 3
506 507 3
470 471 3
483 484 3
488 489 3
492 549 3
492 493 3
493 494 3
494 495 3
496 497 3
473 474 3
490 549 3
516 517 3
485 486 3
513 572 3
479 538 1
515 572 3
473 532 3
474 532 3
477 535 3
477 538 3
480 538 1
535 538 3
480 539 1
481 539 1
497 556 3
501 560 3
408 523 3
466 524 3
489 547 3
499 556 3
444 560 3
407 523 1
466 523 3
490 547 3
503 560 3
503 561 3
469 527 3
470 527 1
474 533 3
475 533 3
475 534 3
477 534 3
536 538 3
537 538 3
504 561 3
512 570 3
513 571 3
521 579 3
523 524 3
470 528 2
471 528 2
532 533 3
534 535 3
536 537 3
487 545 3
492 550 3
493 551 3
494 551 3
512 571 3
515 574 3
516 574 3
520 579 3
468 526 3
533 534 3
486 545 3
488 545 3
493 550 3
495 554 3
497 554 3
509 567 3
511 570 3
519 577 3
469 526 3
538 539 3
551 610 3
494 610 3
496 554 3
504 562 3
506 564 3
510 567 3
571 572 3
524 525 3
527 528 0
484 542 3
485 543 3
488 547 3
499 557 3
500 558 3
500 559 3
501 559 3
505 562 3
505 564 3
507 564 3
508 566 3
510 568 3
511 569 3
515 573 3
516 575 3
517 575 3
518 576 3
518 577 1
471 529 2
473 531 3
531 532 3
535 536 3
483 541 3
483 542 3
557 558 3
558 559 3
560 561 3
507 565 3
566 567 3
567 568 3
568 569 3
570 571 3
573 574 3
574 575 3
575 576 3
576 577 1
519 578 0
520 578 3
525 526 0
542 543 3
484 543 3
486 543 3
488 604 3
559 560 3
507 566 3
407 522 1
540 541 3
541 542 3
545 604 3
549 550 3
494 554 1
505 563 3
572 573 3
577 578 0
522 523 3
528 529 3
539 540 3
486 602 3
547 605 3
556 557 3
563 564 3
565 566 3
578 579 3
529 530 3
547 549 3
561 562 3
564 565 3
530 531 3
545 602 3
547 606 3
549 606 3
562 563 3
569 570 3
543 602 3
550 551 3
554 610 0
526 527 3
545 603 3
554 613 3
497 613 3
556 613 3
602 603 3
525 583 3
526 583 1
576 634 3
554 612 3
565 624 3
566 624 3
577 634 0
526 584 3
527 584 3
530 588 2
537 594 3
634 635 1
577 636 0
578 636 3
524 583 3
531 588 2
538 596 2
539 596 3
554 611 3
577 635 3
527 585 2
529 587 3
530 587 2
531 589 3
539 597 3
610 611 3
612 613 3
557 616 3
558 616 3
567 624 3
528 586 3
529 586 3
588 589 3
537 595 3
537 596 3
540 597 3
603 604 3
549 607 3
550 607 3
611 612 3
568 626 3
569 628 3
570 628 3
571 628 3
528 585 3
532 589 2
594 595 3
540 600 2
547 604 3
606 607 3
556 614 3
565 623 3
569 626 3
573 631 3
522 580 3
586 587 3
587 588 3
541 600 3
542 600 3
557 615 3
559 616 3
560 618 3
561 619 3
562 619 3
564 623 3
567 625 3
569 627 3
571 629 3
572 630 3
573 630 3
574 631 3
574 632 3
575 633 3
579 636 3
579 637 3
523 580 3
583 584 0
585 586 3
543 600 3
613 614 3
614 615 3
615 616 3
559 617 3
561 618 3
563 622 3
564 622 3
623 624 3
624 625 3
625 626 3
626 627 3
627 628 3
629 630 3
632 633 3
633 634 3
636 637 3
533 591 3
534 591 3
597 600 3
559 618 3
563 621 3
628 629 3
631 632 3
635 636 0
532 590 2
534 536 3
536 594 3
543 601 3
551 607 3
562 621 3
622 623 3
630 631 3
600 601 3
601 602 3
616 617 3
618 619 3
584 585 3
532 591 3
595 596 3
617 618 3
590 591 3
605 606 3
619 620 3
562 620 3
589 590 3
591 650 3
551 609 3
609 610 3
523 581 3
524 581 3
524 582 3
596 597 3
620 621 3
621 622 3
580 581 3
582 583 3
534 650 2
581 582 3
534 651 2
604 605 3
583 758 0
650 651 3
536 653 3
624 682 3
534 653 3
594 653 3
551 666 2
623 682 3
584 758 1
588 647 3
589 647 3
600 656 3
600 657 3
607 666 3
630 688 3
631 689 3
597 656 3
656 657 3
688 689 3
609 666 3
534 652 2
652 653 3
597 655 3
606 665 3
629 687 3
651 652 3
601 659 3
602 659 2
607 665 3
612 670 3
613 670 3
623 681 3
628 686 3
628 687 3
629 688 3
591 648 2
596 654 2
596 655 2
603 661 3
604 661 2
619 678 3
620 678 3
622 681 3
627 685 3
687 688 3
632 690 3
636 694 3
636 695 3
637 695 3
590 647 3
590 648 3
654 655 3
600 658 3
601 658 3
602 661 2
666 667 3
609 667 3
611 670 3
621 678 3
633 690 3
633 691 3
634 692 3
694 695 3
580 638 3
581 639 3
586 645 3
587 645 3
588 646 3
595 653 3
596 653 3
657 658 3
658 659 3
602 660 2
604 662 2
605 664 2
606 664 2
613 671 3
614 672 3
615 673 3
616 674 3
617 675 3
618 676 3
619 677 3
621 679 3
622 680 3
625 683 3
626 684 3
632 689 3
634 691 3
635 692 0
638 639 3
582 639 3
586 644 3
645 646 3
646 647 3
659 660 3
660 661 3
605 662 2
609 668 3
610 668 3
671 672 3
672 673 3
673 674 3
674 675 3
675 676 3
676 677 3
677 678 3
678 679 3
679 680 3
681 682 3
682 683 3
683 684 3
684 685 3
685 686 3
691 692 3
582 640 3
585 643 3
586 643 3
644 645 3
661 662 3
605 663 2
665 666 3
611 668 3
670 671 3
680 681 3
686 687 3
639 640 3
583 640 3
643 644 3
662 663 3
663 664 3
635 694 0
583 641 1
584 642 2
585 642 3
653 654 3
655 656 3
664 665 3
689 690 3
641 758 0
642 643 3
647 648 3
690 691 3
640 641 3
642 758 1
611 669 3
668 669 3
669 670 3
648 650 3
667 668 3
648 707 3
650 707 3
652 710 3
653 710 2
650 708 3
651 709 3
651 710 3
692 750 3
692 751 1
640 698 3
651 708 3
709 710 3
635 751 3
694 752 3
639 698 3
641 698 3
708 709 3
653 711 2
659 718 3
660 718 3
664 722 3
679 737 3
687 745 3
750 751 1
635 752 0
647 706 3
648 706 3
707 708 3
710 711 3
654 711 3
663 721 3
663 722 3
667 726 3
668 726 3
669 726 3
673 731 3
680 737 3
684 742 3
686 745 3
688 747 3
689 747 3
690 749 3
691 749 3
695 753 3
638 696 3
639 697 3
641 699 3
642 700 3
646 705 3
647 705 3
654 712 3
655 713 3
656 714 3
657 715 3
658 716 3
659 716 3
659 717 3
661 718 3
721 722 3
670 729 2
671 729 2
672 731 3
674 732 3
674 733 3
675 733 3
676 734 3
677 735 3
678 736 3
680 738 3
681 739 3
682 740 3
683 741 3
683 742 3
685 743 3
686 744 3
688 746 3
690 748 3
751 752 0
695 752 3
696 697 3
697 698 3
700 758 1
643 700 3
646 704 3
705 706 3
706 707 3
712 713 3
713 714 3
714 715 3
715 716 3
665 723 3
669 727 3
670 727 3
673 732 3
733 734 3
734 735 3
735 736 3
736 737 3
738 739 3
739 740 3
740 741 3
741 742 3
742 743 3
743 744 3
745 746 3
747 748 3
748 749 3
749 750 3
645 704 3
704 705 3
716 717 3
662 718 3
662 721 3
664 723 3
666 723 3
726 727 3
731 732 3
732 733 3
744 745 3
752 753 3
698 699 3
645 703 3
717 718 3
672 729 2
737 738 3
746 747 3
643 703 3
644 703 3
711 712 3
722 723 3
703 704 3
667 782 1
666 782 1
643 759 3
718 777 3
662 778 3
721 778 3
727 729 3
703 759 3
662 777 3
777 778 3
667 783 1
726 783 1
699 758 0
726 784 1
700 759 3
723 782 3
727 784 1
727 785 1
782 783 3
784 785 3
729 731 3
718 776 3
722 782 3
731 789 2
729 789 3
722 780 3
722 781 3
781 782 3
783 784 3
703 760 3
711 769 3
776 777 3
721 780 3
699 757 3
757 758 0
759 760 3
710 768 3
711 768 3
712 771 3
717 776 3
727 786 1
729 786 3
732 789 2
751 867 3
752 867 1
698 756 3
713 771 3
714 772 3
729 787 3
733 792 2
734 792 3
735 793 2
750 808 3
751 808 0
753 811 3
697 755 3
698 755 3
699 756 3
705 764 3
706 764 3
713 772 3
780 781 3
785 786 3
789 790 3
732 790 2
734 793 2
752 811 3
696 754 3
704 762 3
704 763 3
705 763 3
706 765 3
707 765 3
708 765 3
708 766 3
708 767 3
709 767 3
715 773 3
716 773 3
716 774 3
787 789 3
733 790 2
790 791 3
733 791 2
736 794 2
737 795 2
739 798 3
740 798 3
741 799 3
742 800 3
743 801 3
744 802 3
745 803 3
746 804 3
747 805 3
748 805 3
748 807 3
749 807 3
752 810 3
754 755 3
755 756 3
762 763 3
765 766 3
710 767 3
772 773 3
717 774 3
792 793 3
793 794 3
794 795 3
738 796 2
740 799 3
741 800 3
800 801 3
801 802 3
802 803 3
803 804 3
804 805 3
748 806 3
810 811 3
766 767 3
768 769 3
771 772 3
774 776 3
778 780 2
738 795 2
798 799 3
750 807 3
808 867 1
756 757 3
703 761 3
763 764 3
764 765 3
791 792 0
738 798 3
805 806 3
758 759 2
760 761 3
704 761 3
786 787 3
796 798 3
807 808 3
810 867 1
767 768 3
711 771 3
773 774 3
795 796 3
799 800 3
806 807 3
761 762 3
769 771 3
780 837 2
790 847 2
791 848 2
798 855 2
771 828 3
778 837 2
789 846 3
789 847 3
790 848 2
798 854 2
796 854 3
854 855 3
787 846 3
810 868 3
811 868 3
769 828 3
776 833 3
786 844 3
787 844 3
792 850 1
808 866 3
757 815 3
758 817 1
759 817 3
784 843 3
785 843 3
801 858 2
766 825 3
767 825 3
782 840 3
798 856 2
799 857 3
800 857 2
800 858 2
758 816 1
760 817 3
778 836 2
787 845 3
846 847 3
855 856 3
799 856 2
868 869 3
811 869 3
756 814 3
761 820 3
762 820 3
765 823 3
766 823 3
774 833 3
836 837 3
783 841 3
784 842 3
842 843 3
847 848 3
791 850 2
793 851 0
801 859 2
807 866 3
866 867 1
755 814 3
758 815 1
768 826 3
769 826 3
771 829 3
774 832 3
777 835 3
777 836 3
784 841 3
843 844 3
785 844 3
857 858 3
802 859 2
754 812 3
755 813 3
815 816 3
764 822 3
764 823 3
768 825 3
769 827 3
772 829 3
772 830 3
773 831 3
773 832 3
832 833 3
835 836 3
781 840 3
845 846 3
794 852 3
795 854 3
858 859 3
802 860 2
803 861 2
807 865 3
812 813 3
813 814 3
757 814 3
816 817 3
763 820 3
822 823 3
827 828 3
828 829 3
829 830 3
830 831 3
831 832 3
776 835 3
782 841 3
848 849 3
791 849 2
792 851 2
793 852 3
795 852 3
795 853 3
859 860 3
860 861 3
803 862 2
804 862 2
806 864 3
806 865 3
865 866 3
760 820 3
850 851 2
853 854 3
763 821 3
764 821 3
823 825 3
825 826 3
781 837 2
844 845 3
849 850 3
856 857 3
867 868 0
760 819 1
820 821 3
821 822 3
826 827 3
852 853 3
861 862 3
805 864 2
864 865 3
819 820 0
776 892 3
840 841 3
841 842 3
851 852 1
805 862 2
814 815 3
835 892 3
817 819 1
833 892 3
823 882 3
825 882 3
781 897 2
805 921 2
840 897 3
862 921 3
864 921 3
868 927 2
869 927 3
837 897 3
815 873 3
864 923 3
865 923 3
817 875 3
851 909 1
866 924 2
819 875 3
865 924 3
814 872 3
820 878 3
844 902 3
846 904 3
847 905 3
848 906 1
849 907 1
850 909 1
859 917 3
867 925 3
821 878 3
827 885 3
828 886 3
837 895 3
841 899 3
842 899 3
845 902 3
845 904 3
848 905 3
848 907 1
850 908 1
852 910 1
853 912 1
854 912 0
860 917 3
864 922 3
867 924 0
868 984 2
815 872 3
816 873 3
823 881 3
826 885 3
829 886 3
830 888 3
831 888 3
835 893 3
836 893 3
836 895 3
840 898 3
851 910 1
858 916 3
922 923 3
867 983 3
868 983 1
927 984 3
812 870 3
813 871 3
819 878 3
821 880 3
822 880 3
826 884 3
885 886 3
829 887 3
830 887 3
831 889 3
833 891 3
892 893 3
836 894 3
841 898 3
842 900 3
843 900 3
905 906 3
853 911 1
854 913 3
855 913 3
857 916 3
917 918 0
860 918 2
924 925 1
870 871 3
871 872 3
819 877 3
880 881 3
881 882 3
825 884 3
884 885 3
832 890 3
893 894 3
837 896 3
896 897 3
846 905 3
907 908 0
909 910 3
910 911 3
911 912 1
857 915 3
859 916 3
923 924 3
872 873 3
888 889 3
832 889 3
890 891 3
895 896 3
843 902 3
845 961 3
856 915 3
817 873 3
886 887 3
891 892 3
897 898 3
904 961 3
908 909 3
855 915 3
915 916 3
861 918 2
925 983 3
877 878 3
887 888 3
894 895 3
898 899 3
902 961 3
904 905 3
912 913 1
916 917 3
875 877 3
899 900 3
983 984 0
913 915 3
873 875 3
882 941 3
825 941 3
861 921 3
889 890 3
900 960 3
843 960 3
906 907 3
875 934 3
821 879 3
879 880 3
884 941 3
877 934 3
902 960 3
905 964 3
915 972 3
921 922 3
878 879 3
913 972 3
918 921 2
881 939 3
882 939 3
906 964 3
961 962 3
904 962 3
880 939 3
921 977 1
890 949 3
891 949 3
895 953 3
896 953 3
972 973 3
918 977 1
921 978 1
888 947 3
889 947 3
909 967 3
917 975 1
921 979 1
872 931 3
873 931 3
873 932 3
875 932 3
875 933 3
899 957 3
907 965 3
910 967 3
977 978 3
922 979 1
872 930 3
932 933 3
879 937 3
887 945 3
888 945 3
890 947 3
896 954 3
897 954 3
900 957 3
905 963 3
963 964 3
908 965 3
927 985 3
930 931 3
931 932 3
933 934 3
880 937 3
882 998 3
941 998 3
884 942 3
885 943 3
886 944 3
886 945 3
890 948 3
893 952 3
894 952 3
900 958 3
959 960 3
906 965 3
915 973 1
916 974 1
916 975 1
918 976 1
984 985 3
871 929 3
877 935 3
878 935 3
878 936 3
879 936 3
880 938 3
938 939 3
885 944 3
948 949 3
894 953 3
953 954 3
898 957 3
957 958 3
958 960 3
908 966 3
912 970 0
913 970 3
913 971 3
916 973 1
974 975 3
917 976 1
870 928 3
872 929 3
941 942 3
885 942 3
888 946 3
947 948 3
891 950 3
892 950 3
952 953 3
954 955 3
897 955 3
898 955 3
898 956 3
904 963 3
964 965 3
910 968 3
911 969 3
976 977 3
928 929 3
935 936 3
937 938 3
944 945 3
945 946 3
946 947 3
956 957 3
958 959 3
962 963 3
965 966 3
908 967 3
968 969 3
912 969 0
970 971 3
971 972 3
973 974 3
975 976 3
979 980 1
922 980 2
923 980 2
924 980 2
943 944 3
949 950 3
893 950 3
967 968 3
969 970 3
978 979 0
980 982 1
924 983 1
942 943 3
924 982 1
929 930 3
934 935 3
936 937 3
950 952 3
960 961 3
982 983 3
955 956 3
939 998 3
966 967 3
972 1030 0
978 1037 3
979 1037 1
950 1009 3
952 1009 3
960 1018 3
934 992 3
961 1018 3
963 1022 3
964 1022 3
971 1029 3
982 1040 3
930 988 3
937 996 3
938 996 3
945 1002 3
956 1014 3
972 1029 3
978 1036 3
929 988 3
931 988 3
944 1002 3
953 1011 3
957 1014 3
959 1017 3
962 1020 3
968 1027 3
969 1027 3
1036 1037 3
980 1037 2
980 1040 2
933 991 3
934 991 3
935 993 3
935 994 3
936 994 3
937 994 3
952 1010 3
952 1011 3
957 1016 3
958 1016 3
960 1017 3
963 1020 3
980 1039 2
1039 1040 3
983 1042 3
991 992 3
937 995 3
947 1005 3
957 1015 3
963 1021 3
984 1042 1
932 990 3
932 991 3
934 993 3
993 994 3
994 995 3
942 1000 3
943 1002 3
948 1005 3
1009 1010 3
954 1011 3
1014 1015 3
961 1020 3
1021 1022 3
965 1023 3
966 1023 3
970 1029 3
973 1031 3
975 1033 0
977 1035 1
978 1035 1
982 1041 3
983 1041 3
931 989 3
931 990 3
939 997 3
941 1000 3
943 1000 3
946 1004 3
946 1005 3
1015 1016 3
961 1019 3
1029 1030 2
974 1031 3
974 1032 3
976 1033 0
980 1038 2
1038 1039 3
928 986 3
929 987 3
988 989 3
995 996 3
938 997 3
997 998 3
941 999 3
943 1001 3
945 1003 3
1004 1005 3
948 1006 3
949 1007 3
950 1008 3
1010 1011 3
954 1012 3
955 1013 3
1017 1018 3
1018 1019 3
1020 1021 3
965 1022 3
966 1024 3
967 1026 3
968 1026 3
970 1028 3
976 1034 0
1035 1036 1
1037 1038 3
986 987 3
987 988 3
989 990 3
990 991 3
992 993 3
1000 1001 3
1001 1002 3
1002 1003 3
1005 1006 3
1006 1007 3
1007 1008 3
1008 1009 3
1011 1012 3
1012 1013 3
1013 1014 3
958 1017 3
1019 1020 3
967 1024 3
1026 1027 3
1027 1028 3
1028 1029 3
1030 1031 1
1031 1032 3
975 1032 3
1033 1034 3
1034 1035 1
984 1043 3
985 1043 3
1003 1004 3
1022 1023 3
1040 1041 3
1041 1042 3
996 997 3
998 999 3
1016 1017 3
1023 1024 3
1042 1043 0
999 1000 3
1032 1033 0
