0 1 3
1 2 3
2 3 3
3 4 3
4 5 3
5 6 0
6 7 3
7 8 0
8 9 3
9 10 3
10 11 3
11 12 3
12 13 3
13 14 3
14 15 3
15 16 3
16 17 3
17 18 3
18 19 3
19 20 3
20 21 3
21 22 3
22 23 3
23 24 3
24 25 3
25 26 3
26 27 3
27 28 3
28 29 3
29 30 3
30 31 3
31 32 3
32 33 3
33 34 3
34 93 1
93 94 3
37 94 3
37 38 3
38 39 3
39 40 3
40 42 3
42 43 3
43 44 3
44 45 3
45 46 3
46 47 3
47 49 3
49 50 3
50 51 3
51 52 3
52 53 3
53 54 3
54 55 3
55 57 3
38 96 3
55 114 3
57 114 3
40 99 3
42 99 3
9 68 3
10 68 3
10 69 3
11 69 3
53 112 3
8 65 3
49 106 0
22 79 3
52 110 3
53 110 3
5 63 0
6 63 2
7 65 0
8 67 3
9 67 3
21 79 3
39 97 3
51 110 3
54 112 3
114 115 3
57 115 3
3 61 3
14 73 3
15 73 3
25 83 3
26 83 3
30 88 3
31 90 3
32 90 3
40 97 3
43 217 3
47 106 0
4 61 3
20 79 3
22 80 3
26 84 3
27 84 3
29 88 3
33 91 3
34 91 3
39 96 3
42 100 3
44 102 0
45 103 0
46 103 0
47 105 0
51 109 3
55 112 3
55 113 3
0 58 3
1 59 3
11 70 3
12 70 3
13 71 3
14 72 3
15 74 3
16 74 3
17 74 3
17 75 3
17 76 3
18 76 3
19 76 3
79 80 3
23 80 3
23 81 3
24 81 3
24 82 3
83 84 3
27 85 3
28 86 3
29 87 3
87 88 3
30 89 3
31 89 3
33 90 3
34 92 3
43 100 3
44 103 0
46 104 0
49 107 3
50 108 3
109 110 3
113 114 3
58 59 3
2 59 3
6 65 0
70 71 3
71 72 3
20 78 3
80 81 3
81 82 3
24 83 3
86 87 3
91 92 3
92 93 1
99 100 3
102 103 3
103 104 3
47 104 0
105 106 3
106 107 1
107 108 3
108 109 3
2 60 3
3 60 3
4 62 2
67 68 3
72 73 3
75 76 3
19 78 3
84 85 3
27 86 3
88 89 3
90 91 3
37 95 3
112 113 3
60 61 3
61 62 0
62 63 0
68 69 3
73 74 3
74 75 3
82 83 3
89 90 3
94 95 3
38 95 3
96 97 3
44 217 3
104 105 3
53 111 3
69 70 3
100 217 3
110 111 3
111 112 3
19 135 3
85 86 3
40 156 3
6 122 2
76 135 3
78 135 3
78 79 3
97 156 3
99 156 3
63 122 3
65 122 1
95 96 3
59 60 3
65 67 3
61 178 3
62 178 1
65 124 3
74 131 3
67 124 3
67 125 3
73 131 3
104 162 3
94 152 3
105 162 3
65 123 3
76 133 3
95 152 3
100 158 3
123 124 3
124 125 3
75 133 3
78 136 3
158 217 3
61 119 3
69 127 3
70 127 3
79 136 3
103 162 3
109 167 3
112 171 3
113 171 3
83 141 3
106 164 3
108 167 3
110 168 3
113 172 3
114 172 3
63 121 3
81 139 3
82 141 3
86 144 3
93 152 3
95 154 3
96 154 3
103 161 3
107 164 0
111 168 3
111 169 3
114 173 3
115 173 3
60 119 3
68 125 3
68 126 3
69 126 3
72 130 3
73 130 3
131 132 3
74 132 3
75 132 3
82 139 3
84 141 3
87 144 3
87 145 3
91 149 3
161 162 3
109 168 3
168 169 3
111 170 3
112 170 3
172 173 3
58 116 3
59 117 3
62 120 1
63 120 3
122 123 0
71 129 3
76 134 3
79 137 3
80 138 3
82 140 3
85 143 3
86 143 3
88 145 3
88 146 3
89 147 3
89 148 3
90 148 3
92 149 3
92 150 3
93 151 3
99 157 3
105 164 3
107 165 0
107 166 3
108 166 3
171 172 3
116 117 3
60 117 3
119 178 3
120 178 1
120 121 3
121 122 3
125 126 3
126 127 3
70 128 3
71 128 3
129 130 3
130 131 3
132 133 3
133 134 3
136 137 3
137 138 3
138 139 3
84 142 3
85 142 3
144 145 3
88 147 3
148 149 3
150 151 1
151 152 3
97 155 3
156 157 3
100 157 3
164 165 2
166 167 3
60 118 3
135 136 3
139 140 3
140 141 3
142 143 3
149 150 3
96 155 3
165 166 2
167 168 3
169 170 3
127 128 3
128 129 3
141 142 3
143 144 3
145 146 3
170 171 3
118 119 3
146 147 3
147 148 3
155 156 3
102 161 3
134 135 3
157 158 3
162 164 3
117 118 3
154 155 3
164 221 3
95 211 3
158 216 0
102 218 3
152 211 3
154 211 1
217 218 0
161 218 3
162 221 3
152 210 3
210 211 3
216 217 1
167 225 3
123 181 0
133 191 3
166 225 3
125 183 3
126 183 3
132 191 3
121 179 0
122 179 0
135 194 3
137 195 3
173 231 3
122 181 0
124 181 0
124 182 3
136 194 3
142 200 3
143 200 3
161 219 3
162 219 3
165 222 0
165 223 0
166 223 0
181 182 3
125 182 3
136 195 3
139 197 3
164 222 3
179 181 3
128 186 3
130 188 3
131 190 3
132 190 3
137 196 3
138 196 3
140 197 3
143 201 3
147 206 3
151 209 3
156 214 0
157 214 0
162 220 3
169 226 3
117 175 0
120 179 0
127 186 3
129 188 3
190 191 3
140 198 3
141 199 3
200 201 3
148 206 3
152 209 3
154 212 0
155 212 0
155 214 0
220 221 3
222 223 3
166 224 3
224 225 3
168 226 3
169 227 3
116 174 3
118 175 0
127 185 3
129 186 3
131 189 3
134 192 3
138 197 3
141 198 3
142 199 3
144 202 3
149 207 3
150 208 3
223 224 1
226 227 3
171 229 3
174 175 0
178 179 0
179 180 3
180 181 3
182 183 3
126 184 3
127 184 3
129 187 3
188 189 3
135 192 3
195 196 3
201 202 3
145 202 3
206 207 3
207 208 3
208 209 1
155 213 0
219 220 3
221 222 3
170 229 3
172 229 3
172 230 3
183 184 3
186 187 3
187 188 3
133 192 3
194 195 3
197 198 3
199 200 3
209 210 3
213 214 3
170 286 3
173 230 3
118 177 3
119 177 3
184 185 3
198 199 3
212 213 3
158 214 0
218 219 3
185 186 3
189 190 3
196 197 3
146 206 3
170 227 3
229 230 3
177 178 3
214 216 3
168 225 3
229 286 3
230 231 3
145 262 3
146 262 3
179 237 3
180 237 3
133 250 3
192 250 3
191 250 3
145 260 3
202 260 3
217 275 0
218 275 3
225 226 3
146 263 3
206 263 1
211 212 0
214 273 3
216 273 3
262 263 3
185 243 3
260 262 3
213 329 3
192 251 3
135 251 3
212 329 3
214 272 3
178 237 0
210 268 3
272 273 3
186 243 3
194 251 3
211 268 3
212 270 3
178 236 0
270 329 3
218 276 3
177 236 0
236 237 3
189 247 3
194 252 3
200 258 3
216 275 3
177 235 0
183 241 3
190 247 3
195 252 3
199 258 3
208 266 3
209 266 0
213 272 3
223 282 3
224 282 0
229 288 3
230 288 3
235 236 3
180 239 3
181 239 3
182 239 3
184 241 3
184 243 3
186 244 3
187 244 3
196 254 3
206 264 3
275 276 3
221 279 3
224 283 3
225 283 3
175 177 1
180 238 3
188 246 3
190 249 3
191 249 3
195 253 3
196 253 3
197 256 3
198 256 3
263 264 0
207 265 3
219 277 3
220 279 3
222 280 3
223 280 3
226 283 3
174 232 0
175 233 3
182 240 3
189 246 3
190 248 3
197 255 3
199 257 3
201 259 3
202 259 3
208 265 3
209 267 3
216 274 3
218 277 3
220 277 3
223 281 3
282 283 1
226 284 3
227 285 3
170 285 3
231 289 3
232 233 3
237 238 3
182 241 3
243 244 3
187 246 3
247 248 3
252 253 3
254 255 3
255 256 3
256 257 3
257 258 3
259 260 3
206 265 3
265 266 3
266 267 1
210 267 3
273 274 3
275 333 1
280 281 3
281 282 3
283 284 3
229 287 3
288 289 3
175 234 3
239 240 3
187 245 3
246 247 3
250 251 3
253 254 3
201 258 3
267 268 3
274 275 3
220 278 3
226 285 3
287 288 3
177 234 0
238 239 3
244 245 3
245 246 3
248 249 3
249 250 3
264 265 3
278 279 3
285 286 3
233 234 3
240 241 3
251 252 3
276 277 3
222 279 3
184 242 3
279 280 3
242 243 3
277 278 3
286 287 3
284 285 3
234 235 3
241 242 3
258 259 3
260 320 3
262 320 3
268 326 3
211 326 3
259 318 3
260 318 3
280 339 3
281 339 3
251 309 3
237 295 3
238 295 3
252 309 3
212 328 3
270 328 3
286 344 3
287 344 3
253 309 3
256 315 3
257 315 3
211 328 0
239 297 3
241 300 3
242 300 3
249 307 3
263 320 3
276 334 3
277 334 3
279 337 3
288 346 3
238 297 3
240 298 3
243 301 3
244 301 3
246 304 3
250 307 3
265 324 3
266 324 3
272 329 3
272 330 3
275 334 3
280 337 3
283 341 3
284 341 3
285 343 3
285 344 3
287 345 3
287 346 3
233 291 3
236 294 3
241 298 3
247 304 3
250 308 3
251 308 3
253 311 3
254 311 3
258 316 3
260 319 3
263 322 0
264 322 3
273 330 3
273 331 3
274 332 3
284 343 3
344 345 3
232 290 3
233 292 3
234 292 3
235 292 3
237 294 3
241 299 3
244 302 3
245 303 3
246 303 3
247 305 3
248 306 3
309 311 3
254 313 3
255 313 3
256 314 3
259 316 3
259 375 3
318 375 3
319 320 3
265 322 3
266 325 1
267 325 3
329 330 3
274 331 3
275 332 3
277 335 3
278 336 3
282 340 3
283 340 0
284 342 3
289 346 3
289 347 3
290 291 3
235 293 3
235 294 3
294 295 3
238 296 3
298 299 3
243 300 3
301 302 3
302 303 3
303 304 3
305 306 3
306 307 3
313 314 3
315 316 3
263 321 3
325 326 3
275 392 3
334 335 3
335 336 3
279 336 3
339 340 3
342 343 3
343 344 3
345 346 3
346 347 3
291 292 3
295 296 3
296 297 3
308 309 3
318 319 3
321 322 0
324 382 0
324 325 1
328 329 3
330 331 3
333 392 0
334 392 3
340 341 1
292 293 3
239 298 3
299 300 3
314 315 3
316 375 3
331 332 3
332 333 1
341 342 3
304 305 3
307 308 3
320 321 3
322 324 3
309 369 3
293 294 3
311 369 3
336 337 3
297 298 3
300 301 3
326 385 3
333 390 0
211 385 3
332 390 3
311 313 3
329 387 3
330 387 3
280 396 3
339 396 3
345 404 3
346 404 3
328 385 1
314 372 3
328 386 3
329 386 3
307 365 3
308 365 3
308 367 3
309 367 3
313 372 3
315 373 3
324 381 0
381 382 3
326 384 3
386 387 3
337 396 3
292 351 3
293 351 3
294 352 3
295 353 3
304 362 3
305 362 3
305 363 3
367 369 3
311 370 3
314 373 3
319 376 3
325 384 3
344 403 3
345 403 3
291 350 3
292 350 3
293 352 3
296 353 3
296 354 3
297 354 3
303 362 3
306 363 3
313 370 3
313 371 3
316 374 3
318 376 3
319 377 3
320 377 3
325 383 0
385 386 0
330 388 3
343 401 3
300 359 3
301 359 3
371 372 3
373 374 3
376 377 3
383 384 1
331 388 3
335 393 3
340 399 3
341 399 0
342 401 3
403 404 3
347 405 3
290 348 1
351 352 3
297 355 3
297 356 3
298 356 3
302 360 3
302 361 3
303 361 3
362 363 3
306 364 3
308 366 3
369 370 3
372 373 3
331 389 3
335 392 3
336 393 3
337 395 3
339 397 3
340 397 3
340 398 3
342 400 3
344 402 3
346 405 3
291 348 1
291 349 1
352 353 3
353 354 3
302 359 3
364 365 3
366 367 3
374 375 3
384 385 3
387 388 3
336 395 3
399 400 1
400 401 3
401 402 3
402 403 3
348 349 3
350 351 3
355 356 3
298 357 3
299 357 3
361 362 3
363 364 3
365 366 3
375 376 3
322 381 0
388 389 3
333 391 3
404 405 3
300 357 3
359 360 3
321 437 0
332 389 3
390 391 1
391 392 0
392 393 3
395 396 3
397 398 3
354 355 3
356 357 3
322 437 0
325 382 0
360 361 3
320 378 0
382 383 3
336 394 3
396 397 3
398 399 3
377 378 2
393 394 3
394 395 3
357 359 3
349 350 0
367 426 3
320 437 0
369 426 3
378 435 2
378 437 2
367 425 3
313 428 3
375 433 3
385 443 3
359 417 3
370 428 3
384 443 3
354 413 3
360 417 3
425 426 3
369 427 3
371 428 3
374 433 3
381 439 3
382 439 3
355 413 3
363 421 3
370 427 3
381 438 3
362 420 3
362 421 3
371 429 3
388 446 3
389 446 3
404 462 3
353 412 3
354 412 3
420 421 3
365 423 3
426 427 3
428 429 3
377 435 3
322 438 2
395 454 3
396 454 3
405 462 3
348 406 3
349 406 3
352 410 3
353 410 3
356 414 3
357 414 3
361 420 3
366 423 3
374 432 3
438 439 3
382 441 3
383 441 3
384 441 0
387 446 3
401 459 3
350 408 3
351 409 3
353 411 3
360 418 3
361 418 3
364 422 3
372 429 3
372 431 3
373 431 3
373 432 3
376 433 3
376 434 3
376 435 3
382 440 3
384 442 3
392 450 3
393 451 3
394 452 3
395 453 3
397 456 3
398 456 3
399 457 3
399 458 1
400 458 3
402 460 3
403 461 3
349 408 0
408 409 3
352 409 3
410 411 3
411 412 3
355 414 3
357 417 3
417 418 3
421 422 3
422 423 3
366 424 3
378 436 3
439 440 3
440 441 3
441 442 1
442 443 3
386 443 1
386 444 1
390 448 3
391 450 0
450 451 3
451 452 3
452 453 3
397 454 3
398 457 3
457 458 1
458 459 3
459 460 3
460 461 3
461 462 3
361 419 3
423 424 3
366 425 3
432 433 3
436 437 3
387 444 1
391 448 0
397 455 3
405 463 3
409 410 3
412 413 3
413 414 3
419 420 3
433 434 3
434 435 3
332 447 3
332 448 3
391 507 3
454 455 3
456 457 3
462 463 3
425 483 3
370 486 3
443 444 0
389 447 3
450 507 1
357 415 3
418 419 3
424 425 3
427 486 3
428 486 3
431 432 3
447 448 3
453 454 3
455 456 3
414 415 3
424 483 3
372 487 3
435 436 3
444 446 0
448 507 1
349 465 3
357 474 3
429 487 3
446 447 3
406 465 3
408 465 1
417 474 3
424 482 3
415 474 3
426 484 3
431 487 3
427 484 3
439 496 3
444 502 3
443 502 0
446 504 1
482 483 3
428 487 3
434 493 3
435 493 3
425 484 3
432 489 3
438 496 3
444 504 3
408 466 3
431 489 3
409 466 3
411 470 3
412 470 3
437 495 1
413 470 3
419 477 3
322 496 2
441 500 1
442 500 3
502 504 3
463 521 3
431 488 3
432 490 3
433 490 2
436 493 2
437 496 3
453 511 3
462 521 3
422 479 3
423 481 3
427 485 3
487 488 3
454 511 3
455 513 3
406 464 0
465 466 0
410 468 3
411 469 3
415 473 3
417 475 3
418 476 3
419 478 3
420 478 3
421 479 3
422 480 3
484 485 3
489 490 3
441 499 3
443 501 3
447 504 1
450 508 3
451 509 3
452 510 3
454 512 3
456 514 3
462 520 3
410 469 3
469 470 3
473 474 3
474 475 3
475 476 3
476 477 3
477 478 3
478 479 3
479 480 3
422 481 3
424 481 3
485 486 3
488 489 3
440 499 3
500 501 3
501 502 0
507 508 0
508 509 3
509 510 3
510 511 3
455 512 3
455 514 3
457 514 3
457 515 3
458 515 0
461 520 3
520 521 3
464 465 1
468 469 3
414 472 3
415 472 3
486 487 3
436 494 3
440 498 3
499 500 1
448 504 1
511 512 3
459 517 3
461 519 3
472 473 3
480 481 3
481 482 3
483 484 3
493 494 3
437 494 1
439 498 3
498 499 3
503 504 3
512 513 3
513 514 3
514 515 3
458 517 3
460 517 3
460 518 0
460 519 3
519 520 3
409 468 3
434 490 2
439 497 3
497 498 3
502 503 3
458 516 3
517 518 0
518 519 2
494 495 2
496 497 3
515 516 1
516 517 3
414 470 3
490 493 2
504 564 3
448 564 2
470 472 3
490 550 2
493 550 2
409 525 3
466 525 3
468 525 3
470 529 3
472 529 3
487 545 3
466 524 3
495 496 3
465 524 0
486 545 3
488 545 3
485 543 1
486 543 1
507 564 0
464 523 3
465 523 0
484 542 1
507 565 3
496 554 3
564 565 1
523 524 3
468 527 3
469 527 3
478 536 3
479 536 3
490 548 2
490 549 2
496 553 3
497 554 3
524 525 3
470 528 3
483 542 1
548 549 3
549 550 3
493 552 3
495 553 2
509 568 3
528 529 3
476 535 3
477 535 3
484 543 1
489 548 2
494 552 3
508 568 3
510 568 3
513 571 3
475 534 3
476 534 3
542 543 3
486 544 1
488 546 3
550 552 3
498 557 3
499 557 3
512 570 3
473 531 3
478 535 3
481 539 1
482 540 1
483 540 1
483 541 1
543 544 3
489 546 3
489 547 2
497 555 3
498 555 3
500 558 3
501 559 3
502 559 1
511 570 3
512 571 3
514 571 3
464 522 3
470 527 3
472 531 3
474 532 3
475 532 3
475 533 3
480 539 1
540 541 3
541 542 0
547 548 3
553 554 3
554 555 3
557 558 1
558 559 3
508 565 1
510 569 3
511 569 3
514 573 3
522 523 3
474 531 3
532 533 3
482 539 1
546 547 3
495 552 2
504 621 2
508 566 1
569 570 3
515 573 3
539 540 3
545 546 3
502 560 3
564 621 3
565 566 3
566 568 0
568 569 3
570 571 3
479 537 1
552 553 3
498 556 3
556 557 3
559 560 0
503 560 3
571 573 3
516 573 0
517 575 0
534 535 3
537 539 3
542 600 1
516 575 0
518 575 2
536 537 1
541 600 3
544 545 0
555 556 3
516 574 0
518 576 0
519 576 0
520 579 3
521 579 3
535 536 3
573 574 3
574 575 3
519 635 0
527 528 3
529 531 3
503 621 2
520 635 0
533 534 3
537 596 3
575 576 3
576 635 3
520 636 0
531 532 3
539 596 3
545 602 1
566 624 3
635 636 3
579 636 0
544 602 3
503 620 2
503 619 2
620 621 3
571 630 3
619 620 3
565 624 3
573 630 3
560 619 2
529 587 1
529 588 1
531 588 1
531 589 1
531 590 1
532 590 1
532 592 1
533 592 1
541 599 3
564 622 1
565 622 3
565 623 3
568 626 1
569 626 1
571 629 1
528 586 1
528 587 1
589 590 3
590 592 3
534 592 1
540 599 3
543 601 3
557 615 3
558 615 0
623 624 3
569 627 1
569 628 1
570 628 1
570 629 1
573 631 3
587 588 3
540 598 3
542 601 2
544 601 3
560 675 1
566 626 3
626 627 3
627 628 3
629 630 0
574 631 3
588 589 3
550 608 3
554 612 3
555 612 3
556 614 3
556 615 3
566 625 3
625 626 3
628 629 3
524 583 3
525 583 3
586 587 3
540 596 3
600 601 0
546 604 3
548 606 3
549 608 3
552 609 2
552 610 3
555 614 3
614 615 3
468 583 3
468 584 3
591 592 3
547 604 3
547 606 3
549 606 3
550 609 3
609 610 3
555 613 3
558 617 3
559 617 3
560 617 1
560 618 2
575 632 1
522 580 3
523 580 3
523 582 3
524 582 3
527 584 3
527 585 3
527 586 1
535 593 3
536 594 1
537 594 3
545 604 2
547 605 3
549 607 3
608 609 3
613 614 3
618 675 1
621 622 1
574 632 1
579 637 0
582 583 3
583 584 3
584 585 3
585 586 1
590 591 3
534 593 3
536 593 3
604 605 3
605 606 3
606 607 3
607 608 3
553 612 3
612 613 3
617 675 3
636 637 2
523 581 3
599 600 3
553 610 3
553 611 3
558 674 3
618 619 3
580 581 3
581 582 3
601 602 3
545 661 2
611 612 3
615 674 1
630 631 3
598 599 3
602 661 2
604 661 3
610 611 3
624 625 3
575 633 1
622 623 3
576 633 1
631 632 1
632 633 3
593 594 1
596 655 3
596 598 3
630 688 1
592 593 0
593 650 1
633 635 0
592 650 3
593 651 1
590 649 3
591 649 3
594 651 3
598 655 3
558 675 3
596 654 3
674 675 3
585 643 1
586 643 3
594 654 3
655 656 3
598 656 3
600 658 3
612 670 3
632 690 1
591 650 3
601 658 1
622 680 2
624 683 3
625 683 3
625 684 3
626 684 3
629 687 1
631 689 1
632 689 1
633 690 1
636 694 1
588 646 3
589 647 3
590 647 3
654 655 3
611 669 3
613 670 3
614 672 3
618 734 1
620 678 3
621 678 3
622 681 3
631 688 1
637 694 1
587 645 3
587 646 3
599 658 3
602 660 2
609 668 3
610 668 3
610 669 3
613 671 3
615 672 3
619 677 3
623 681 3
683 684 3
687 688 2
689 690 3
633 692 1
633 693 1
635 693 1
580 638 3
581 638 3
584 643 1
645 646 3
649 650 3
650 651 1
601 716 3
660 661 3
604 662 3
605 663 3
606 664 3
607 665 3
608 666 3
609 667 3
670 671 3
614 671 3
618 677 3
677 678 3
622 678 2
624 682 3
627 684 3
627 685 3
627 686 3
633 691 1
636 693 1
637 695 1
582 641 3
583 641 3
658 716 3
661 662 3
662 663 3
663 664 3
664 665 3
665 666 3
666 667 3
667 668 3
611 670 3
675 734 3
678 680 3
624 681 3
682 683 3
684 685 3
628 686 1
628 687 1
688 689 2
691 692 3
693 694 0
694 695 3
584 641 3
586 645 3
588 647 2
647 649 3
647 648 3
648 649 3
599 656 3
668 669 3
677 734 1
685 686 3
690 691 3
646 647 3
601 717 2
669 670 3
681 682 3
686 687 3
692 693 3
584 642 1
671 672 3
615 730 3
674 730 0
689 747 3
581 639 1
582 639 1
582 640 1
641 642 1
601 660 2
638 639 1
639 640 3
640 641 0
642 643 3
651 654 3
656 658 3
716 717 2
660 717 3
672 730 3
680 681 3
643 645 3
640 642 1
656 715 2
650 708 3
654 710 3
687 745 3
651 710 2
658 715 3
688 745 3
688 747 2
651 709 2
690 748 3
643 702 3
645 702 3
650 709 1
654 711 3
689 748 3
640 697 3
643 701 3
708 709 1
654 712 3
655 713 3
681 739 2
639 697 3
642 701 3
701 702 3
710 711 3
655 712 3
656 713 3
674 731 2
680 739 3
649 707 3
711 712 3
671 729 3
678 737 3
683 741 3
691 748 3
638 697 1
647 705 3
650 707 3
709 710 3
660 719 3
661 719 3
662 719 3
670 728 3
672 729 3
678 736 3
680 737 3
682 741 3
642 700 3
646 704 3
647 704 3
648 705 3
715 716 3
662 720 3
663 722 3
664 722 3
666 724 3
669 728 3
730 731 3
736 737 3
737 739 3
683 742 3
684 742 3
684 743 3
685 743 3
686 743 3
638 696 1
645 703 3
712 713 3
663 720 3
665 723 3
667 724 3
667 725 3
668 726 3
669 726 3
675 733 3
738 739 3
686 745 3
688 746 2
746 747 3
747 748 3
693 752 3
694 752 2
696 697 0
640 699 1
646 703 3
704 705 3
707 708 3
656 714 3
660 718 3
719 720 3
722 723 3
723 724 3
725 726 3
728 729 3
674 733 3
677 735 1
677 736 3
737 738 3
682 739 2
741 742 3
742 743 3
745 746 3
691 750 3
692 750 3
642 699 3
713 714 3
717 718 3
718 719 3
663 721 3
724 725 3
729 730 3
734 735 3
735 736 3
682 740 2
691 749 3
695 752 2
702 703 3
703 704 3
720 721 3
721 722 3
732 733 3
739 740 3
686 744 3
748 749 3
749 750 3
695 753 2
697 698 1
640 698 1
648 707 3
731 732 3
674 732 2
733 734 3
744 745 3
743 744 3
752 753 3
698 699 3
699 700 3
714 715 3
669 785 3
740 741 3
693 750 3
726 785 3
728 785 3
729 789 3
730 789 3
693 809 3
700 701 3
714 772 3
750 809 3
752 809 3
731 789 3
716 774 2
705 763 3
717 774 3
704 763 3
713 772 3
698 757 3
699 757 3
712 770 3
713 770 3
715 772 3
788 789 3
739 798 3
740 798 3
744 802 3
715 774 2
729 788 3
735 794 3
736 794 3
740 799 3
741 799 3
745 802 2
700 759 3
701 759 3
702 759 3
707 765 2
713 771 3
736 795 3
737 795 3
737 796 3
738 796 3
739 796 3
708 765 2
770 771 3
771 772 3
722 781 3
723 781 3
798 799 3
742 800 3
698 756 3
702 761 3
703 761 3
704 761 3
704 762 3
648 764 3
648 765 0
709 768 3
710 768 3
711 770 3
718 776 3
724 781 3
732 790 3
733 790 3
794 795 3
739 797 3
741 800 3
753 811 3
756 757 3
700 757 3
762 763 3
764 765 3
717 776 3
722 780 3
728 787 3
729 787 3
795 796 3
796 797 3
797 798 3
745 804 3
747 805 3
752 811 3
696 754 3
697 755 1
700 758 3
702 760 3
711 768 3
717 775 3
719 777 3
720 778 3
721 779 3
780 781 3
724 782 3
725 783 3
725 784 3
726 784 3
787 788 3
733 791 3
734 792 2
735 793 3
793 794 3
799 800 3
745 803 2
746 804 3
748 805 3
749 807 3
754 755 3
698 755 3
757 758 3
761 762 3
708 766 3
774 775 3
776 777 3
777 778 3
778 779 3
779 780 3
781 782 3
782 783 3
728 786 3
786 787 3
732 789 3
791 792 3
792 793 3
802 803 3
803 804 3
747 804 3
748 806 3
758 759 3
760 761 3
705 764 3
709 766 0
775 776 3
783 784 3
785 786 3
790 791 3
804 805 3
805 806 3
784 785 3
749 806 3
750 808 3
752 810 3
755 756 3
765 766 3
711 769 3
769 770 3
715 773 2
773 774 3
789 790 3
742 801 3
743 801 3
750 807 3
808 809 3
809 810 3
759 760 3
768 769 3
772 773 3
743 802 3
806 807 3
810 811 3
763 764 3
801 802 3
800 801 3
807 808 3
764 822 2
763 822 2
766 768 2
789 847 3
790 847 3
796 855 3
797 855 3
772 830 2
785 843 3
800 859 3
801 859 3
761 820 3
762 820 3
771 830 2
773 830 3
781 839 3
782 839 3
782 841 3
783 841 3
784 843 3
798 856 3
799 856 3
802 859 3
804 862 3
805 862 3
759 817 3
763 821 2
766 825 3
768 825 3
782 840 3
790 849 3
791 849 3
799 858 3
800 858 3
758 817 3
821 822 3
765 822 3
780 838 3
839 840 3
840 841 3
786 843 3
786 844 3
787 845 3
788 845 3
796 854 3
771 829 2
779 837 3
838 839 3
784 841 3
784 842 3
787 844 3
790 848 3
795 854 3
854 855 3
798 855 3
862 863 3
805 863 3
806 863 3
754 812 3
755 813 3
757 815 3
759 818 3
760 818 3
829 830 3
773 831 3
774 831 3
775 833 3
776 834 3
777 835 3
778 836 3
837 838 3
842 843 3
788 846 3
848 849 3
792 850 3
793 851 3
794 852 3
795 853 3
858 859 3
802 860 3
803 861 3
803 862 3
812 813 3
756 813 3
756 815 3
758 815 3
763 820 3
768 826 2
774 833 3
833 834 3
834 835 3
835 836 3
836 837 3
841 842 3
844 845 3
789 846 3
849 850 3
850 851 3
851 852 3
852 853 3
853 854 3
859 860 3
860 861 3
861 862 3
807 865 3
808 865 3
765 823 3
765 824 3
766 824 3
769 826 3
770 828 3
770 829 2
843 844 3
845 846 3
846 847 3
847 848 3
806 865 3
808 868 2
809 868 2
811 869 2
758 816 3
817 818 3
822 823 3
828 829 3
856 858 3
810 868 2
811 868 2
816 817 3
823 824 3
824 825 3
855 856 3
806 864 3
868 869 3
820 821 3
769 827 3
863 864 3
756 872 3
820 877 3
825 826 3
826 827 3
827 828 3
830 831 3
774 890 3
864 865 3
761 818 3
761 877 2
831 890 3
833 890 3
813 872 3
815 872 3
815 816 3
818 877 3
868 925 2
865 925 3
856 915 3
858 915 3
925 926 3
868 926 2
865 924 3
817 875 3
865 923 3
924 925 3
816 875 3
828 886 2
864 923 3
823 882 3
824 882 3
825 883 3
827 886 2
829 886 3
858 916 3
818 876 3
876 877 3
822 881 3
823 881 3
824 883 3
829 887 3
856 914 3
915 916 3
818 875 3
820 879 2
821 879 3
827 885 2
830 887 3
830 888 3
847 905 3
848 905 3
914 915 3
862 920 3
863 920 3
822 880 3
826 885 3
885 886 3
887 888 3
831 888 3
855 914 3
861 919 3
861 920 3
864 922 3
816 874 3
880 881 3
882 883 3
844 902 3
860 919 3
919 920 3
922 923 3
812 870 3
813 871 3
815 873 3
874 875 3
886 887 3
831 889 3
833 891 3
833 892 3
834 892 3
835 893 3
836 894 3
837 895 3
838 896 3
839 897 3
840 898 3
841 899 3
842 900 3
843 901 3
845 902 3
845 903 3
846 904 3
853 912 3
854 912 3
855 913 3
859 917 3
860 918 3
863 921 3
869 927 2
870 871 3
871 872 3
815 874 3
877 878 3
820 878 3
822 879 3
826 883 3
888 889 3
889 890 3
892 893 3
893 894 3
894 895 3
895 896 3
896 897 3
897 898 3
898 899 3
899 900 3
900 901 3
901 902 3
902 903 3
903 904 3
904 905 3
853 911 3
913 914 3
858 917 3
917 918 3
920 921 3
921 922 3
868 927 2
881 882 3
891 892 3
852 910 3
916 917 3
918 919 3
873 874 3
878 879 3
879 880 3
826 884 3
884 885 3
910 911 3
911 912 3
855 912 3
923 924 3
926 927 3
872 873 3
890 891 3
912 913 3
850 909 3
851 909 3
875 876 3
883 884 3
849 907 3
850 907 3
907 909 3
851 910 3
909 910 3
848 964 3
905 964 3
848 907 3
907 964 3
909 966 3
924 981 3
907 966 3
923 981 3
883 941 3
875 933 3
878 936 3
884 941 3
877 935 3
879 936 3
874 933 3
882 941 3
925 983 3
926 983 3
876 933 3
876 935 3
877 936 3
892 951 3
893 951 3
909 967 3
921 979 3
874 932 3
933 934 3
876 934 3
884 943 3
885 943 3
886 943 3
887 945 3
902 960 3
910 967 3
918 977 3
919 977 3
920 979 3
922 979 3
870 928 3
871 929 3
872 930 3
873 930 3
873 932 3
935 936 3
879 938 3
880 938 3
882 940 3
884 942 3
886 944 3
888 945 3
888 946 3
889 947 3
890 948 3
891 948 3
891 950 3
892 950 3
894 952 3
895 953 3
896 954 3
897 955 3
898 956 3
899 957 3
900 958 3
901 958 3
901 960 3
903 960 3
903 961 3
904 962 3
905 963 3
907 965 3
910 968 3
911 969 3
912 970 3
913 971 3
914 972 3
915 973 3
916 974 3
917 975 3
918 976 3
920 977 3
920 978 3
922 980 3
981 982 3
924 982 3
924 983 3
927 985 3
928 929 3
929 930 3
873 931 3
879 937 3
881 938 3
881 940 3
942 943 3
943 944 3
944 945 3
945 946 3
946 947 3
947 948 3
950 951 3
951 952 3
952 953 3
953 954 3
954 955 3
955 956 3
956 957 3
900 957 3
960 961 3
961 962 3
962 963 3
963 964 3
964 965 3
967 968 3
968 969 3
969 970 3
970 971 3
971 972 3
972 973 3
973 974 3
974 975 3
975 976 3
977 978 3
978 979 3
979 980 3
980 981 3
982 983 3
926 984 3
926 985 3
930 931 3
932 933 3
937 938 3
881 939 3
966 967 3
984 985 3
931 932 3
936 937 3
939 940 3
940 941 3
941 942 3
891 949 3
976 977 3
934 935 3
948 949 3
949 950 3
957 958 3
965 966 3
983 984 3
938 939 3
901 1017 3
958 1017 3
960 1017 3
933 991 3
936 994 3
947 1005 3
949 1007 3
950 1007 3
931 989 3
932 989 3
932 991 3
934 991 3
935 994 3
948 1005 3
948 1007 3
960 1018 3
961 1018 3
943 1002 3
944 1002 3
951 1009 3
954 1012 3
930 988 3
937 995 3
938 995 3
950 1008 3
952 1009 3
953 1012 3
964 1022 3
981 1039 3
984 1042 3
929 988 3
931 988 3
934 993 3
935 993 3
937 994 3
938 997 3
939 997 3
945 1002 3
945 1003 3
946 1004 3
951 1008 3
962 1020 3
963 1020 3
963 1022 3
968 1026 3
978 1036 3
979 1037 3
980 1039 3
982 1039 3
983 1042 3
928 986 3
929 987 3
988 989 3
932 990 3
938 996 3
940 997 3
940 998 3
941 998 3
941 999 3
942 999 3
943 1001 3
1003 1004 3
1004 1005 3
948 1006 3
952 1010 3
955 1013 3
956 1014 3
957 1015 3
958 1016 3
961 1019 3
965 1022 3
966 1024 3
967 1025 3
967 1026 3
969 1027 3
970 1028 3
971 1029 3
972 1030 3
973 1031 3
974 1032 3
975 1033 3
976 1034 3
977 1035 3
979 1036 3
980 1038 3
982 1040 3
983 1041 3
985 1042 3
986 987 3
987 988 3
989 990 3
990 991 3
993 994 3
994 995 3
996 997 3
997 998 3
942 1000 3
943 1000 3
1001 1002 3
1005 1006 3
1009 1010 3
953 1010 3
1012 1013 3
1013 1014 3
957 1014 3
1015 1016 3
1016 1017 3
1018 1019 3
962 1019 3
965 1024 3
966 1025 3
1026 1027 3
1027 1028 3
1028 1029 3
1029 1030 3
1030 1031 3
1031 1032 3
1032 1033 3
1033 1034 3
1034 1035 3
1035 1036 3
1037 1038 3
1039 1040 3
1040 1041 3
1041 1042 3
985 1043 3
934 992 3
995 996 3
998 999 3
1007 1008 3
1008 1009 3
953 1011 3
1014 1015 3
1017 1018 3
1019 1020 3
1025 1026 3
1036 1037 3
1038 1039 3
1042 1043 3
991 992 3
992 993 3
1000 1001 3
1011 1012 3
1024 1025 3
1002 1003 3
1010 1011 3
1006 1007 3
999 1000 3
1020 1022 3
