0.01351006394 0.005071787361 3.243918876
-0.07160808398 -0.01215948479 28.19544922
-0.05568271782 0.008206586459 27.51608326
-0.04794360828 -0.0085236648 27.41492705
-0.08087060755 0.1132143457 28.15566157
-0.05251755695 0.03410712428 26.62084668
0.05382199942 -0.004991932784 13.10511281
-0.0469870054 -0.06077555488 27.8144757
0.02280099501 -0.09598711875 15.98170087
-0.1229286789 -0.04198924576 49.41357938
0.02570541789 -0.1642401422 18.09813511
0.01725202437 -0.01702459428 3.781826699
0.01034297262 -0.00194017359 5.291194643
-0.01012745818 0.02551789139 10.82625338
0.05819000208 0.01176386229 -10.13343919
0.07989796666 0.02231493372 -16.25147899
0.0113629734 0.02087910139 7.923673567
-0.01918918618 -0.00052693331 18.41107856
-0.04177618958 0.02066568537 26.48696223
0.017034687 -0.0008337274072 3.942035097
0.01477017645 -0.01861187083 4.605705783
0.0204780932 -0.06331106857 2.902109849
0.004567546067 -0.0749163226 10.34450383
0.03596260633 -0.09922657308 -5.638553921
0.04214332712 -0.1190527155 -7.113871455
-0.01201918458 0.02581998687 16.32048423
0.02205496092 0.02394282166 -3.606229067
0.0464439431 0.01703856502 -17.5651684
0.01434518754 -0.02256592019 2.339351085
0.002399233073 -0.03818809209 10.47435142
-0.02321432986 0.008564077402 25.3791055
-0.01516612199 0.002617913527 20.86259615
-0.04923510762 0.02760241598 43.52255855
-0.02517960585 0.03607412098 26.38709159
-0.03965991856 0.02069819205 37.09448369
-0.0007835745375 -0.01293366759 7.688098626
0.02379621526 0.01958189797 -12.67238949
0.01815794684 0.004038586246 -6.985338671
0.01386414613 0.007650391043 -3.541275362
0.01447802549 0.01068090563 -4.015909232
0.01060231797 0.06622001 -1.269732262
0.01927200831 -0.004316618846 -2.806232576
0.02137910977 -0.008201647494 -4.627183806
0.01941489478 -0.02220561714 -2.764350176
0.03395758541 -0.02669927961 -16.37943338
0.02797707779 -0.03124541063 -10.63295773
0.0420702888 0.005452510582 -24.89440574
0.02298569189 -0.01485269192 -5.243008332
-0.001438124577 -0.01360158832 19.77203403
-0.01752165952 0.006432947101 36.58348923
-0.008434676714 -0.002161066898 26.66468097
0.004046136909 -0.0022633439 12.8079369
0.01471107661 -0.01032568156 0.9892490839
0.04026261103 -0.02560488131 -28.26602396
0.05217810089 0.00347592395 -42.33784447
0.04889781275 -0.005400605423 -38.57420048
0.03326608329 -0.03430913429 -18.99128891
0.001455928754 0.01133238302 19.21581697
0.001259560139 0.003940318596 3.227509988
-0.003913269871 -0.04459598633 6.098042479
-9.276843607e-05 -0.01251119465 4.55930134
0.06671611044 -0.2184873663 21.37905739
-0.04131921941 -0.2049784819 31.66056745
-0.02394624999 0.02665341768 23.73331652
-0.05195970761 -0.05660020488 29.08765775
-0.02071100965 -0.05603204044 23.94232807
-0.02222132381 0.05373450817 18.12065595
0.01164944824 -0.1070439022 19.19339675
-0.01830333803 -0.3116656607 29.21097884
0.02894331222 0.02289356668 -0.1526377669
0.02079871943 -0.0005485768121 3.432653509
-0.02031875693 0.01476319612 14.07129253
0.002876003471 0.02356648879 6.762566486
0.09150003075 -0.01470350663 -19.96323128
0.001616214123 0.01385858595 11.93462441
-0.02660160254 0.02879342961 21.38530406
-0.03669194402 0.03261121455 24.78452966
-0.001976164347 0.01134114205 11.59766332
-0.02669037838 -0.01402724127 23.1739633
0.007215292918 -0.06360575203 9.112826685
-0.00537341322 -0.06848998845 14.84977354
0.02236558549 -0.07418058262 1.318552201
-0.004922493384 -0.05394970085 15.58925272
-0.008539074468 -0.01560530538 15.37149616
-0.004873855946 0.1834383479 8.614960484
0.0105608944 -0.02265971401 4.930708568
0.009205674874 -0.04471539737 6.11571666
0.2980999722 -0.04553232206 -178.3033161
-0.01436132687 -0.01475749481 21.55596151
-0.01362232712 -0.0446726212 21.94467582
-0.04027480913 -0.02592238843 38.51602752
-0.0372761846 -0.02711224718 36.44694349
0.009001133349 -0.5466911413 22.84223545
-0.03319012287 -0.08925910861 43.92333799
-0.1920109508 -0.2596412068 172.1861899
0.00476119969 0.005491356748 4.158369322
0.008190494846 0.003692008986 1.277450627
0.02161469103 0.001601524393 -10.03949475
-0.001518215094 0.01272756289 15.2919774
0.01718001333 -0.01124805327 -0.2466762634
0.0004572631216 -0.01060620935 14.57961071
0.006722666277 -0.01824606129 8.914532597
0.01664378019 -0.03326664079 0.1287173542
0.03160810858 -0.02934270683 -15.08198553
0.04726098502 -0.01744040807 -30.14887288
0.02687709898 0.002712438825 -10.09058016
0.02251422799 0.01559227088 -6.131567856
-0.006324310103 0.003635520225 24.97956819
-0.01720486279 -0.002138814152 36.55962945
0.01120275418 -0.03200790224 5.8327657
0.02078266578 -0.01151438456 -5.443182968
0.02854212621 -0.001406595139 -14.75315014
0.04389589039 -0.002895540482 -32.37454933
0.04129932663 -0.0119108003 -28.86336376
0.04958693968 -0.006341911973 -38.28708985
0.07062181689 -0.01377103982 -64.65418555
-0.01069796893 0.03147880402 2.586473791
-0.01347128084 0.01998414445 3.119930666
-0.01924841335 0.01215127649 4.284158238
-0.002257174986 -0.04265001732 5.627517103
0 0 -1
0.17574046 -0.2486364322 -1.079787251
0.1260812354 -0.2312329934 5.115696708
0.007317008139 0.0021736979 5.233670998
-0.05846223895 -0.2987148347 38.46674997
-0.01702155391 -0.05689938014 23.38948334
0.0006880117861 -0.004270746659 8.356469802
0.01145710489 0.001371704346 5.454056306
-0.01243262096 0.001554899847 12.63238134
-0.03041406934 0.006991240898 17.2298779
-0.005161835365 0.001965535562 9.896213192
0.06735459972 -0.05444272653 -9.929573844
0.07619450435 -0.1017404221 -10.60592722
0.02102560718 -0.01361109834 5.630512726
-0.02742735866 0.03190977276 21.31062592
-0.009900478552 -0.02514315304 16.98490354
-0.002440040099 -0.216141961 23.33346981
-0.05113851943 -0.06266536371 35.89845095
-0.05975377697 -0.09582996623 42.51740783
0.01223805662 -0.08097010504 7.258284863
0.004502821312 -0.0767609942 11.22000685
0.006344074389 -0.09256886354 11.37643377
-0.006518674377 -0.06579597746 16.05607213
-0.01237161413 -0.05990325098 18.98939338
0.0149269602 -0.05928063473 2.556107581
0.005626199505 -0.04399645484 8.880445534
-0.01958530129 -0.06369652906 25.87866829
-0.01149332794 -0.04880029456 19.20503111
-0.04218825219 -0.0516412804 41.17470528
-0.03293196123 -0.05208234914 34.28666743
-0.0286088381 -0.01194122805 29.15335106
-0.01136351728 -0.0294317745 17.38323953
0.01182739797 -0.03546700207 0.2519485374
0.00856117625 -0.009537294714 1.582463008
0.006634406599 -0.004159809153 2.905531726
0.0216734505 -0.005211174258 -9.784057399
0.0417038158 -0.02876090083 -25.55645889
0.02374940176 -0.04378858712 -4.841117726
0.01677932819 -0.02542340576 0.664107532
0.004892216662 -0.04475393427 12.00648664
0.01687593338 -0.08225852869 2.478862838
0.06300440897 -0.02200691235 -45.32696532
0.03426041183 0.01131941325 -17.73753048
0.01661161371 0.01258386639 0.11704154
0.001752269633 -0.004159326018 16.52305283
-0.01285594488 -0.0002746495808 31.78734395
-0.01156263329 0.007547096895 29.92862304
-0.0125981878 0.005940457696 30.90301733
0.01938200125 -0.01232605998 -3.759656752
0.01575009622 -0.03032103878 1.449158653
0.03162190831 -0.03523293069 -17.03130141
0.03701050132 -0.02286915551 -23.7387532
0.05578877957 -0.02473040628 -46.84822111
0.07224444304 -0.04169697903 -65.383684
-0.01892057913 0.06411296527 0.8896733944
-0.02917463817 0.04803058818 2.16650105
-0.03442076604 0.01491321857 4.397429191
-0.01826001764 0.007535595506 4.254899162
-0.006812648115 -0.01464949159 4.606451305
0.004879448187 0.007922840091 41.33940972
-0.2164914693 0.08779669232 32.71371105
0.00276519961 -0.08050097118 12.51038373
0.02889416822 -0.0117194482 1.883831079
0.02491932776 -0.02311918219 4.64276788
0.005759603746 -0.0001319279564 7.117781206
0.02588707343 -0.004797528522 2.349455019
-0.04057419677 -0.0002454993912 21.63955207
-0.0600207785 -0.007016462463 27.16574928
-0.01636274225 -0.01013319862 13.95244478
-0.01528407647 -0.02552575772 14.85703805
-0.04019776917 -0.09495123657 28.74884046
-0.03824710715 -0.02204788235 21.77876882
0.154075832 -0.1160051855 -45.45734785
0.04802515845 -0.05339378029 -5.590548618
-0.06909831724 -0.0378537011 43.01834156
-0.05089831764 -0.07767237297 36.96303139
0.08229971975 -0.02933866276 -27.47977787
0.001633146843 -0.09142437478 13.10951724
0.008901688379 -0.09995484175 10.14335455
0.004101720297 -0.08770061804 11.96108979
-0.01974805907 -0.07553362605 24.05682035
-0.00977776852 -0.0548028103 17.44462955
0.01369925452 -0.05677647211 2.289863637
0.02959491665 -0.04845119664 -7.096781202
0.008490824918 -0.03654224618 5.363138899
-0.01608539369 -0.05382731286 22.74169412
-0.02986531788 -0.07110705275 33.57490628
-0.04113069743 -0.07809183666 42.0487489
-0.008710345879 -0.06086991205 17.4705373
0.01346787968 -0.03102706841 -1.86319645
0.04374676305 -0.004962590694 -27.58732438
0.01212673799 -0.004495784396 -1.569896349
0.00823865946 -0.004272062541 1.574654614
0.01712827773 -0.02033567511 -4.854923595
0.04186572182 -0.0342002294 -25.3114253
0.09380251165 -0.08843139634 -66.41274649
0.04615394368 -0.06159966292 -24.96220758
0.001702608549 -0.05217798797 15.04037317
0.06303995622 -0.009435988184 -47.82459625
0.1146179944 -0.006436105124 -96.70150164
0.06195677868 -0.006064865156 -44.50326047
0.0160641186 0.00535998219 1.048393749
0.001033315262 -0.008866337879 17.65435556
0.009139072223 8.964053293e-05 8.465553058
-0.01866665047 -0.0109998696 39.16928757
-0.008474236925 -0.002457243871 27.0534957
0.001654329493 -0.009076508492 16.24105092
0.01145422057 0.006781004921 3.999245804
0.02437303063 -0.004966568138 -10.46217312
0.03657488347 -0.0242864461 -23.25490922
0.05407226754 -0.01826580603 -44.67243348
0.08180441523 -0.02522162002 -78.14791549
-0.02588196663 0.04189264824 2.894672433
-0.03003629897 0.04352732711 2.708993877
0.02952428458 -0.004908050971 40.59903855
0.01237697294 -0.003568115544 41.18897408
0.008456701524 0.00191325497 41.7280852
0.01757261542 -0.006264687025 41.51333609
0.0746602301 0.03817361699 -10.52599182
0.03650055482 -0.006405427453 0.5783610668
-0.0204267269 0.1292400591 -2.543065457
0.04477491906 -0.006378290063 -1.401378398
0.02644381265 -0.01494403382 3.580930989
0.01243644337 -0.009886819708 6.287287446
0.01794944496 -0.00827326893 5.375685784
-0.05392846805 -0.00663191935 25.3516539
-0.03296949604 -0.008277924871 19.37319248
-0.02131926405 -0.0160373046 16.40146962
-0.04402335149 -0.01570682046 23.70048069
-0.01046988972 -0.005501585961 10.04200968
0.03526726123 -0.07711556773 -0.4349300604
0.1184555556 -0.08521970593 -33.26408608
-0.04505646907 -0.110587139 37.989882
-0.05562554504 -0.09798372325 40.21381669
-0.03047041261 -0.08591190355 27.26931997
0.01522780297 -0.08752260246 5.753568141
0.01502575119 -0.08404703953 5.598120462
0.003422773253 -0.08638498292 11.87981714
0.001193926815 -0.1107142193 15.86838432
-0.01291877744 -0.07683905845 20.63497478
-0.0984986132 -0.01692369809 66.57720319
0.03488225371 -0.0433814409 -11.72699634
0.02594132622 -0.05156482906 -6.0006571
-0.02920797341 -0.03678417883 30.36285238
-0.02458497623 -0.05586689061 27.99001642
-0.01974194512 -0.04224728391 22.94116683
0.008492833791 -0.03149430829 0.9894092242
0.02300145545 0.007878424595 -13.38487843
0.06137683556 0.0232064002 -43.8205898
0.02051445743 -0.0006701675605 -8.551274491
0.004804533905 -0.002501059898 4.244918093
0.006208650979 0.006149323801 2.243607895
0.02252169411 -0.007455580055 -10.70927051
0.07672647302 -0.007589928744 -58.84116171
0.04761158546 0.02065608945 -34.18529459
0.0149485697 0.0255397835 -4.524614114
0.0706030595 0.04470276045 -58.87711419
0.09457252524 0.01491395134 -79.00906571
0.0806912438 0.01357257562 -65.51632447
0.01156052965 -0.01258032478 6.947971904
0.001511762321 -0.04851338949 20.24673952
0.006554994965 -0.03104588734 13.75535279
0.01566517705 -0.02605454926 2.665379533
0.004899776854 -0.008614627539 12.47969493
0.002586805587 0.0227866137 11.87614154
0.02141663834 0.03280112689 -10.30397305
0.02011866167 0.01228614394 -6.304923257
0.0333723121 0.01184550501 -22.67623282
0.02502795419 -0.01152223651 -9.975261618
0.02741114189 -0.02954445743 -10.94707606
-0.008631245691 0.01184236533 5.603179445
-0.01758992738 0.02406740736 4.419993162
0.03571379676 0.006937624509 39.01591601
0.02861244479 0.01186652715 39.02601738
0.005050370312 -0.002084301918 42.53466345
0.02386845693 -0.01662839675 41.83196986
0.04392533825 -0.0003642876911 -1.89982667
0.06607193158 0.03512511202 -8.735998572
0.01073321747 0.01463573761 3.693684038
0.02362558383 0.003593064486 2.066411934
0.008889533169 -0.001556334213 6.002016107
0.02749886982 -0.006267582941 2.215998795
-0.003520155508 -0.03172955972 13.86025087
-0.06058075485 -0.0094711755 27.45388515
-0.03669270437 -0.03222906351 22.88281188
-0.04041881812 -0.04187549057 25.44740478
-0.02725052253 -0.02285836339 18.31363939
-0.03558037367 -0.04197822868 23.58669846
-0.01854931944 -0.04419005264 17.50625756
-0.001219173661 -0.1355291654 21.73527648
-0.02464277513 -0.03228916385 18.13939159
-0.004296746118 -0.01921605815 7.425812618
-0.01272789088 -0.05207753766 14.99389152
0.03492993302 -0.07057651986 -6.482427243
-0.0001730411753 -0.07784065158 13.28595428
-0.0008224835348 -0.09219273138 14.8360919
-0.00655361085 -0.07235851487 15.45722555
0.005930196891 -0.06915086327 8.512848251
0.01304218905 -0.06308826205 3.528858359
0.01796100368 -0.08135613245 2.906006846
0.02618305569 -0.06597077792 -4.416395869
-0.04186092127 -0.05011153235 40.48438856
-0.06191341656 -0.07547187115 56.8064508
-0.02056317764 -0.02179770184 20.13383287
0.04194749841 -0.0206388183 -24.25853631
0.03499528658 -0.01873784315 -18.71549465
0.04384165299 0.004591377857 -27.73454598
0.01166595367 -0.01638710414 0.5077907017
0.008222513417 -0.01501632847 2.885053334
0.02352941819 -0.005665261867 -10.99868672
0.03354419109 0.007347341313 -21.47194198
0.09196474698 0.03876469308 -76.37148774
0.07564140361 0.02591060726 -59.79093661
0.02471643132 0.01891472974 -12.0352975
0.05457765952 0.01099475343 -40.11057236
0.08874668015 -0.01281452187 -70.34166926
0.03458655105 -0.02585152071 -14.00873313
-0.006761355052 -0.03336483676 28.07423589
-0.01847843434 -0.03970990479 40.77663507
0.009966150876 -0.0416425399 10.89397035
0.02150257027 -0.04334896754 -1.208460431
0.02805889908 -0.05468771722 -7.130366909
0.007527214146 -0.02119344639 12.18569671
0.0008739225554 0.001683371012 17.43071103
0.03276838411 -0.003433573949 -18.87459758
0.03353866126 -0.01291269804 -19.04849504
0.004914725224 -0.02595782614 16.35844565
0.03375292332 -0.02191366572 -19.38051098
0.0003415807795 0.009612084312 5.710752598
-0.01379544112 0.01330800425 5.565776222
-0.0186309799 0.01865429414 5.03465042
0.00265990859 0.01060974983 41.41043856
-0.01657304142 0.001608886655 43.99895945
0.004709285895 0.01168653735 2.088354981
0.05293051517 0.01197215186 -4.484763382
0.06422200808 0.02253197586 -6.513451065
0.02192128588 0.006080284348 2.729083578
0.00143620032 0.001681306225 7.441814155
0.006525642407 0.002054891872 6.1771778
0.01788767695 -0.01062889512 4.952474379
0.07415864516 -0.005591174365 -9.940972306
-0.06854204081 -0.04605142752 33.62817547
-0.04614820322 -0.03765595173 25.41614012
-0.02424038724 -0.06800562256 23.01265169
-0.02919984849 -0.04420504732 21.77024793
-0.04092839892 -0.008127283172 20.86601174
-0.02206770953 0.0002318457785 11.53527972
-0.007981758365 -0.005827593392 7.477694301
-0.009135243709 0.01401163768 5.494807585
-0.01283264586 0.004266096726 8.652258946
-0.03934958023 -0.007062713417 23.01729011
-0.00759255952 -0.02577184383 9.437858082
0.001315311934 -0.04415851951 7.950949139
-0.01062274847 -0.03456206941 12.90064454
0.001970610045 -0.05153310044 8.182097598
0.008650998868 -0.06670450799 6.280264837
0.01748680995 -0.02683597874 -5.144098937
0.0684888983 -0.02917432239 -36.86142904
0.0983473042 -0.002298489923 -59.94690039
0.04047074635 0.02208736171 -17.75423021
0.008106866907 -0.0420499426 2.805232549
0.009656518601 -0.04568896255 2.328448518
0.02272307096 -0.0155887462 -10.5446597
0.06088276272 -0.03022237245 -37.00816771
0.04017750239 -0.04876859541 -17.99592217
0.01704040626 -0.04336507611 0.1040832979
0.01268121752 -0.04387149628 3.324170334
0.03430687609 -0.03305520828 -16.50991329
0.07519423662 -0.0282564932 -52.84292568
0.06900475918 -0.06496993321 -41.10957774
0.008634358683 -0.05119430752 11.75069431
-0.01281516402 -0.04158493567 30.87917847
0.03588246507 -0.07074010502 -10.85096194
0.07325811887 -0.06725895419 -47.98793094
0.02876206456 -0.07120918237 -3.154821548
0.004468378764 -0.06640768182 21.11406221
-0.01635992017 -0.04171808889 38.62512342
0.01905650623 -0.03138928805 -1.007125671
0.0152190926 -0.04129318375 5.055596586
0.02436462827 -0.03582591233 -5.836371746
0.01947772597 -0.0463515451 1.276845149
0.02233752946 -0.04794781352 -1.570092424
0.01877419643 -0.05623295767 3.979562216
0.1265226048 0.0839719966 -149.870049
0.1373088741 -0.01642547514 -147.1780868
0.02781403272 -0.01377190651 -13.31890433
0.003979266823 0.02178754858 3.578421465
-0.004076646738 0.02653143969 3.15617509
-0.01574581394 0.03550826371 2.11123126
-0.01056855644 -0.0008246219688 44.02720616
-0.00638451793 0.003353309758 42.88902768
0.003136199941 0.05524889941 -4.36248606
0.02138796864 0.03795099022 -3.822418881
0.05120449661 0.0165290337 -4.624056916
0.01109765405 4.505588775e-05 5.463878962
0.005108955398 -0.001108305588 6.985256615
0.001976870012 -0.004969969585 8.102939247
0.02369403306 -0.01065091314 3.354122045
0.001765300938 -0.009708872198 10.65251386
-0.01965954198 0.01858717787 8.624080946
-0.04198630319 0.03450982712 12.78454344
0.004191683678 -0.0149916677 5.097595829
-0.01056432385 0.003093417633 7.98652603
-0.01346584101 0.04078029886 2.280897559
-0.001874285642 0.02732400282 -0.1783783977
0.007204384711 0.02899619363 -4.168265185
-0.0005171674662 0.0249532768 -0.01625842333
-0.03071211873 0.01360416649 15.44569383
-0.05089360241 -0.00520963634 28.26070718
0.003071044922 0.009140755088 -1.334381431
0.0006289209855 0.01973912854 -1.587843487
-0.00176261724 0.01916121491 -0.5192053478
-0.003190601334 0.0420524814 -3.333885033
-0.002975322842 -0.001813918449 3.215571605
0.03566032117 0.06513038785 -31.66728639
0.2284700954 0.04243587894 -150.1917259
0.3178506466 0.07069668776 -213.5955242
0.003465670221 0.001118996543 -0.0626117086
0.008165894812 -0.03579029342 1.51102029
0.007823222343 -0.05963546247 5.705119257
0.03882773139 -0.03826335016 -20.07879628
0.03497818389 -0.0553164376 -14.3328357
0.053369618 -0.08972051241 -22.94326538
0.02786213571 -0.1024891444 -0.390053493
0.03406400803 -0.112335751 -3.979307623
0.04564556912 -0.05827041217 -22.39622321
0.06601310363 -0.04874293818 -41.74385294
0.05721717633 -0.07404570955 -30.07726426
0.02175445929 -0.07750757197 3.520755663
0.02617218465 -0.06077348668 -3.747110605
0.01432874324 -0.05351640404 5.455096134
0.06464616445 -0.06704438236 -39.95867108
0.02513753286 -0.07741578882 1.36931759
0.0212073387 -0.07470028354 4.510536798
0.02314188282 -0.038192992 -3.894512733
0.0209120189 0.004079203141 -8.210764365
0.02456086144 0.002686900253 -11.50582726
0.02050725584 0.0048796268 -7.519319321
0.01593192828 -0.02036404255 1.654308668
0.01215206493 -0.0265354185 6.973094884
0.03836643562 -0.02102489688 -24.8081838
0.02093309849 0.08241254568 -21.74721779
0.07829034882 0.01862262904 -80.50528015
-0.03337540115 0.04102552679 53.99633647
-0.00179284438 0.08928580418 -8.437436785
0.001345339931 0.0957708465 -9.437291375
-0.0313506191 0.1063740963 -9.54922492
-0.05591802843 0.1185800869 -9.928606001
-0.006253143705 0.1313129628 -16.29635128
-0.002643630175 0.1467652434 -19.75729905
0.008620599614 0.09932580044 -12.71506129
0.04487809634 0.05758051185 -10.80699241
0.00792064672 0.05813188881 -4.232361533
0.003383349205 0.04569129254 -1.325540441
0.006344580858 0.04205321195 -1.364764597
0.04316233596 0.05427679657 -13.14544982
0.08566975034 -0.005892869161 -12.78299066
-0.08923764345 0.06366899245 22.80942284
0.002268323871 -0.01833217939 25.92406022
-0.002549239878 -0.02461893662 28.72887015
-0.005581027065 0.03413107082 0.9112413717
-0.008057765951 0.0317615118 2.190212071
-0.004250266276 0.05060778336 -2.849812324
-0.003264686227 0.09543380852 -11.60286815
-0.009917805711 0.09060374664 -7.628143438
-0.02539408981 0.01332296069 13.03741184
-0.0221123909 0.02644636589 9.074468278
-0.008649340931 0.2398284473 -36.04986935
0.02033378515 0.1661337914 -37.55275099
0.01317755843 0.1931810374 -37.19705307
-0.008593786247 0.1759250671 -22.86576892
0.0291754361 0.01801186208 -8.225069572
0.01371049857 0.01179700096 2.243004997
0.1310748893 0.1907116157 -114.4321113
0.2367580994 0.1665281325 -177.9177125
0.002046335933 0.01683118447 -2.420657683
0.005107572237 0.3121469076 -59.39078624
-0.003280562559 -0.02689955529 9.28307578
0.002060057662 0.2900035379 -53.60328745
0.01880070867 -0.02594788862 -6.85693063
0.01329219922 0.04581438158 -14.79769671
0.0331740479 -0.09127258157 -6.7142543
0.0343376012 -0.06471254388 -13.93522075
0.01660729466 -0.05222618784 0.2773236209
0.05327124391 -0.001112810307 -38.90060125
0.02720822008 0.001212999126 -16.18961207
0.02304458293 -0.04003347949 -5.119740821
0.05036521135 -0.01176933582 -35.07867965
0.01327774529 -0.01534012408 0.4346951358
0.06598396 0.005015874231 -53.81549227
0.02591772736 -0.001624040641 -12.77197732
0.0301937102 -0.009807163956 -16.37115616
0.01530900211 -0.01412439238 0.3359053644
0.02958107433 0.02041802234 -19.92812875
0.01547058062 0.006382291252 -1.964931718
0.009709317906 0.006102233049 4.298578985
0.003674793795 -0.01039579527 14.00920902
0.008435137583 -0.01445906542 9.140084249
0.01353145156 -0.01875006495 4.002721556
0.6499140359 -0.04890318124 -745.4107263
-0.1180160999 -0.01302708604 168.3775742
-0.105653435 -0.00519985872 151.6779722
0.02409298051 0.1691241739 -23.6000014
-0.0006397543059 0.1693986487 -22.9548511
0.004626788651 0.1767921351 -24.8702826
-0.01745281887 0.1834091588 -24.8647658
-0.01974923073 0.1548355451 -18.5100395
-0.002641304987 0.1632880966 -22.5076687
-0.005861818635 0.1574892176 -21.07297561
0.00418933894 0.1575323196 -22.78007021
0.01810692207 0.1474528986 -23.40211449
0.004165024188 0.1264802209 -17.01134532
0.02710201157 0.1687944351 -31.03318174
0.03466868063 0.1931361184 -38.55522795
0.03144888104 0.0760442463 -13.39024906
0.003239580678 0.04275843062 1.308404979
-0.002552997079 -0.02422878423 28.7047279
-0.006122221839 -0.04698483026 34.80504247
-0.005035263127 0.3210822266 -55.37410643
-0.0005474651693 0.2910921455 -50.91227836
0.01361889275 0.3223363434 -62.9832777
0.03801685223 0.259911783 -60.4162565
0.01726620299 0.04551354295 2.377471058
-0.01087655905 0.07077614116 10.01038496
-0.01094997291 0.06448573179 11.37560012
-0.08604641171 0.003049438142 61.19019335
0.002484228797 0.2860488298 -50.74416585
0.01875049972 0.2423948326 -50.45937562
0.02751195499 0.2317082772 -53.56193354
0.05367304119 0.03952550971 -27.36048752
-0.02045397228 0.01201822906 23.35925078
0.03165089983 0.2826264263 -68.45839037
0.07186246893 0.2654060212 -91.17318797
0.01236226821 0.02728994815 -1.74750571
-0.05409123993 0.3807226074 -30.38449723
-0.01566320895 0.3713689033 -56.19212936
-0.001804490406 0.3605194788 -64.45323535
-0.01180636393 0.3665764772 -58.39288009
-0.01679669708 0.3521075563 -51.55301118
-0.05584444404 0.3279806743 -14.82261168
-0.05938517182 0.3329912345 -11.96535584
-0.0001974734536 0.3442473966 -64.29064462
0.06490142963 0.1250467816 -74.11304879
0.03081313329 0.05575118535 -30.01043423
0.03934325109 0.05337355055 -37.76150917
0.03480969648 0.02640834889 -28.29235981
0.05242558208 -0.0009348131584 -39.34624659
0.06552648233 0.06682111266 -65.36144818
0.02750391329 0.05681350621 -25.12542456
0.01769287159 0.03945660724 -12.34364546
0.02117604987 0.02784100451 -12.57116548
0.0179772281 0.01696922279 -6.794361557
0.003584866706 0.002062723991 11.86945646
0.1018413316 -0.1041545105 -68.9310629
-4.486575046e-05 -0.003431418732 16.87049343
0.001544764386 0.003228368769 13.60589141
0.004257892917 0.004666413239 10.18316502
0.00604174367 0.03970193205 0.8228251396
-0.09842529574 -0.05073127399 151.8905908
-0.07808180385 -0.03378280119 123.0579948
0.02215848099 0.2213470259 -34.82106268
0.004040576699 0.2298692055 -36.60911196
-0.02935098176 0.2350077587 -35.73556929
-0.01498205082 0.2466862844 -39.04783736
-0.01238804298 0.2283816609 -34.45603262
-0.01833562998 0.2276138919 -33.73359003
-0.01362803301 0.2284001445 -34.46336611
-0.007211293627 0.2235696183 -34.17689306
0.002930943233 0.2393670479 -39.69090696
0.00270273129 0.2403135489 -40.00371714
0.002963054198 0.2558040532 -43.63503111
0.01270725661 0.2368807655 -41.93062472
0.0142994023 0.3031874641 -57.68352608
0.04240941482 0.3482258338 -76.12832314
0.02588085427 0.3719919091 -77.39103579
0.02496825918 0.3367769508 -68.6864463
0.006772040291 0.3406035038 -64.21916326
-0.003658709509 0.3637801161 -64.89887229
0.02094594715 0.3409435308 -69.22935802
0.02548016854 0.3075500547 -63.7273317
0.08421926301 0.05798173965 -30.94850972
0.001103322446 0.03918051489 11.2724112
-0.03761336921 0.03776400127 30.08637159
-0.1119139947 0.01018286333 72.76158304
-0.03568397726 0.3089385239 -35.05274436
0.004170866238 0.3130524178 -57.48226837
0.009999526594 0.3213926142 -62.62948775
0.004073176881 0.3218587933 -59.34490808
-0.001198163607 0.3151590017 -54.47736515
0.0002227427925 0.2888206098 -49.37186745
0.0142525583 0.3051531893 -62.17135025
0.001916358814 0.3212387313 -57.28914679
-0.01690462305 0.3423650628 -48.92839096
-0.01887099991 0.37637958 -55.18818923
-0.01786488766 0.3688424759 -54.28624243
-0.01102385588 0.3625556826 -57.67393663
-0.01534584921 0.3468076136 -50.55344301
-0.02921651718 0.3503114102 -40.24686051
-0.026307606 0.3482927447 -41.93558401
-0.04712894412 0.3783441148 -31.27268882
2.358610334e-05 0.3893663449 -74.28327809
-0.004779158104 0.3762766719 -66.83897893
0.02553465126 0.382325164 -95.56360799
0.02099282842 0.1981191035 -51.57060917
0.04570318364 0.2923941059 -95.45304915
0.009955661828 0.1805927585 -35.46106993
0.01819800178 0.08909722398 -22.85115545
0.007239464145 0.05211255289 -3.586389052
-0.003070330105 0.03297402663 11.76785254
0.006972435591 0.02097640776 3.88271218
0.0009082508253 0.001386657192 14.86721706
-0.002996834215 -0.0005250713566 19.6025778
-0.0002046067454 0.003198453049 15.571967
0.01988804797 0.02935538836 -13.63534877
0.02888135062 0.04282821855 -27.02767945
0.03803449877 0.06947280937 -44.24048001
0.02635921372 -0.02214760903 -7.953663667
-0.0214868458 0.01477840711 42.51803276
0.02027078204 0.247392714 -40.77617893
0.006115691906 0.2443563588 -39.51501271
-0.009319076448 0.2387372627 -37.26890454
-0.005482678273 0.001836273102 43.10852594
-0.002301425614 0.2713200929 -45.88958924
-0.007182465336 0.2535025595 -41.01504085
-0.008049838841 0.262314655 -43.17904322
0.002128638724 0.2638015817 -45.09598134
0.0006839990025 0.2634966714 -44.64750355
0.01074996623 0.2957948844 -54.72611564
0.01718637483 0.3623692345 -71.65511341
0.02353518343 0.3723570595 -75.71774293
0.01104469372 0.3964648266 -78.2590151
0.01312390151 0.3947427803 -77.98625916
0.03324403917 0.3586966757 -75.29632704
0.01860319908 0.3295094081 -63.75547788
0.009433430921 0.3295845825 -61.17150429
0.01086489034 0.312230322 -58.17686116
-0.0003327409052 0.3266523058 -57.59231494
-0.007558090772 0.318600742 -52.51326812
0.005920791797 0.3252540601 -60.23419332
0.006428563589 0.3048534065 -55.32803173
-0.00249802585 0.3121628778 -52.75400216
-0.01129087879 0.2926517374 -43.35524983
-0.00813222447 0.3272054723 -53.78254888
0.007269866966 0.3343136757 -63.91727636
0.01139090429 0.3163231636 -61.87872998
2.783701301e-05 0.3233757913 -56.89980185
-0.007263710535 0.3268292926 -53.18238426
-0.006876497455 0.3175395208 -51.42733275
0.003384077982 0.3253702552 -60.01209236
0.01335540176 0.3202301436 -65.10689212
0.02751903209 0.3140978485 -73.10864448
-0.01247530032 0.3524398385 -53.56912019
-0.01188008591 0.3681129282 -58.12811364
-0.01853484764 0.388136259 -57.91713255
-0.01539731555 0.3758775691 -57.08821454
-0.03678306899 0.3690552367 -38.63091508
-0.04061800586 0.3613547552 -33.54297613
-0.01620872899 0.3678936416 -55.35568545
0.00157704781 0.3550479614 -67.27680035
0.002847227682 0.3490956576 -66.87333715
0.01136361278 0.3409538315 -72.50529092
0.08581617749 0.2419106349 -117.5111682
-0.01876792278 0.349603333 -46.25541782
0.005773808357 0.3379295603 -67.44766894
0.0007291857376 0.06770764072 -0.6545465415
0.009719143682 0.3095883976 -63.99144075
-0.006872828149 0.3048771683 -45.92167717
-0.001565066889 0.02136704138 12.79245381
-0.003958217198 0.005238871779 19.26090317
-0.001424661646 0.002984869258 17.00853698
0.00690776002 0.0173235791 4.170902309
-0.02713688548 0.5689020682 -88.55943538
0.04660903767 0.1442431261 -72.36395731
0.0496870755 0.1527324087 -77.51774665
0.01948185856 0.1615027993 -43.26250261
-0.02264843093 0.07986429742 28.39438543
0.01783628233 0.2573872787 -43.3110322
0.01530685415 0.2619857395 -44.48394455
0.01560755659 0.2709403164 -46.77224271
0.05544851159 0.005296652596 37.18402586
0.003416852613 0.2784159384 -48.53423086
-0.004122255604 0.265624949 -44.41493167
0.01747903089 0.2814676863 -51.82643713
0.05289878868 0.5523344714 -128.6308826
0.05232416576 0.5878940441 -138.5669027
0.0319086579 0.5906509546 -135.7348602
0.007402654809 0.3844949315 -74.08325681
0.02344332994 0.3710073763 -74.96875226
-0.003670875212 0.2783292793 -42.67658018
0.02391418516 0.3257539693 -63.76152103
0.002511202186 0.3070446024 -52.90775745
-0.004776797903 0.3140193713 -52.70170889
0.005571084799 0.3194396054 -58.08338301
0.002246949685 0.3213475659 -57.30567056
0.005989379705 0.3261590711 -60.05333206
-0.001469471723 0.3273054646 -57.28310927
-0.002774187814 0.3354955353 -58.96652677
0.0009700668358 0.3219278448 -56.93839443
0.005292387279 0.3210617485 -58.80969275
0.006949183485 0.3197383802 -59.39138705
0.0005339413024 0.3255547557 -57.65054196
-0.003156408106 0.3351003558 -58.26223106
0.006585508273 0.3222435997 -60.18312735
0.001534227852 0.3188029062 -56.52244956
-0.003509353344 0.3243402355 -54.86106525
-0.002241590603 0.3339171275 -58.35131059
0.0043273487 0.3369360568 -63.36421073
0.00764461486 0.3319072089 -64.23621984
0.01486173568 0.3185095412 -65.68905077
0.04004037699 0.2978987055 -77.69512363
0.02810624176 0.3155749609 -73.23023155
-0.008871652605 0.3364320309 -51.02582692
-0.03053190593 0.3731539411 -43.74029641
-0.04285226223 0.340977655 -26.03057818
-0.01562138039 0.381296498 -59.36408307
-0.02603561152 0.3828170512 -50.53832346
-0.002826983952 0.3895016292 -72.70897241
-0.0185688168 0.3942885102 -59.80068094
-0.0162354546 0.3812010033 -57.99195059
-0.004538545611 0.3339675197 -56.4634603
0.004913546513 0.3506417982 -69.26088083
-0.01407618683 0.3857821998 -60.48971422
-0.01060419339 0.3884133314 -64.32008192
-0.0106938657 0.3516968036 -54.54866217
0.00783231854 0.3534285256 -74.38091356
-0.02072743982 0.3339035038 -39.18354729
-0.0270941932 0.3158824844 -27.32922332
-0.005740122586 0.3713241967 -65.86252332
-0.04973304922 0.4420544913 -36.06222489
-0.05373760974 0.4762761284 -40.98341255
-0.008724547154 0.2601485523 -35.97174169
-0.0001947764963 0.1962602388 -29.24307638
-0.01016323427 0.1421218151 -2.560577946
-0.01452486009 0.1506749099 0.32821146
0.02353645577 0.2624174374 -44.76247861
0.0232411609 0.2761639925 -48.74965675
0.02379777708 0.2556920637 -43.173372
0.07228352511 0.03466642048 27.34551474
0.03535736673 0.7903163511 -195.4347221
0.03481366377 0.4499978506 -96.30849984
0.007231630045 0.421883639 -84.74062651
-0.01837585151 0.3073349197 -47.36254892
-0.02529181204 0.2469170171 -28.32201523
-0.02824533339 0.2230721468 -20.66024299
-0.0134314833 0.2732744154 -38.69261426
-0.003617186978 0.2845599608 -44.70087686
-0.005662784837 0.2979871848 -48.13315669
-0.0007101697902 0.3069556592 -52.00060377
0.002519215086 0.3123008811 -54.60271072
0.005980777659 0.3226402589 -58.81377166
-0.00239069508 0.3219265137 -55.6026717
0.006176968248 0.3269009945 -60.16618112
-0.0001356239228 0.3270406575 -57.75051954
-0.001826237462 0.3245815408 -56.34903457
-0.003603996245 0.3194309613 -54.11293159
0.00401641182 0.3277988512 -60.01684752
0.002794826181 0.3336451399 -61.15321433
0.00407838159 0.3267698335 -59.69272675
-0.003638450468 0.3376559537 -58.76741089
-0.0006168445809 0.3257308893 -56.9264103
0.001959728523 0.3282315183 -59.12759
-0.01021275548 0.329375673 -52.39147459
-0.00114472723 0.3219249431 -55.70612319
0.003696843385 0.3306853315 -61.16224036
0.00302984398 0.3370723939 -62.66666353
-0.002733469205 0.3223678905 -54.59092645
0.01090147027 0.3221536694 -63.95176219
0.02163226193 0.3073622662 -67.26571452
0.03470158458 0.2811145899 -69.21481668
0.02897677065 0.3016541514 -70.18062819
0.02954779078 0.336745685 -80.46847311
-0.05104583773 -0.01322476617 79.7576258
-0.02662289551 0.4082161933 -57.21047649
-0.004776551767 0.3958373874 -72.5086772
0.01658301375 0.4165774706 -96.28047345
-0.03837772133 0.3712651629 -34.97994254
-0.003767084616 0.3845885325 -70.64206548
-0.002662416601 0.3927552947 -74.13867681
0.01613434561 0.3379259884 -76.50688741
-0.03057115402 0.3596985421 -35.7562318
-0.03428302886 0.3643847734 -33.17878577
-0.0391822526 0.3639225077 -27.61369147
-0.01608516198 0.3520926221 -49.2472978
-0.02465777899 0.3566572716 -40.80251001
-0.05014874596 0.3445026629 -10.35094354
-0.008983843852 0.3658590769 -61.05753933
-0.002863415681 0.3854612418 -72.96657854
-0.03458270544 0.4375468982 -51.71103812
-0.1054781515 0.5540124801 -2.714499125
0.1224166457 0.1320840469 -143.1761466
0.02224818828 0.1527214088 -44.99175719
0.01129712057 0.1637221942 -34.72044763
0.0004883698014 0.2505842168 -31.9200755
-7.468193978e-05 0.2588644574 -34.50933681
0.008618327122 0.2912739173 -45.05227463
-0.008748562399 0.2509785418 -31.20218742
-0.02788584046 0.2539907615 -30.53250461
-0.0141059715 0.2131853076 -19.07803129
-0.03768221034 0.2184448841 -17.81602364
-0.01762736057 0.2527275343 -31.82249389
-0.01500415498 0.2745817787 -39.20082206
-0.01463995298 0.2809462021 -41.27019237
-0.007303216842 0.3006442711 -48.69700922
0.002275854908 0.317087337 -55.77784437
0.001108179874 0.3264504306 -58.52025726
0.00624238187 0.3194278847 -57.84684349
0.007853907397 0.3174589089 -57.69462711
0.004479513653 0.3216232539 -57.88596556
0.004988674531 0.3237191186 -58.76633128
0.004503571034 0.3261515616 -59.32157875
-0.003275997891 0.318719214 -53.9832287
-0.0007554186517 0.3249386257 -57.02334868
0.0018919101 0.3268239183 -58.76291042
0.002280993965 0.3266031999 -58.69067309
0.000367215741 0.325589757 -57.39910098
-0.001751521671 0.3159321718 -53.36035378
0.008533607851 0.3159672554 -58.78456536
0.0008071786371 0.3160079147 -54.5999711
0.0008852557031 0.3275307745 -58.38005369
-0.00462796374 0.3251191775 -54.36205648
0.001593970029 0.3301790697 -59.6287012
-0.004218828527 0.3258064235 -54.62021211
-0.001745427106 0.3255564585 -56.10768457
-0.00273845328 0.3270921948 -55.93868251
0.002642672105 0.3266058906 -59.431237
0.007187937732 0.3182893883 -60.10510257
0.01628939658 0.3112332096 -64.58313414
0.03146794541 0.2890951999 -69.09597222
0.06384211225 0.2697439094 -87.720094
0.02767347383 0.2801684346 -61.07408862
0.005138465136 0.3620910993 -69.33021789
-0.006747296344 0.3431059441 -53.51012459
0.03536558673 0.347160641 -91.95503016
0.08684814459 0.2968171709 -120.7600571
0.01855036177 0.3745959205 -87.52601125
0.2794981304 0.2992757697 -306.6376998
-0.09475230313 0.3611991936 29.60357734
-0.0919232312 0.436069152 2.821455177
-0.0604412728 0.3964131834 -16.50397415
-0.02454672995 0.3450129521 -36.94256951
0.005914841313 0.3531312795 -62.52788254
0.0201544564 0.2960436967 -59.58608878
0.03584440407 0.2255750834 -53.32551945
0.0656643017 0.1843962168 -72.65159833
0.002247961936 0.3331925015 -63.30948613
-0.00346776878 0.3469241483 -60.86957598
-0.01024372021 0.2611936544 -25.96661559
0.05304864681 0.09230998749 -48.16953176
0.009849566069 0.01695864454 27.79442475
0.03588409349 0.029045341 -8.491782604
0.004032861016 0.2482961005 -31.20957263
0.005915351561 0.2467209097 -30.71538349
2.514602818e-07 0.2378848527 -27.34752833
-0.01999501387 0.241562147 -27.51132305
-0.01645081293 0.2484395283 -30.38225618
-0.00804703737 0.2516445958 -32.73497597
0.004864362742 0.280115712 -44.08837207
0.004587042937 0.3037428105 -51.96022445
0.007956765662 0.3132924287 -55.6832382
-0.004974547095 0.310180775 -52.04620069
0.01259620446 0.32427604 -60.60442423
0.006905775971 0.3234716904 -58.91902684
0.004077546172 0.3267472598 -59.20197484
0.005318033867 0.3234322018 -58.68235477
0.002642059113 0.3212042206 -57.10247632
0.002513964848 0.3221186994 -57.3114738
0.004194624991 0.3238469013 -58.50082657
-0.0005712279267 0.3255422476 -57.23738427
-0.002610435991 0.3233458442 -55.86320301
0.004056203858 0.3262009842 -59.60459253
0.0056957619 0.3274371052 -60.6648566
0.006494882225 0.3250191653 -60.14017921
-0.0009434943229 0.3189052292 -54.61183975
-0.002214472684 0.3186224663 -54.0998334
0.002926531369 0.3104123979 -53.93885449
0.00484922331 0.3231899099 -59.14547727
-0.0005060368529 0.3269628788 -57.40406546
-0.001906009949 0.3290328505 -57.26702291
0.001511244658 0.3245983323 -57.84427946
0.004122358957 0.3223845995 -58.73802032
-0.00432416692 0.3196013591 -52.33003313
-0.0007909961311 0.3253759875 -56.81798736
-0.0005152247203 0.3204574271 -55.19148101
0.005565766607 0.3173875437 -58.53501734
0.01120886279 0.3100786729 -60.31655802
0.0134590109 0.3156205734 -63.92855752
0.03086098387 0.2883598943 -68.19415209
0.04087959245 0.282813951 -73.54312573
0.01758709514 0.2846419226 -54.17311713
-0.01494611832 0.3120856448 -36.29289418
0.01691210521 0.3348968014 -71.84165241
0.05821517214 0.3716081569 -120.7677117
0.09063982006 0.4173507558 -165.6958341
0.09583018965 0.3206207791 -136.7447446
0.03307434759 0.6152846583 -176.1907892
-0.01352906287 0.7418181103 -173.200652
-0.02832072022 0.7589179219 -164.2730387
-0.03778241346 0.2857823772 5.62656438
0.0193412354 0.2986404879 -58.05382622
-0.0260046384 0.2994788292 -10.99533807
0.002511821162 0.2652480426 -30.5268183
0.06220206236 0.2277228335 -83.56670983
0.0728429775 0.2088679135 -88.33763711
0.008956580054 0.3071507698 -62.83311064
-0.03575886585 -0.02530915079 105.8241986
-0.0692100178 -0.04845721202 153.7131789
-0.02453806417 0.2996838691 -21.52492014
0.005049118887 0.3299557187 -67.31098738
-0.001937994382 0.2459562004 -30.34043162
-0.003595331645 0.2409447702 -28.51098224
-0.008217741509 0.2367563462 -26.84764492
-0.007370136836 0.2512618533 -31.94125182
-0.00305506733 0.2819544366 -43.00672639
-0.003234853158 0.2860526348 -44.40603572
0.001822369298 0.3112090239 -53.96226309
0.009126868984 0.3171457906 -57.07564508
0.004916303856 0.3201520329 -57.27316482
0.009099132217 0.3195031345 -57.80743638
0.001703736156 0.3212800532 -56.93363449
0.005949598897 0.3193468183 -57.25320267
0.008707276989 0.3049256815 -52.8880067
-0.0006871468474 0.3164408891 -54.44072876
0.003815442798 0.3152777204 -55.38875005
0.001021147006 0.3156149719 -54.57066061
0.0002596753452 0.3160317221 -54.35392458
0.003099500921 0.3180019982 -56.03986674
-0.0005444139038 0.3127946008 -52.86754554
0.0001612637139 0.3216740562 -56.17364231
0.002850163592 0.3231670121 -57.78615046
-0.0004336746527 0.3123359305 -52.58811231
0.004658659927 0.3116657966 -54.85830267
-0.001576803251 0.3195714064 -54.63816905
0.006575476831 0.3158735113 -57.61331094
0.008072979552 0.3039861472 -54.14590718
0.003893313184 0.3106408915 -54.16554244
0.0008726505566 0.3169596734 -54.65965271
-0.00185994111 0.3249660656 -55.88678442
-0.001226962524 0.3165446211 -53.2412737
-0.00255399568 0.3144553082 -51.68103451
-0.001308436704 0.3244759459 -56.16338201
0.004804311097 0.3166561673 -57.61661235
0.006790918483 0.313923387 -58.09755049
0.003424282897 0.3095203779 -54.09512043
0.009841811173 0.3121410749 -59.87769444
0.011073897 0.311431141 -60.6466839
0.037898629 0.2735040024 -68.6042695
0.04601786691 0.2563576414 -68.8958767
0.02383753241 0.2921110111 -62.84963775
0.04811337702 0.3330379754 -98.16415849
0.0554151581 0.3508614473 -110.2660261
0.08350168133 0.3740058847 -144.5208114
0.1277623984 0.3456066113 -175.4430857
0.09751628578 0.2211614542 -103.2432831
0.02110558396 0.1948422375 -18.95687372
-0.09879941723 0.1044032796 131.2078104
-0.03530260266 0.1692970035 43.2294232
0.01365885303 0.2445597679 -33.58101509
-0.01079503386 0.2953285142 -25.71983755
-0.01934424458 0.3220047672 -25.8379433
0.02429838649 0.3168564547 -73.26323739
0.07632739553 0.2275911464 -99.13548649
0.06281048409 0.2346139789 -85.57155188
0.01854432692 0.6952415666 -203.8539711
-0.01186151216 0.2424235762 -15.87279429
-0.003578138369 0.2368632928 -23.91061186
0.01757697589 0.2947274293 -70.20652075
-0.003924040149 0.2441659027 -29.68550738
-0.003709428771 0.2411694227 -28.59028286
-0.001835354594 0.2451618912 -30.16363998
0.01060186559 0.2551340924 -34.55801858
0.01243363318 0.2629147242 -37.63982541
0.01206108298 0.2788185082 -43.37528675
0.008957112367 0.3139355355 -55.81365769
0.005511412133 0.3122555546 -54.66224683
0.005927956852 0.305156498 -52.17518538
0.002289771881 0.2983310144 -48.8925245
-0.001369206145 0.288805768 -44.59169353
0.000619030712 0.2841375043 -43.351065
0.002114705373 0.2902816959 -45.90665518
0.001979885817 0.2998802564 -49.34803001
0.005154544043 0.2921401133 -47.51642209
0.00583145204 0.30163553 -51.15260362
0.001808352385 0.3113542807 -53.24916459
-0.007203678312 0.2912162854 -42.62334749
-0.007492397235 0.2882196017 -41.39338129
0.007711564514 0.2953269575 -50.06497651
0.001108715866 0.2956284769 -47.30018771
-0.004994449075 0.2877864744 -41.70304168
0.002160076306 0.290214985 -46.00114653
0.001707138904 0.2960496617 -47.9611044
0.007013165155 0.2967320182 -51.0069771
0.004237662605 0.2842893675 -44.98746212
0.009235378143 0.2976090464 -52.50786577
0.009696471644 0.2994670527 -53.56286411
-0.001111360731 0.3135729474 -52.27539879
-0.001449958753 0.3043953792 -48.81390999
0.001577951308 0.3034755319 -50.4462115
0.002790476475 0.3133044488 -54.9492702
0.0001420688825 0.3154648064 -53.8357466
-0.003630790573 0.3101618575 -49.14512243
0.0009502881745 0.3005546391 -49.00551481
0.002704310884 0.2966646995 -48.93407155
0.01191397589 0.2836656263 -51.33273471
0.03099713838 0.2675173347 -60.71249664
0.040508942 0.2427767552 -59.60801979
0.05990522282 0.2814140195 -90.02780892
0.06807349493 0.3000621806 -103.9376826
0.07175619741 0.30967482 -110.8125101
0.1051212219 0.3522617484 -156.6063934
0.09703994835 0.3401999236 -144.8869003
0.224324771 0.1424895443 -197.8254559
0.01871882129 0.2313869227 -30.77846628
-0.09087881727 0.02268375504 152.2525607
-0.03020115754 0.06621476965 74.33053729
0.03781189913 0.1545404296 -27.00389963
0.03044632546 0.2641259588 -58.7131342
0.01908370542 0.3438327798 -75.47241621
0.01895361386 0.3723326463 -86.04430843
0.04516996351 0.2818868682 -82.50354295
-0.01222712234 0.2174471391 6.988457353
-0.03930904163 0.1631742166 58.17960803
-0.6840729233 0.3314033418 763.1968629
-1.824238021e-10 0.548943014 -134.1335013
-1.83605344e-10 0.548943014 -134.1335013
