0 1 1
1 2 3
2 3 3
3 4 3
4 5 3
5 7 3
7 8 3
8 10 3
10 68 3
10 12 0
12 70 3
12 72 3
14 72 3
14 15 3
15 16 3
16 17 3
17 18 3
18 19 3
19 20 3
20 22 3
22 23 3
23 24 3
24 25 0
25 26 3
26 27 3
27 28 3
28 29 3
29 30 3
30 88 3
32 88 3
32 33 3
33 34 3
34 35 3
35 37 3
36 37 3
37 38 3
38 39 3
39 40 3
40 41 1
41 42 3
42 43 3
43 44 3
44 45 3
45 46 3
46 47 3
47 48 3
48 49 3
49 50 3
50 52 3
52 53 3
53 54 3
54 55 3
55 56 3
56 57 3
35 36 3
10 67 3
70 72 3
8 67 3
24 82 3
25 82 3
67 68 3
52 109 3
7 64 3
70 186 3
22 79 3
40 99 1
50 109 3
5 64 3
20 79 3
38 96 3
41 99 3
29 88 3
39 96 3
40 98 1
12 69 3
45 103 3
10 69 0
15 74 3
98 99 3
45 104 3
46 104 3
5 63 3
16 74 3
39 98 1
4 63 3
15 72 3
18 75 3
22 80 3
26 85 3
27 85 3
28 86 3
29 86 3
32 90 3
42 100 3
43 100 3
47 105 3
48 106 3
49 106 3
49 108 3
50 108 3
52 110 3
54 113 3
2 60 0
3 60 0
17 74 3
17 75 3
20 78 3
23 80 3
24 81 3
28 85 3
33 90 3
33 92 1
34 92 1
37 95 3
39 97 3
41 100 3
43 101 3
43 102 3
44 102 3
49 107 3
108 109 3
53 111 3
54 112 3
55 113 3
0 58 3
1 58 0
4 62 2
69 70 3
19 77 3
78 79 3
79 80 3
36 95 3
95 96 3
96 97 3
97 98 1
100 101 3
47 104 3
48 105 3
106 107 3
107 108 3
111 112 3
56 113 3
3 62 2
62 63 3
63 64 3
18 77 3
20 77 3
35 92 1
36 94 1
101 102 3
104 105 3
52 111 3
112 113 3
113 114 3
74 75 3
25 85 3
35 94 1
99 100 3
45 102 3
110 111 3
56 114 3
8 64 3
72 74 1
23 81 3
85 86 3
88 90 3
103 104 3
105 106 3
57 114 3
2 58 0
68 69 0
81 82 3
92 94 1
77 78 3
90 92 1
94 95 2
58 117 3
2 117 0
86 88 3
88 147 3
109 110 3
60 62 1
94 151 0
82 85 3
92 151 2
102 103 3
60 117 3
68 126 0
69 126 3
92 149 2
75 134 3
18 134 3
88 146 3
146 147 3
90 149 3
72 186 3
77 134 3
81 139 3
81 140 3
113 171 3
8 125 3
69 127 3
82 140 3
86 145 3
88 145 3
101 159 3
102 159 3
64 125 3
70 127 3
72 130 3
82 142 3
82 143 3
85 143 3
86 144 3
67 125 3
80 81 3
85 144 3
90 147 3
100 159 3
126 127 3
72 131 3
74 131 3
82 141 3
142 143 3
92 150 2
104 162 3
105 162 3
114 172 3
58 116 3
60 119 3
62 119 0
63 121 0
68 125 1
130 131 3
75 133 3
78 137 3
79 137 3
141 142 3
143 144 3
97 155 3
98 155 0
104 161 3
108 167 3
109 168 3
110 168 3
112 171 3
116 117 3
62 121 0
64 122 0
64 124 2
74 133 3
78 135 3
140 141 3
145 146 3
100 158 3
158 159 3
103 161 3
105 163 3
106 163 3
109 167 3
111 169 3
114 173 3
63 122 0
122 124 2
124 125 1
133 134 3
77 135 3
80 137 3
147 148 3
90 148 3
149 150 3
94 152 2
95 154 3
96 154 3
98 157 3
99 157 3
99 158 3
106 164 3
107 165 3
108 166 3
112 169 3
113 172 3
172 173 3
130 186 3
151 152 3
95 152 3
154 155 3
155 156 3
98 156 0
157 158 3
162 163 3
107 164 3
165 166 3
166 167 3
167 168 3
111 168 3
0 116 3
139 140 3
144 145 3
150 151 3
156 157 1
168 169 3
119 121 2
121 122 3
131 133 3
80 197 3
103 159 3
163 164 3
164 165 3
148 149 3
161 162 3
171 172 3
135 137 3
81 197 3
159 161 3
134 135 3
139 197 3
112 170 3
68 183 2
169 170 3
125 183 0
126 183 3
80 195 3
95 211 3
154 211 3
159 218 3
161 218 3
170 171 3
117 119 3
117 177 3
119 177 3
70 185 3
137 195 3
127 185 3
185 186 3
152 211 3
116 174 3
116 175 3
119 178 3
121 178 2
122 181 3
174 175 3
117 175 3
124 181 3
124 183 2
131 191 0
133 191 0
135 193 3
172 230 3
126 184 3
130 188 3
195 197 3
171 230 3
127 184 3
186 188 3
141 199 3
150 209 3
151 209 3
159 217 3
131 189 3
143 201 3
217 218 3
167 225 3
122 180 2
130 189 3
133 192 0
134 192 0
135 194 3
142 200 3
144 201 3
145 204 3
155 213 3
166 225 3
193 194 3
143 200 3
147 205 3
149 208 3
154 213 3
157 215 3
191 192 2
141 200 3
146 204 3
146 205 3
148 205 3
149 206 3
150 208 3
152 209 3
158 215 3
158 216 3
159 216 3
170 228 3
180 181 2
135 192 2
140 198 3
141 198 3
144 202 3
148 206 3
155 214 3
156 214 3
156 215 3
163 221 3
168 225 3
169 228 3
171 228 3
173 231 3
121 179 1
121 180 1
183 184 3
137 194 3
200 201 3
154 212 3
216 217 3
161 219 3
162 221 3
164 221 3
164 223 3
165 223 3
166 224 3
168 226 3
168 227 3
169 227 3
171 229 3
172 231 3
144 204 3
208 209 3
211 212 3
212 213 3
213 214 3
218 219 3
162 220 3
223 224 3
227 228 3
229 230 3
179 180 0
188 189 3
140 197 3
201 202 3
161 220 3
220 221 3
225 226 3
226 227 3
228 229 3
175 177 3
178 179 1
184 185 3
198 199 3
202 204 3
164 222 3
224 225 3
230 231 3
192 193 3
199 200 3
206 208 3
214 215 3
221 222 3
222 223 3
177 178 3
197 198 3
204 205 3
152 210 3
177 234 1
195 254 3
205 206 3
175 234 1
124 182 2
209 210 3
177 236 1
178 236 1
182 183 3
194 195 3
197 254 3
210 211 3
189 191 3
200 258 3
206 266 3
208 266 3
219 220 3
181 182 3
230 288 3
231 288 3
209 267 3
230 287 3
231 289 3
179 236 3
214 273 3
215 273 3
229 287 3
210 267 3
234 235 3
215 216 3
227 286 3
228 286 3
177 235 1
183 242 3
185 243 3
197 255 3
198 255 3
228 287 3
184 242 3
184 243 3
188 247 3
189 247 3
216 273 3
216 274 3
227 285 3
185 244 3
186 244 3
186 246 3
199 258 3
202 261 3
204 262 3
208 267 3
221 279 3
222 279 3
226 284 3
174 232 3
175 233 3
235 236 3
188 246 3
254 255 3
204 261 3
205 262 3
205 264 3
213 271 3
213 272 3
214 272 3
219 278 3
220 278 3
223 281 3
224 281 3
284 285 3
286 287 3
175 232 3
233 234 1
244 246 3
189 248 3
191 248 3
191 249 3
192 249 2
201 259 3
206 264 3
211 269 3
212 271 3
272 273 3
273 274 3
220 279 3
225 283 3
288 289 3
232 233 3
242 243 3
243 244 3
246 247 3
247 248 3
192 250 3
193 250 3
198 257 3
199 257 3
202 259 3
266 267 3
210 269 3
211 270 3
212 270 3
271 272 3
222 280 3
222 281 3
224 283 3
226 283 3
285 286 3
179 237 3
217 274 3
278 279 3
280 281 3
224 282 3
236 237 3
180 237 1
200 259 3
264 266 3
270 271 3
281 282 3
180 296 0
261 262 3
269 270 3
282 283 3
283 284 3
287 288 3
181 296 3
182 242 3
248 249 3
257 258 3
194 254 3
205 321 3
236 294 3
182 296 3
182 298 3
244 418 3
249 250 3
262 321 3
264 321 3
218 274 3
279 280 3
237 294 3
246 418 3
255 257 3
286 344 3
182 297 3
255 314 3
257 314 3
218 333 3
296 297 3
210 326 3
274 333 3
297 298 3
254 311 3
258 259 3
218 278 3
182 299 3
242 299 3
244 301 3
202 318 3
278 336 3
243 301 3
259 318 3
261 318 3
267 325 3
269 326 3
274 332 3
237 296 0
194 310 0
194 311 0
255 312 3
267 326 3
273 332 3
288 345 3
235 293 3
236 293 3
301 418 3
246 304 3
250 308 3
310 311 3
255 313 3
313 314 3
218 336 1
287 345 3
234 291 0
298 299 3
304 418 3
249 308 3
254 312 3
312 313 3
279 336 3
283 342 3
289 347 3
233 291 3
259 317 3
266 381 3
332 333 3
281 339 3
284 342 3
288 347 3
293 294 3
258 317 3
266 325 3
282 339 3
286 345 3
242 300 3
242 301 3
247 304 3
247 305 3
248 305 3
325 381 3
272 330 3
333 334 3
279 337 3
280 338 3
280 339 3
232 290 3
299 300 3
300 301 3
258 316 3
261 319 3
264 381 3
269 327 3
270 328 3
271 329 3
271 330 3
273 331 3
218 334 3
337 338 3
285 343 3
285 344 3
290 291 3
234 293 3
304 305 3
248 306 3
249 306 3
311 312 3
262 319 3
269 328 3
328 329 3
331 332 3
318 319 3
325 326 3
326 327 3
327 328 3
285 342 3
344 345 3
305 306 3
193 310 0
316 317 3
264 323 3
273 330 3
336 337 3
342 343 3
250 310 3
262 320 3
329 330 3
330 331 3
282 340 3
343 344 3
339 340 3
288 346 3
291 293 1
320 321 3
323 381 3
282 342 3
345 346 3
317 318 3
319 320 3
346 347 3
257 316 3
338 395 3
312 370 3
331 389 3
334 336 3
337 395 3
340 342 3
306 308 3
311 370 3
321 323 3
332 389 3
338 339 3
291 350 3
301 359 3
359 418 3
293 350 0
314 316 3
336 393 3
345 403 0
237 353 0
304 361 3
334 393 3
294 353 0
296 353 3
361 418 3
308 310 3
330 388 3
331 388 3
342 399 3
293 351 3
340 398 3
340 399 3
350 351 1
294 351 3
296 354 3
297 355 3
300 359 3
306 364 3
308 366 3
308 367 3
310 367 3
333 391 3
334 391 3
353 354 3
298 355 3
308 364 3
339 398 3
294 352 3
297 354 3
326 385 3
347 405 3
352 353 0
299 357 3
364 366 3
316 373 3
381 441 3
325 384 3
332 390 3
336 395 3
398 399 3
298 356 3
299 356 3
312 371 3
313 371 3
314 372 3
327 385 3
327 386 3
328 386 3
389 390 3
333 390 3
338 397 3
339 397 3
290 348 3
291 349 3
356 357 3
299 358 3
300 358 3
305 363 3
305 364 3
310 368 3
311 369 3
313 372 3
319 376 3
326 384 3
329 387 3
329 388 3
388 389 3
395 396 3
338 396 3
346 405 3
348 349 3
349 350 3
351 352 3
354 355 3
357 358 3
358 359 3
363 364 3
367 368 3
368 369 3
369 370 3
316 374 3
317 374 3
320 376 3
386 387 3
390 391 3
346 403 0
316 372 3
318 375 3
384 385 3
334 392 3
355 356 3
304 362 3
304 363 3
372 373 3
319 375 3
321 379 1
385 386 3
387 388 3
391 392 3
343 401 3
361 362 3
362 363 3
370 371 3
317 375 3
320 379 1
396 397 3
397 398 3
344 401 3
366 367 3
371 372 3
323 379 1
325 441 3
392 393 3
376 379 1
336 394 3
342 401 3
342 458 3
366 422 3
373 374 3
441 497 3
384 441 3
401 458 3
364 422 3
379 438 0
379 380 0
323 380 3
399 458 3
361 419 3
362 419 3
374 375 3
380 438 3
375 376 3
393 394 3
401 460 3
345 401 3
359 417 3
417 418 3
345 460 3
362 421 3
363 421 3
394 395 3
376 495 3
392 450 3
346 462 3
405 462 3
350 408 3
345 461 0
349 408 3
364 421 3
460 461 3
403 461 3
376 494 2
384 501 3
385 501 3
352 410 3
354 412 3
380 381 3
387 445 3
387 446 3
388 446 3
389 446 3
405 463 3
353 410 1
353 412 3
355 413 3
367 424 3
374 433 3
375 433 3
380 441 3
386 445 3
390 448 3
393 451 3
403 462 3
351 408 0
351 409 3
354 413 3
357 415 3
357 416 3
358 416 3
418 419 0
366 424 3
370 428 3
380 439 3
389 447 3
394 451 3
348 406 3
349 407 3
408 409 1
352 409 3
353 411 3
356 415 3
415 416 3
359 416 3
362 420 3
421 422 3
367 425 3
368 426 3
369 428 3
371 429 3
380 497 3
446 447 3
396 455 3
397 455 3
398 456 3
401 459 3
462 463 3
348 407 3
410 411 0
418 476 3
420 421 3
424 425 3
425 426 3
369 426 3
428 429 3
372 429 3
390 506 3
391 450 3
392 451 3
395 453 3
396 512 3
399 456 3
458 459 3
459 460 3
406 407 3
407 408 3
411 412 3
417 476 3
419 420 3
372 430 3
438 439 3
441 501 3
445 446 3
389 506 3
448 506 3
391 448 3
394 453 3
395 512 3
455 512 3
399 457 3
416 417 3
419 476 1
366 423 3
429 430 3
379 495 0
450 451 3
453 512 3
456 457 3
457 458 3
461 462 3
412 413 3
422 423 3
369 427 3
391 449 3
409 410 3
426 427 3
447 506 3
449 450 3
397 456 3
356 413 3
427 428 3
373 430 3
430 489 2
373 431 3
374 490 2
433 490 3
386 503 3
448 449 3
430 431 3
374 431 3
445 503 3
455 456 3
356 472 3
423 424 3
431 489 2
441 499 3
453 511 3
415 472 3
497 499 3
499 501 3
385 503 3
394 510 3
394 511 3
376 433 3
501 503 3
451 510 3
356 471 3
415 473 3
413 471 3
471 472 3
494 495 0
412 470 3
431 490 3
411 470 3
472 473 3
416 473 3
449 506 3
449 507 3
462 520 1
411 469 3
421 480 3
506 507 3
511 512 3
422 480 3
429 488 3
430 488 3
455 513 3
461 520 1
410 469 0
413 470 3
456 513 3
409 466 0
473 474 3
416 474 3
417 474 3
424 482 3
446 504 3
459 517 3
460 517 3
406 464 3
407 465 3
408 466 3
469 470 3
417 475 3
423 480 3
423 481 3
423 482 3
425 483 3
426 484 3
438 495 3
445 504 3
447 505 3
451 509 3
456 514 3
456 515 3
457 515 3
458 516 3
460 518 3
461 519 1
464 465 3
408 465 3
474 475 3
480 481 3
481 482 3
482 483 3
483 484 3
429 487 2
487 488 3
495 553 1
504 505 3
505 506 3
450 509 3
509 510 3
512 513 3
513 514 3
515 516 3
516 517 3
518 519 2
519 520 0
463 521 3
428 487 2
488 489 3
510 511 3
517 518 3
463 520 3
470 471 3
427 484 3
501 560 2
503 504 3
514 515 3
520 521 3
503 560 0
438 496 2
465 466 3
427 487 2
490 549 1
490 492 1
433 492 1
439 497 3
409 641 3
489 490 3
433 552 2
376 552 2
439 496 2
497 498 2
498 499 3
466 641 1
410 641 3
419 477 3
420 477 3
420 478 1
420 479 1
421 479 1
492 552 0
495 496 2
496 497 2
469 641 1
475 476 3
476 477 3
479 480 0
480 537 1
492 549 3
492 550 3
550 552 0
477 478 1
478 479 3
479 537 3
512 570 3
427 544 1
487 544 1
487 545 1
494 552 3
494 553 2
484 542 1
427 542 1
427 543 1
476 535 3
542 543 3
543 544 3
501 559 2
503 561 0
512 569 3
544 545 3
499 559 2
558 559 3
560 561 3
504 561 0
509 566 3
511 569 3
475 533 3
498 555 3
450 566 3
469 526 3
497 555 2
499 558 2
513 570 3
526 641 1
470 528 3
471 529 3
476 533 2
559 560 3
449 566 3
569 570 3
469 528 3
472 529 3
490 548 3
519 577 0
474 532 3
475 532 3
496 555 3
520 579 3
521 579 3
465 523 3
466 524 3
469 527 3
470 529 3
480 539 2
481 539 2
482 541 2
499 557 2
506 564 3
507 566 3
514 572 3
515 572 3
466 523 3
527 528 3
472 530 3
473 530 3
473 531 3
474 531 3
533 535 3
483 541 3
548 549 3
496 554 3
498 557 3
504 563 3
505 563 3
506 563 3
519 578 0
520 578 3
464 522 3
526 527 3
528 529 3
477 535 3
482 540 2
484 541 3
488 546 3
552 553 2
496 553 1
507 565 3
509 567 3
510 568 3
510 569 3
513 571 3
515 573 1
516 574 3
517 575 3
518 576 3
578 579 3
465 522 3
523 524 3
524 641 1
529 530 3
532 533 3
539 540 3
540 541 3
545 546 0
487 546 3
489 546 3
489 548 3
554 555 3
557 558 3
506 565 3
565 566 3
566 567 3
567 568 3
571 572 3
572 573 1
573 574 0
574 575 3
575 576 3
519 576 2
577 578 1
522 523 3
530 531 3
531 532 3
478 536 3
479 536 3
553 554 2
498 556 3
504 562 3
563 564 3
570 571 3
535 536 1
541 542 1
555 556 3
561 562 3
562 563 3
536 537 3
550 609 2
556 557 3
576 577 3
537 539 0
549 550 3
552 609 3
564 565 3
568 569 3
539 596 3
537 596 0
546 548 3
524 582 3
582 641 1
548 605 3
546 605 3
554 612 3
557 616 3
558 616 3
536 595 0
537 595 0
553 612 2
559 616 3
533 591 3
541 599 3
542 599 0
556 616 3
532 590 3
532 591 3
565 623 3
578 636 3
531 589 3
542 601 3
543 601 3
552 610 3
553 610 2
555 612 3
559 617 3
560 619 3
561 619 3
562 619 2
562 620 2
563 622 2
564 622 2
564 623 3
566 624 2
569 626 3
573 631 0
579 636 3
530 588 3
530 589 3
589 590 3
590 591 3
535 593 2
544 601 3
546 661 3
609 610 3
563 620 2
567 624 2
568 626 3
576 634 3
523 582 3
588 589 3
535 592 2
536 593 0
540 599 3
544 602 3
545 602 3
545 661 2
553 611 2
611 612 3
555 614 3
556 614 3
616 617 3
560 617 3
567 626 3
569 627 3
570 627 3
570 629 3
571 629 3
572 630 3
574 632 3
575 633 3
577 634 3
577 635 3
578 635 0
579 637 3
522 580 3
523 580 3
523 581 3
529 587 3
533 592 3
601 602 3
548 607 3
549 607 2
610 611 3
623 624 3
567 625 3
570 628 3
629 630 3
572 631 3
631 632 3
575 632 3
633 634 3
528 586 3
529 586 3
529 588 3
540 596 3
549 608 2
550 608 2
612 614 3
619 620 3
563 621 2
622 623 3
628 629 3
630 631 3
632 633 3
636 637 3
580 581 3
581 582 3
526 585 3
587 588 3
592 593 3
594 595 3
605 607 3
607 608 3
560 618 3
620 621 3
624 625 3
625 626 3
627 628 3
586 587 3
591 592 3
536 594 0
615 616 3
618 619 3
635 636 3
585 641 1
527 585 3
527 586 3
540 598 3
542 600 3
546 662 3
608 609 3
614 615 3
634 635 3
598 599 3
600 601 3
661 662 3
605 662 3
582 640 3
585 586 3
617 618 3
621 622 3
640 641 1
596 655 3
596 598 3
599 600 3
626 627 3
598 655 3
602 661 2
634 692 3
635 692 3
605 664 3
607 664 3
595 654 3
612 671 3
614 671 3
614 672 3
623 681 1
537 654 2
596 654 3
611 670 3
671 672 3
622 681 3
654 655 3
612 670 3
581 639 3
670 671 3
624 681 1
580 639 3
582 639 3
589 647 3
590 647 3
594 654 3
618 677 3
619 677 3
620 678 3
625 684 3
626 684 3
628 687 3
633 692 3
585 642 3
585 643 3
586 643 3
594 652 3
594 653 3
653 654 3
598 656 3
607 665 3
609 667 3
611 669 3
616 673 3
629 687 3
652 653 3
599 656 3
599 658 3
600 658 2
608 667 3
610 668 3
610 669 3
615 673 3
617 675 3
632 690 3
641 642 0
588 647 3
609 668 3
616 675 3
618 675 3
620 677 3
627 684 3
633 690 3
580 638 3
586 644 3
587 645 3
605 663 3
618 676 3
677 678 3
621 678 3
621 679 3
630 688 3
631 689 3
636 694 2
638 639 3
642 643 3
643 644 3
644 645 3
655 656 3
602 660 2
662 663 3
663 664 3
608 665 3
669 670 3
615 672 3
675 676 3
621 680 3
622 680 3
687 688 3
688 689 3
632 689 3
633 691 2
635 694 3
636 695 3
637 695 3
588 645 3
588 646 3
590 592 3
593 652 3
656 658 3
664 665 3
667 668 3
672 673 3
678 679 3
689 690 3
690 691 1
694 695 3
639 640 3
645 646 3
646 647 3
592 652 3
536 652 2
601 658 2
601 659 2
602 659 2
660 661 3
608 666 3
668 669 3
676 677 3
679 680 3
691 692 0
659 660 3
692 694 3
658 659 3
665 666 3
666 667 3
592 647 3
625 683 3
641 699 3
658 715 3
673 675 3
680 681 3
624 683 3
683 684 0
627 685 1
640 699 1
642 699 1
592 709 3
652 709 3
656 715 3
624 740 3
684 685 1
628 685 1
683 740 3
628 686 1
686 687 0
688 746 1
675 733 3
683 685 3
687 745 1
687 746 1
681 740 3
685 686 3
686 745 3
708 709 3
653 711 3
654 712 3
745 746 3
654 711 3
655 712 3
664 722 3
672 731 3
683 741 3
686 744 3
694 751 3
592 707 3
592 708 1
660 718 3
670 728 3
740 741 3
685 742 3
685 743 3
688 747 1
691 748 0
644 702 3
645 702 3
707 708 3
711 712 3
655 713 3
659 718 3
662 720 3
667 725 3
668 725 3
669 728 3
671 731 3
678 736 3
680 738 3
681 739 3
739 740 3
683 742 3
686 743 3
689 747 1
691 749 0
692 751 3
647 707 3
656 713 3
659 717 3
661 718 3
661 720 3
665 723 3
671 729 3
676 733 3
677 736 3
679 738 3
743 744 3
690 748 1
692 749 2
652 710 3
653 710 3
658 717 3
663 722 3
666 723 3
666 725 3
670 729 3
729 731 3
673 732 3
676 734 3
677 735 3
679 736 3
741 742 3
638 696 3
639 697 3
642 700 3
643 700 3
646 704 2
658 716 3
661 719 3
662 721 3
663 721 3
725 726 3
668 726 3
669 727 3
673 731 3
675 732 3
677 734 3
679 737 3
680 739 3
742 743 3
744 745 3
746 747 3
748 749 3
692 750 3
751 752 3
694 752 3
696 697 3
640 697 3
699 700 0
643 702 3
646 702 3
715 716 3
716 717 3
718 719 3
719 720 3
720 721 3
666 724 3
669 726 3
731 732 3
733 734 3
736 737 3
737 738 3
747 748 3
750 751 3
695 753 3
640 698 3
643 701 3
647 704 2
709 710 3
710 711 3
721 722 3
664 723 3
723 724 3
724 725 3
727 728 3
735 736 3
738 739 3
749 750 3
701 702 3
702 704 3
647 764 1
712 713 3
726 727 3
734 735 3
697 698 3
698 699 1
704 764 2
707 764 3
722 723 3
695 752 3
700 701 3
717 718 3
728 729 3
732 733 3
656 772 3
715 772 3
713 772 3
711 770 3
712 770 3
741 799 3
741 800 3
702 760 1
704 761 2
742 800 3
704 760 3
708 767 3
709 767 3
740 799 3
749 807 3
751 810 3
752 810 3
752 753 3
701 759 1
702 759 1
729 788 3
731 788 3
759 760 3
760 761 3
747 805 3
704 762 2
762 764 3
710 767 3
737 795 3
748 807 3
750 808 2
728 787 3
729 787 3
733 791 2
734 791 2
739 797 3
739 798 3
799 800 3
743 802 3
744 802 3
746 804 3
746 805 3
708 766 3
720 778 3
721 778 3
731 789 3
740 798 3
743 801 3
804 805 3
751 808 2
698 756 3
699 757 3
701 758 2
758 759 3
766 767 3
717 776 3
718 776 3
719 777 3
732 789 3
735 793 3
738 797 3
742 801 3
744 803 3
748 806 3
749 808 3
696 754 3
697 755 3
699 756 0
700 757 1
700 758 2
761 762 3
707 765 3
710 768 3
711 768 3
711 769 3
713 770 3
713 771 3
715 773 3
716 774 3
718 777 3
722 780 3
723 781 3
724 782 3
725 783 3
726 784 3
727 785 3
728 786 3
732 791 2
732 790 3
790 791 0
738 795 3
738 796 3
802 803 3
745 803 3
747 806 3
754 755 3
755 756 3
708 765 3
767 768 3
768 769 3
769 770 3
772 773 3
773 774 3
717 774 3
777 778 3
721 779 3
721 780 3
780 781 3
781 782 3
782 783 3
783 784 3
784 785 3
785 786 3
786 787 3
734 793 3
736 793 3
797 798 3
807 808 3
753 811 3
770 771 3
779 780 3
736 794 3
795 796 3
801 802 3
746 803 3
806 807 3
752 811 3
764 765 3
765 766 3
776 777 3
787 788 3
789 790 3
737 794 3
800 801 3
805 806 3
757 758 0
771 772 3
778 779 3
788 789 3
794 795 3
803 804 3
808 810 0
810 811 3
756 757 1
798 799 3
796 797 3
808 809 1
809 810 0
734 850 3
793 850 3
791 850 1
774 776 3
793 794 3
756 814 1
758 816 2
762 821 3
764 821 3
774 832 3
776 832 3
757 816 3
764 822 3
765 822 3
796 854 3
797 854 3
810 869 1
811 869 1
757 814 2
776 833 3
832 833 3
790 849 3
791 849 1
788 847 3
759 816 3
789 847 3
790 848 3
793 851 3
794 853 3
795 853 1
801 859 3
757 815 2
760 818 2
761 818 3
821 822 3
767 826 3
768 826 3
801 803 3
806 864 3
809 867 3
755 814 1
814 815 3
773 831 3
774 831 3
778 836 3
788 846 3
796 853 1
799 858 3
800 858 3
805 864 3
815 816 3
759 817 2
762 820 3
820 821 3
765 823 3
769 827 3
777 836 3
780 838 3
787 846 3
789 848 3
799 857 3
808 866 2
754 812 1
755 812 1
755 813 1
760 817 2
766 823 3
766 824 3
767 824 3
770 827 3
770 828 3
771 829 3
772 830 3
776 834 3
777 835 3
779 837 3
779 838 3
781 839 3
782 839 3
782 840 3
783 841 3
784 842 3
785 843 3
786 844 3
787 845 3
794 851 3
794 852 3
798 856 1
798 857 1
800 859 3
807 865 3
807 866 2
810 868 1
813 814 3
816 817 3
768 827 3
828 829 3
829 830 3
830 831 3
833 834 3
834 835 3
835 836 3
836 837 3
838 839 3
840 841 3
841 842 3
842 843 3
843 844 3
844 845 3
846 847 3
849 850 3
851 852 3
852 853 3
853 854 0
809 868 2
868 869 3
761 819 3
827 828 3
848 849 3
854 855 2
797 855 1
857 858 3
858 859 3
803 859 3
804 862 1
809 866 2
817 818 3
762 819 3
823 824 3
767 883 3
826 827 3
837 838 3
839 840 3
845 846 3
847 848 3
797 856 1
856 857 3
803 861 1
804 861 1
806 865 3
812 813 3
818 819 3
826 883 3
855 856 2
859 860 1
803 860 1
861 862 3
805 863 1
863 864 0
865 866 3
819 820 3
824 883 3
831 832 3
850 851 3
804 863 1
866 867 3
867 868 3
822 823 3
860 861 3
864 865 3
862 863 3
860 918 3
861 918 3
817 875 3
818 875 3
849 907 3
850 908 3
851 908 3
853 911 3
858 916 2
836 894 3
847 906 3
859 916 1
816 875 3
821 879 3
826 884 3
835 894 3
848 906 3
863 921 3
820 878 3
822 879 3
883 884 3
846 904 3
847 904 3
848 907 3
868 926 2
869 926 2
814 872 3
815 872 3
821 878 3
831 890 3
842 900 3
906 907 3
852 911 3
854 911 3
862 921 3
867 926 3
819 877 3
820 877 3
878 879 3
832 890 3
841 899 3
842 899 3
843 900 3
850 907 3
854 913 1
855 913 1
857 915 2
857 916 2
865 923 3
866 923 3
812 870 3
813 871 3
818 876 3
822 880 3
823 881 3
824 882 3
827 885 3
828 885 3
829 887 3
830 888 3
831 888 3
833 891 3
833 892 3
834 892 3
835 893 3
837 895 3
838 896 3
839 897 3
840 898 3
843 901 3
844 902 3
845 903 3
852 910 3
856 915 2
862 920 3
864 921 1
864 923 3
870 871 3
871 872 3
815 874 3
816 874 3
875 876 3
876 877 3
879 880 3
880 881 3
881 882 3
882 883 3
884 885 3
828 887 3
887 888 3
890 891 3
892 893 3
893 894 3
894 895 3
895 896 3
896 897 3
897 898 3
898 899 3
899 900 3
901 902 3
902 903 3
845 904 3
851 910 3
910 911 3
861 920 3
920 921 3
874 875 3
877 878 3
828 886 3
891 892 3
900 901 3
915 916 3
859 918 1
885 886 3
886 887 3
903 904 3
907 908 3
815 931 3
888 890 3
911 913 3
856 913 2
864 922 1
866 924 1
867 925 1
925 926 0
904 906 3
867 924 1
921 922 3
922 923 0
923 924 1
874 931 3
861 977 3
920 977 3
924 925 3
872 931 3
913 970 3
856 972 1
904 964 3
906 964 3
913 972 3
915 972 2
888 947 3
890 947 3
911 970 3
859 975 1
926 985 3
918 975 3
918 977 3
908 967 3
851 967 3
920 979 3
921 979 3
925 985 2
908 966 3
910 967 3
916 975 2
977 979 3
925 984 2
966 967 3
984 985 3
874 933 3
875 933 3
906 965 3
907 965 3
911 969 3
975 976 3
918 976 3
922 981 3
923 981 1
888 946 3
904 962 3
969 970 3
916 974 2
877 935 3
878 935 3
878 937 3
879 937 3
885 943 3
946 947 3
894 952 3
901 959 3
962 964 3
910 968 3
911 968 3
974 975 3
976 977 3
870 928 3
871 929 3
872 930 3
874 932 3
932 933 3
878 936 3
880 938 3
881 939 3
882 940 3
883 941 3
884 942 3
886 943 3
887 945 3
890 948 3
891 949 3
892 950 3
893 951 3
895 952 3
895 953 3
896 954 3
897 955 3
898 956 3
899 957 3
900 958 3
900 959 3
902 960 3
903 961 3
904 961 3
907 966 3
913 971 3
971 972 3
915 973 2
915 974 2
921 980 3
922 980 3
924 981 1
928 929 3
929 930 3
930 931 3
875 934 3
876 934 3
876 935 3
935 936 3
936 937 3
937 938 3
938 939 3
939 940 3
940 941 3
941 942 3
942 943 3
886 945 3
945 946 3
947 948 3
948 949 3
949 950 3
950 951 3
951 952 3
952 953 3
953 954 3
954 955 3
955 956 3
956 957 3
957 958 3
959 960 3
960 961 3
961 962 3
968 969 3
973 974 3
925 983 2
931 932 3
933 934 3
934 935 3
958 959 3
964 965 3
967 968 3
972 973 3
924 983 2
983 984 3
970 971 3
979 980 3
980 981 3
965 966 3
979 1036 3
924 982 1
886 1002 3
977 1036 3
981 982 0
982 983 0
943 1002 3
945 1002 3
962 1021 3
964 1021 3
971 1030 0
972 1030 3
974 1033 3
976 1034 3
979 1037 3
968 1027 3
969 1027 3
975 1033 3
975 1034 3
980 1037 3
983 1041 1
964 1022 3
931 989 3
961 1020 3
962 1020 3
971 1029 3
1033 1034 3
977 1035 3
932 989 3
936 995 3
937 995 3
968 1026 3
970 1029 3
1036 1037 3
982 1040 2
982 1041 2
930 988 3
939 997 3
940 997 3
941 999 3
942 999 3
955 1013 3
957 1016 3
958 1016 3
965 1023 3
967 1025 3
1026 1027 3
970 1027 3
973 1031 3
974 1031 3
976 1035 3
981 1038 3
1040 1041 2
931 988 3
933 991 3
935 994 3
936 994 3
948 1006 3
949 1006 3
952 1010 3
954 1013 3
955 1014 3
956 1014 3
956 1015 3
957 1015 3
959 1017 3
964 1023 3
966 1023 3
968 1025 3
1034 1035 3
980 1038 3
981 1039 3
982 1039 2
984 1042 1
928 986 3
929 987 3
929 988 3
932 991 3
934 992 3
935 993 3
938 995 3
938 996 3
940 998 3
942 1000 3
943 1001 3
945 1003 3
945 1004 3
946 1004 3
947 1005 3
949 1007 3
950 1007 3
950 1008 3
951 1009 3
953 1010 3
953 1011 3
953 1012 3
954 1012 3
1013 1014 3
1015 1016 3
960 1017 3
960 1018 3
961 1018 3
966 1024 3
967 1024 3
972 1031 3
1037 1038 3
983 1042 1
985 1042 1
985 1043 1
986 987 3
987 988 3
988 989 3
991 992 3
992 993 3
994 995 3
995 996 3
996 997 3
997 998 3
941 998 3
1000 1001 3
1001 1002 3
1004 1005 3
948 1005 3
1007 1008 3
1008 1009 3
952 1009 3
1012 1013 3
1014 1015 3
1016 1017 3
961 1019 3
1020 1021 3
1021 1022 3
1023 1024 3
1024 1025 3
1030 1031 2
1035 1036 3
1038 1039 3
1039 1040 3
1042 1043 3
993 994 3
998 999 3
1010 1011 3
1017 1018 3
1022 1023 3
1031 1033 0
1041 1042 1
999 1000 3
1002 1003 3
1003 1004 3
1006 1007 3
1009 1010 3
1011 1012 3
1018 1019 3
1019 1020 3
1025 1026 3
1005 1006 3
1029 1030 0
989 991 3
1027 1029 3
