-0.01344376897 -0.04018717812 21.83559224
-0.01899502064 -0.03507126641 22.16224822
-0.04417127378 -0.002959960849 22.66450635
-0.03721892811 0.00825869431 21.72117777
0 0 -1
-0.03131830784 0.010622469 21.17041148
-0.01952581219 -0.01926196841 20.62419441
-0.02642669148 -0.0204168385 21.39551448
0.03031193364 -0.02610444644 12.56492255
0.0612080305 -0.1703860479 3.816527914
0.05699414139 -0.08265381133 2.656766486
0.002268864611 -0.06051209976 17.47433992
-0.05646904576 -0.02975962363 31.51226017
-0.07166931028 -0.02149607003 35.47939451
-0.05507955316 -0.004075187501 29.60918076
-0.01185911824 -0.002932293586 15.3548696
-8.930816293e-05 0.0163442613 11.26387476
0.01312177002 -0.02185736219 7.092762438
-0.0064426479 -0.02654561421 14.66533966
-0.004817917894 -0.01985887625 13.71002653
-0.01444143481 -0.03518361251 18.33637194
-0.03265985847 -0.03196377888 26.16303245
-0.04079767871 -0.002548588526 37.27645928
-0.07008830566 0.0216045854 51.54356508
-0.07892040564 0.1446885515 53.81950697
-0.008971969443 -0.1022429551 19.19937173
0.01961251222 -0.1121532503 3.12548227
-0.008666895699 -0.03898050156 17.73450175
0.02943065981 -0.07798620292 -4.453387996
-0.01747963466 -0.1356458218 26.7717002
-0.08809434192 -0.1183621383 72.13012665
-0.1259179212 -0.1936626598 99.05507236
-0.1387218521 -0.1045918987 106.4984499
-0.01410658134 -0.1310775529 32.0373448
-0.04320609464 -0.02150739817 40.81694814
0.006620699817 -0.005493725446 3.043860056
0.009290449386 -0.005052586812 1.219711737
0.005697134434 -0.003275710715 3.828663192
0.00591185034 0.01565440582 3.391296777
0.006345959472 0.0001500828728 3.406494579
-0.01853772673 0.01436259878 24.8164464
-0.01438942852 0.001990458434 21.12572434
-0.0696899765 -0.0007124609734 71.88146815
-0.0729666572 0.01933650632 73.58862191
-0.04644334964 -0.0008716940467 48.04888048
-0.02628731668 0.0009587429654 29.10876715
0.577093083 -5.057076627e-05 -582.9350507
0.0133498215 -0.02169277303 -10.26885724
0.01049512881 -0.004116072258 -7.579286146
-0.007314353326 -0.01955790092 11.52615791
-0.01422463065 -0.01327397289 19.17819397
-0.07002848299 0.1260811 79.54875833
-0.01591168356 -0.02111959969 20.429048
0.00582421462 -0.02390619579 -4.418006643
0.005907109267 -0.02221986692 -4.247772979
-0.005320030527 -0.06648228988 9.627332309
0.006230476028 -0.01934307677 -5.111300323
0.04174821762 -0.08017833972 -47.23382261
0.02541096884 0.04247696069 8.272525417
-0.0008574285544 -0.04873312341 21.64530958
-0.03385591976 -0.01400611285 22.43829162
-0.03443695335 -0.008659104161 22.35627371
-0.02153024695 -0.02262466449 20.92838188
-0.01536105571 -0.04010554944 20.75656431
-0.0119867124 -0.0294861243 19.55301966
-0.001365161946 -0.02194025674 17.87398493
0.0003341630369 -0.01393705616 17.6679493
0.01674888566 -0.06268590799 9.116496688
0.07031461336 -0.1314166886 0.6376360237
0.02446499487 -0.06797325852 10.74410775
0 0 -1
-0.02436010995 -0.05754739839 22.45870799
-0.03402042783 -0.003183676312 23.39290366
-0.004894429571 0.008229010527 13.2966955
-0.02774840979 -0.02133538822 21.93538954
-0.0007662703098 -0.01581742483 11.94033273
-0.006521976926 -0.01752723078 14.55885254
-0.01718707546 -0.02645033111 19.23005658
-0.0234957446 -0.05843540959 22.85146575
-0.02107659691 -0.04817083486 21.34896506
0.008232373112 -0.2005963395 17.24267557
0.01076017325 -0.03016202419 11.16539554
0.04784571749 0.04185943812 -15.17303088
0.0186962444 -0.0930697339 3.705485642
0.002683995764 -0.06586915649 11.91254504
-0.002446283872 -0.0638663827 14.8317348
0.002992490866 -0.09404128425 12.36693383
0.008800541984 -0.1076047186 9.066020072
-0.07918043047 -0.1280170059 67.08649853
-0.05149235315 -0.4285390416 58.53297374
-0.04540523762 -0.496275046 57.19053517
0.02540921557 -0.1216787202 3.257432248
0.04045826504 -0.03220819041 -21.93517096
0.02750363546 -0.01560480854 -12.59332393
0.004725499378 -0.01220861718 4.709251849
0.01630574093 -0.001900908121 -5.125407374
0.003638018317 -0.005418808072 5.7291883
0.00719906482 8.440661665e-06 2.643490726
-0.008740779688 0.00698801796 16.22939871
-0.01929958526 0.002973835869 25.79458717
-0.02373300544 -0.002198055788 29.98412221
-0.07220519289 0.004474746282 72.55046917
-0.013090634 -0.006312126869 15.37716964
-0.02012009618 -0.02013678833 23.00732308
0.6326227222 -0.002969417903 -638.839009
0.008162701024 0.005405811693 -5.314338976
0.006133023739 0.005000287039 -3.451918408
-0.005527343514 -0.02089286745 10.4322811
-0.02077021814 -0.01215517563 25.61033352
-0.02034333543 -0.01085488494 25.46410251
-0.01487404078 0.008372141258 18.52909676
-0.008286912665 0.00922291044 11.19074473
0.002592137997 -0.004797422692 -0.9404340398
-0.002626868154 -0.004074341182 5.091367088
0.0065490071 0.008393272094 -6.213963671
0.01094952189 -0.01517276304 -10.79813498
0.02679720689 0.03169296488 8.644967767
0.02951305576 0.02536727094 9.002413976
-0.02261546275 -0.03155048549 22.31647615
-0.04163587024 -0.03241425502 23.27953086
0.03857069549 -0.03374089604 15.28405316
-0.006488736545 -0.03011003771 19.3314686
0.01340112913 -0.05516762146 16.37435331
-0.08888154814 -0.03936882774 31.42095173
-0.06833431163 -0.02696406622 24.88818448
-0.02259287808 -0.01951899251 15.50076882
0.03086241666 -0.06353740732 6.135143167
0.02797311496 -0.08927466291 9.117807309
-0.02086106159 -0.118002858 23.35085322
0.02454784228 -0.0712459584 6.631489721
0.01902106845 -0.03821895149 8.1071201
-0.02437329343 -0.0216920073 21.04860498
-0.02258243307 -0.04433384684 21.08107214
0.00317472186 -0.03921063028 11.5492345
-0.0246767575 -0.04098469891 22.89561748
-0.03671364753 -0.04759061283 27.82636593
-0.02795315412 -0.04362665685 23.73989117
-0.02380206309 -0.04311401986 21.63751283
-0.02295666443 -0.009056452711 19.10197504
0.03894207051 -0.04841008196 -9.907590204
0.02904051579 -0.05276129279 -4.661164464
-0.005421589801 -0.0666663007 14.91292265
0.009161640334 -0.06261211459 7.277707832
-0.009476359301 -0.07020862403 18.41844268
0.0007895146016 -0.0369587285 10.41214735
-0.01372060046 -0.08833806672 22.44629243
-0.08274898252 -0.07449372867 66.48533664
-0.1021742868 -0.07827418847 78.57187735
0.001198691577 -0.01929050071 3.580661977
0.07642408178 -0.01583035996 -50.59014413
0.1134354531 -0.0001935162944 -79.24263216
0.08386257637 -0.01081300389 -55.84922392
0.01562460782 0.007356056221 -4.364932559
0.01323986346 0.01373079865 -3.041621307
0.005479012315 0.01185924799 3.35231076
0.008276253439 0.007499184508 1.346404913
-0.01582161363 -0.00290837698 22.6526416
-0.01704592743 -0.002280553602 23.83286539
-0.06991477496 0.005445405852 71.56819589
-0.09259591503 -0.00364776013 92.62268955
-0.0490034871 0.007092578646 49.59757964
-0.01501538228 0.03513221994 15.08884806
0.004286477512 -0.008807257222 -1.161466919
0.0129894177 0.008193656963 -10.32406873
-0.006353862046 0.006857847879 9.480607604
-0.004816028508 0.001101535168 8.551717394
-0.02992579768 -0.001408823741 35.4584386
-0.008746812424 0.006107450534 11.81747483
-0.01005164184 0.02032980682 12.77820006
-0.006020556493 0.01013576286 8.66458501
-0.005790669868 0.0110349904 8.478940775
-0.002373889328 0.01138594171 4.207089587
0.0123161885 0.01851338649 -13.71133271
-0.001364493191 0.01437678818 3.363802554
0.04390098922 0.005103982061 10.13301549
0.03302212493 0.005460483506 10.23575908
0.02818154384 -0.01298885361 11.57484871
0.09081778512 -0.05759302709 10.38122449
0.04321513677 -0.03918512762 14.92716765
-0.01914133306 -0.006519296367 19.51222163
-0.001366552856 0.007961930317 16.40869748
-0.01921421627 0.03254071417 17.12308513
-0.06526662973 -0.03297278414 25.48513738
-0.03338275235 -0.007312037198 17.32384348
-0.001747089714 -0.02069223584 11.30469561
0.008829093814 -0.04698919197 10.60114117
0.005590211327 -0.04688564002 11.78610169
0.02268600012 -0.04529232612 7.415126383
0.01147075482 -0.03591875315 10.64745282
-0.03701976953 -0.05164425547 26.80621873
-0.01025321253 -0.0447244717 16.58937875
-0.005209472105 -0.04141973228 14.66262826
-0.004537109303 -0.05904434673 16.21611973
-0.02205339829 -0.03032923832 20.64985868
-0.02808919756 -0.01962318535 22.56317634
-0.03507514786 -0.03696160936 26.80266625
-0.02027245458 -0.07131284322 22.14807231
0.007623708092 -0.06530453094 7.660970475
-0.00223025805 -0.02634526723 11.54056917
0.0171665721 -0.04663875689 1.911916321
0.02872865225 -0.05752432213 -4.186383614
0.004246217854 -0.03732738623 9.287486754
-0.02371002225 0.340702534 0.6242397558
-0.01882299373 -0.04163965957 24.31793395
-0.1541814631 0.07018217707 105.9091656
-0.07560978244 -0.05386406744 59.31605893
-0.02966133491 -0.0315139232 26.47113739
0.04806433809 0.009657015367 -31.97403366
0.1175237148 0.04231463088 -85.1308381
0.08311519518 0.01145518344 -56.57660391
0.01803814173 0.002572487971 -5.734840504
0.005615788062 -0.0109352135 4.95168398
0.000956566212 -0.01337394133 8.873981335
-0.0004882187134 -0.01706100219 10.62345302
-0.01665698683 -0.008473196235 23.52613433
-0.0113689913 -0.002227562262 18.64065625
-0.04762142995 -0.0133833719 52.58173318
-0.09036701422 0.01599688129 89.11618699
-0.04900456336 0.0366012649 48.1068197
-0.003700078879 0.04130231948 4.030642259
0.0120776236 0.02562746699 -11.04205742
0.001461919089 0.01831451941 1.066728316
-0.00196140745 0.02531294506 3.743285741
-0.00923364425 0.01411699742 12.64028123
-0.02542082958 0.0291026122 28.76529334
0.009456853593 0.03475646944 -10.00316931
-0.02378115347 0.0190294674 28.53424001
-0.01262966563 0.006852636689 16.51306366
-0.003214289504 0.004991557493 5.728080925
0.01548362068 0.01923342257 -17.75062693
0.01280265253 0.02007514438 -14.25396722
0.01164069635 0.02069830633 -13.00469843
0.02740774791 0.006490065496 10.14329746
0.01553079709 -0.007331933981 11.65022918
0.01818543078 -0.01673962045 12.37426743
0.03615184459 -0.02806266288 12.02732511
0.08982472107 -0.0494084335 9.746198928
0.07685038481 -0.07050278273 14.18954559
0.01786249757 -0.007584008584 15.42317476
-0.001117817015 0.0006554499274 16.80174517
-0.02900481675 -0.02163429029 17.75700412
-0.03001079653 -0.01648877256 17.57652274
-0.02287197516 -0.01946737667 16.29080879
-0.01846702074 -0.02529623621 15.8524943
0.008886988503 -0.04467452091 10.44381013
0.052228621 -0.02868081319 -3.470913776
-0.002166825724 -0.02268276261 13.50204342
-0.05577620075 -0.02801676546 29.96434398
-0.009233707752 -0.06146713765 17.78258586
0.003922462615 -0.04058409461 11.14975919
-0.007600117907 -0.0479719347 16.07638454
-0.01503609023 -0.0479066932 19.16483103
-0.02613593263 -0.04874823198 24.20318349
-0.05636327933 -0.04408946116 37.09428327
-0.03623043396 -0.03224729812 26.12759178
0.00630411824 -0.06661973238 8.401706577
0.01599462778 -0.05098426789 1.82825928
0.02469293769 -0.06216522311 -0.6967957471
0.01051672784 -0.05228413807 6.211631621
0.006982112861 -0.04410334472 7.135613629
-0.002650891501 -0.05707179564 14.68753174
-0.04810029395 -0.07003845467 44.27800834
-0.07900032009 -0.08001763114 64.38015095
-0.0167814684 -0.01644426026 16.26293415
0.003168699572 -0.007311388873 1.702438075
0.03500954035 -0.008489839112 -21.02235636
0.09827829053 -0.001499314237 -66.65471528
0.04066851835 -0.004109502575 -22.68283375
-0.006034816171 -0.03861556164 16.76247734
0.009784992258 -0.04135377117 4.097557379
0.01530641393 -0.04377862751 -0.5393690772
0.005632887641 -0.03344886829 6.812162183
-0.01626377216 -0.02756046576 25.20634685
-0.01737783281 -0.0173140963 25.48790934
-0.04391092145 -0.02323577794 50.07233318
-0.07024544175 0.006264736804 71.01743244
-0.05217372441 0.01593945353 53.05870489
-0.01093786509 0.03563775692 11.55239547
-0.006425456008 0.03103881685 7.641650744
0.003414068933 0.01077903664 -0.1996821406
-0.007533956876 0.01603607476 10.56202666
-0.007377462592 0.008064327782 11.20807953
-0.01095649131 0.01235103641 14.55728717
-0.003911723592 0.02364873197 5.928886221
-0.03148641868 0.01510968959 37.65506667
-0.02110559278 0.01048618713 25.96636733
0.008622215133 0.01671091533 -9.204584652
0.009132984671 0.02480920861 -10.54632702
0.007176167857 0.00736756782 -6.442079425
0.01979950624 0.01787239531 -22.70445272
0.0178082589 0.01611394964 9.041340724
0.01283985153 0.02023436071 8.816325862
0.01207341267 0.007815258404 10.08953785
0.03323314634 -0.01611604241 11.23401752
0.07592245394 -0.06654082286 13.21557635
0.06103232521 -0.08613886867 17.60167014
0.051023291 -0.03488168435 13.32273818
-0.1519087493 -0.02969165103 42.80521604
-0.03530396819 0.008317866685 15.52580946
-0.02074979561 -0.005133085329 14.58066753
-0.009534364194 -0.002636249638 11.40906561
-0.03209531502 -0.008835444097 17.62449223
-0.004004404175 -0.01673428426 10.54925049
0.08075966695 0.004794674744 -15.28813131
-0.02026434013 -0.01492933647 18.2914804
-0.0380834868 -0.03465255202 24.56983343
0.01457386553 -0.04607340862 7.425811637
-3.664098372e-05 -0.03335715404 12.03051409
-0.0127738925 -0.04872333394 18.18643642
-0.02227838205 -0.04908280834 22.3628191
-0.01184430442 -0.04916977151 17.36845148
-0.03379535519 -0.02582383121 24.51174421
-0.03213227204 -0.00966739859 21.82049513
-0.02689867757 -0.01717435925 19.84454494
-0.07556727388 0.05322038806 36.73874821
0.02814988388 -0.09044986159 -0.6811807809
0.02650785152 -0.07632626712 -0.5147879887
0.02653987382 -0.0754905918 -0.5460968474
-0.01488687574 -0.08266103196 25.18055333
-0.05155081564 -0.08434404541 48.01679366
-0.05106836962 -0.06048366025 43.96164944
-0.008931022698 -0.01905420997 10.94991853
0.0185162859 -0.004041781084 -9.380707451
0.06137046987 -0.01030576345 -39.43626215
0.09289200096 -0.02436884795 -61.07444532
0.05425461265 -0.02861610808 -30.7005561
0.006171793571 -0.03805714893 7.135504956
-0.01029235086 -0.04772634678 21.01167805
0.02043109673 -0.03424810007 -6.805960352
-0.001648906982 -0.04184601505 13.7717243
0.008845803248 -0.05069099404 5.568452041
-0.025558104 -0.02385906306 33.0288406
-0.04623819771 -0.08307771942 58.70245375
-0.0469664102 -0.01801869708 52.39025491
-0.008255708114 0.01942537201 10.60804999
-0.01062544182 0.02157998268 12.74442772
-0.01338554478 0.00637864218 17.17402334
-0.0002532372743 -0.004432645249 5.181704396
-0.01036955997 -0.0002886188601 15.26571007
-0.01345463569 0.003706479316 18.04781516
-0.01289200276 0.004930596354 17.30501003
0.002257829257 0.01690199747 -0.2921557584
-0.03243189404 -0.001599942807 40.48833764
-0.005980535672 0.0143985656 8.114070398
0.007070098215 0.03428133582 -9.041657258
-0.003227700263 0.01291986315 5.6070563
0.04646846279 0.005224263194 -36.51154674
0.04959626395 0.01334661969 -41.31628333
0.02363794103 0.02346137331 8.364868136
0.006046770099 0.01910160953 9.254939063
-0.008294685738 0.01166305758 10.76237729
-0.004476245648 0.009227644491 10.75265421
0.03192473124 -0.009006989951 9.821850172
0.06532086077 -0.02138056159 7.763096128
0.08407254076 -0.003607953558 4.549538174
0.02675653888 -0.002525194527 12.64402382
-0.03685038528 0.007365573496 15.99228914
-0.03280324013 0.01034154344 14.8314337
-0.02479532196 -0.002678269256 14.9751249
-0.0196681311 -0.02384371238 16.64609452
-0.02960393062 0.00399115469 15.14614287
0.03893198774 -0.006837802118 -2.064274164
0.00676088332 0.0211760283 4.916677191
-0.03598251551 -0.06357496035 28.10989396
-0.003019675149 -0.03487958359 12.48029078
-0.008914024967 -0.02414619269 14.19665148
-0.02416148766 -0.04060712235 21.76117958
-0.003434670226 -0.0416217268 12.99418619
-0.004565206976 -0.01767516172 10.22869081
-0.02153649516 -0.01427996537 17.52383167
-0.02558330645 -0.01894632432 20.02421567
-0.03490940594 -0.01075089334 23.57616404
-0.04825787437 -0.01498761912 31.00715937
-0.001068685926 -0.04256043788 8.854632038
0.02944311892 -0.09174767187 -1.424130752
0.03926498174 -0.5162553605 48.79380354
-0.02138066078 -0.2156319361 46.93885925
0.01934837671 -0.03306150267 -3.917361838
-0.008113402 -0.01432435851 9.86283731
0.007146253187 0.03836867621 -7.403903699
0.02262605959 0.0009842937095 -12.86052972
0.04011499904 -0.007089762403 -24.36477769
0.05832160047 -0.02329903199 -35.47388924
0.03953754064 -0.04175640526 -18.70121671
0.013860351 -0.015070181 -2.833427181
0.002600250683 -0.001223772817 3.70112257
0.013088991 -0.009450572003 -4.295109227
0.02021320454 -0.006395950908 -9.338083669
0.001015415572 0.004248754452 4.87233255
-0.06403693992 0.05261217491 57.46109589
0.02219790118 0.05761685889 -20.48202546
-0.01581760353 0.02464774455 16.77621077
-0.004943904215 0.04334063271 4.357467408
-0.0129448759 0.01450038818 15.86329735
0.03743275843 0.02674183336 -27.85498396
0.03868751089 0.005836918809 -25.88686193
0.03649422384 0.008507370369 -24.12707738
0.02602925694 0.002845091612 -12.2192192
0.02693944833 0.002859515799 -13.20604988
0.02600172203 0.01358797124 -13.63413772
0.03632837018 0.03105787437 -27.87802535
0.03978734113 0.0003876682583 -27.3155436
0.03654375372 -0.003319777035 -23.12160112
0.04397558176 0.007391819845 -33.60457152
0.046830844 0.001699565966 -36.33352572
0.04782711971 -0.000644052908 -37.19145447
0.00678764898 0.05073991035 4.428873068
-0.0006892758365 0.04293531785 5.767817954
-0.01666031184 0.05349182947 4.666810176
-0.00586799094 0.05957498997 2.906003493
0.03080796741 0.02427653939 5.144434415
0.08558922636 -0.00220379864 3.205382362
0.09541045094 -0.01502776539 4.476776947
0.06972297413 -0.002333956706 5.709545095
-0.0520137782 -0.001382427607 20.17820816
-0.03792784563 0.01170043402 15.34961537
-0.03590867889 0.02855588592 12.24411154
-0.04843302887 0.01391711772 18.03238548
-0.005081861375 -0.05107932354 16.43986623
0.1556477472 -0.001548469273 -36.23700443
0.02651838214 -0.04086462436 3.454325886
-0.01771178806 -0.07564901053 24.10838743
0.01815271583 0.006107477001 -1.364544143
-0.006840655592 0.009466381763 7.962004974
-0.01993961143 -0.003123779209 14.49491541
-0.02637200979 -0.001309867183 16.5152194
0.004218224432 -0.006972329736 4.460544551
-0.03112775734 -0.008432305724 20.76035708
-0.03460967131 -0.001885825235 21.25133868
-0.03275893798 -0.005829949189 21.28874855
-0.04858227927 -0.03184779815 33.69216814
-0.02813625979 -0.03651256137 23.32982044
0.001563743507 -0.03247421222 5.608879109
0.03099958555 -0.03216936939 -11.38726436
0.0705278114 0.01058669566 -42.68385773
0.02889625113 0.04452004625 -21.27649189
0.01846185115 0.05498974679 -16.38421751
-0.01057279067 0.05841171151 2.477443372
-0.0267293829 0.0442004904 15.07783228
0.02732514939 -0.007882209429 -14.98977736
0.06106749946 -0.009745392201 -39.57502425
0.04552524563 0.01410334351 -31.81722142
0.0372912839 0.04684824253 -30.81595542
0.02214284806 0.04904234671 -19.40004656
0.03639360769 0.04850125739 -30.86160481
0.02054473452 0.05466757555 -18.40156782
0.02690148348 0.06479375322 -25.41786882
0.003039187593 0.09083804795 -8.281171108
0.04161308837 0.1030174858 -45.13202293
0.05244738516 0.07522411301 -49.55316026
0.06248371389 0.08384283571 -59.87167412
0.02902490417 0.06242490141 -25.0277813
0.0314048775 0.01251533483 -19.69898446
0.03579958866 -0.001361929272 -21.84724237
0.03403098613 0.0002065898951 -20.26211678
0.03437515528 -0.001738259796 -20.34506813
0.03088052971 0.01055876004 -18.71028835
0.0275801412 0.005651945785 -14.17777919
0.03549248852 0.01211310382 -24.21177322
0.03228244584 0.007280123946 -19.75697795
0.03321854209 -0.0004871867881 -19.68401776
0.04153499362 -0.0042054528 -29.05895657
0.0414414342 -0.007998669563 -28.41309652
0.04076685639 -0.01381412198 -26.68023517
0.007640245346 0.07917932136 -0.3723413525
0.001821626195 0.09151018646 -2.520380294
-0.001566189501 0.09956461559 -3.83559199
-0.01202679036 0.09888775644 -3.083756862
-0.002283133864 0.08958165461 -2.63775935
0.0369535986 0.06195416516 -2.506660609
0.0171027173 0.1051427344 -7.658790346
0.01238215532 0.04124616906 6.29756929
-0.03168923761 0.02478726678 11.77559273
-0.02324599322 0.05481020999 4.691627006
-0.02904302442 0.08091875848 1.73526758
-0.04749877271 0.04123458447 13.71767339
-0.0782967746 -0.001690949048 27.53344653
-0.01909092371 0.01937904645 19.41995835
-0.239644657 0.5499124537 -15.71678366
-0.06786179211 0.1880785138 -4.998238126
-0.004650182461 0.109188654 -11.66858455
-0.0240561601 0.1100370636 -4.085379219
-0.02212135257 0.05505277094 4.356129863
-0.04445678715 0.06462472042 11.89337995
0.01567909078 0.0553778875 -12.42653192
-0.02714621028 0.06308633356 5.957520109
-0.04352001828 0.0950863945 7.981581751
-0.0371441541 0.09579221826 5.243837513
-0.01084834329 0.2513722614 -36.97353511
-0.001208299632 0.2898212359 -49.49364965
0.01036722607 0.3101233807 -59.85568273
0.01269815429 0.2227868751 -44.72631841
0.03808037581 0.190135449 -53.90921607
0.04636189937 0.1385140017 -49.13576085
0.02741281625 0.05647302963 -22.90025577
-0.002650598899 0.06581060039 -4.427993967
-0.03056732085 0.1667903044 -3.63025239
-0.002153945195 0.2282240249 -34.74416292
0.02461683809 0.2401571434 -56.63244419
0.04488393567 0.09632056478 -45.57239338
0.03652630967 0.122775094 -43.54289726
0.02078845788 0.147659444 -35.93090277
0.03939126249 0.1207846563 -46.1474843
0.006745744929 0.1143541938 -17.15263168
0.02509933291 0.1133849601 -32.92974924
0.03152846019 0.09570861226 -35.19898835
0.04288150024 0.1429558083 -54.34187545
0.07042043321 0.1029506546 -71.95460392
0.04369269187 0.06778647961 -38.67801376
-0.01386864915 0.02819649982 22.26434921
0.02566486082 -2.942031287e-05 -11.88047109
0.03439756735 -0.009252696184 -18.94227612
0.02953543613 -0.009161468442 -13.96703184
0.03558796046 -0.006927028324 -20.78348846
0.02411232743 0.0267437534 -14.46601205
0.02667620048 0.01537333701 -14.96131101
0.0297129718 0.01845726408 -18.98934528
0.03129546709 0.01330401794 -19.65130643
0.02620508739 0.02461491975 -16.05115334
0.03862150201 0.00937976982 -27.96389735
0.02988129384 0.01291197336 -18.02776309
0.02191008573 0.01299433477 -8.289945679
0.005907509709 0.09160303258 -2.796717508
-0.002065951655 0.08222366657 -0.5571935983
0.0004445315722 0.1061954041 -5.56119521
-0.005300449423 0.1315270752 -10.43078808
-0.02245387392 0.1083288658 -4.515872937
0.006305004763 0.124005838 -10.00462239
0.0002716755827 0.09714968621 -3.21321613
-0.08356493679 0.1019164095 8.573048912
-0.08597930804 0.1002179453 8.925098635
0.03234180617 0.1872952541 -30.6821424
0.08273236222 0.2088562274 -46.1590233
0.0306437255 0.089828962 -8.288945685
0.004907908666 0.07862962785 0.3798837434
-0.02360285116 0.02587691774 19.79010453
-0.07180192941 0.04741143343 29.57569679
-0.1299814453 0.04655894692 48.43902674
-0.07864438194 0.2043690143 -3.557174749
-0.03002345008 0.2080204874 -22.03815589
-0.02465381327 0.1493980883 -11.81861087
-0.02741620754 0.242234963 -29.71700838
0.04033189069 0.2581770324 -62.33289764
0.02545278459 0.3021102073 -64.83572275
0.02780272904 0.3058752962 -67.1374916
0.01515169162 0.3408438822 -68.26059962
0.003743680991 0.3153553381 -57.05325431
-0.0005306239785 0.3194494333 -55.56939326
0.001036819992 0.3258840925 -57.59499519
0.01800006853 0.2749871352 -57.40200063
0.0169884129 0.2803312066 -57.95926452
0.01920252827 0.2778637363 -58.79267094
0.01434519722 0.3087619261 -61.81734247
0.005606473131 0.2757394066 -49.30070251
0.01325700184 0.2796796049 -55.56661167
0.003845156286 0.2966935562 -52.3456113
0.004326902723 0.3059060244 -54.53311868
0.01489272329 0.288033292 -58.75791807
0.0218534657 0.2127173377 -48.97150742
0.02235194829 0.2373769148 -54.02213029
0.02790282341 0.2194150107 -54.93855538
0.0281865922 0.2041166991 -51.87459125
0.02044572197 0.23428994 -51.24552179
0.03560016646 0.2205003915 -62.14786276
0.03524980179 0.229065376 -63.63253659
0.03409617332 0.2180958936 -60.1813995
0.01624762438 0.1305723239 -25.34391749
0.006467798804 0.282004575 -47.26049699
0.006774776962 0.2676560081 -44.8208679
0.01740196653 0.3214870239 -66.3242312
0.02826623704 0.316843606 -77.16257869
0.02313523059 0.270530359 -62.04579305
0.004987111394 0.08408929689 -4.774491877
0.01367921571 0.07423722462 -12.04502342
0.04536407773 0.1185468556 -56.55502167
0.02307973609 0.07210831805 -22.09981772
0.009984932285 0.09953353969 -11.95577355
0.03142633249 0.02803728426 -23.13407777
0.01545537062 0.06666780375 -11.27338475
-0.02150919618 0.09632733282 28.74270792
0.01719521522 0.1316754239 -11.6272144
0.01562636551 0.1404469473 -13.13974744
0.003980784201 0.1135332187 -6.043409833
0.000303035795 0.1220645926 -7.975917205
0.002592966808 0.1228445813 -8.420510944
-0.009002117179 0.1005461669 -2.386538109
-0.03240131682 0.08737732729 3.702681031
-0.0331636634 0.07816480662 5.817016216
-0.008646668274 0.125921747 -9.472286895
0.02671409557 0.1266867921 -16.45574949
0.02590143301 0.1016121388 -9.426360033
0.008020922861 0.1068509753 -7.139608306
0.01167196075 0.03509744237 8.451999451
-0.03373681816 0.05299482967 16.67233349
-0.04573680481 0.07619412596 14.33757583
-0.0843832762 0.1234612881 16.10705237
-0.009796363325 0.3005322336 -49.34612661
0.01168386579 0.3314538083 -64.3867863
-0.0008488073605 0.3473192704 -63.26230985
0.02199572912 0.354070706 -73.79591033
0.01640289193 0.3440326288 -69.1916312
0.009282148195 0.3331040057 -63.48360524
0.006638190171 0.3372663112 -63.18485288
0.0121046574 0.336967398 -65.66838543
0.003450921639 0.3394019438 -61.92818039
0.001250861778 0.3379640606 -60.35629009
0.008062196392 0.3376827661 -64.2625741
0.009296846976 0.3276649203 -62.92407061
0.01413373951 0.350625387 -70.87217184
0.00693348179 0.3330136397 -62.49344371
0.0193745569 0.3161218051 -66.6324202
0.008386787854 0.3235145669 -60.83470513
0.007124550811 0.3093200811 -56.94794583
0.003080407408 0.3282968564 -58.34961606
0.00650044133 0.3119445723 -57.33891244
0.009947634374 0.3066272222 -58.92767176
0.01693839501 0.296967792 -62.10323243
0.01249873515 0.3121701169 -61.84905203
0.01110897153 0.306234812 -59.43393627
0.01181513251 0.2928743728 -56.89584969
0.0107549889 0.2877286845 -54.72977027
0.02951804668 0.2523681982 -63.56856271
0.0230866651 0.2644462802 -60.55532408
0.01724506735 0.2540760155 -52.49744668
0.02025035194 0.2430622159 -52.78085487
0.02334670007 0.2262017634 -51.41871822
0.03197687553 0.2315356754 -61.0272372
0.02038482934 0.2688663999 -57.88376102
0.02820974844 0.2341438185 -57.60481374
0.00648917277 0.2854459123 -46.0590366
0.02012638433 0.2723176094 -57.56382471
0.007647769403 0.3219013662 -56.44404012
0.005961234663 0.3126719508 -52.25287127
0.00805064387 0.1967982432 -29.71866197
0.00687805493 0.4968655279 -94.47794736
0.006589704981 0.4693564539 -87.68688657
0.03425530324 0.1572536347 -51.75979501
-0.006022407596 0.1452752419 -0.3111021535
0.0234534848 0.1510484425 -16.32915465
0.01340710208 0.1320757242 -11.28723263
-0.01972628521 0.09227852202 5.738723217e-05
-0.01772693474 0.07089359424 5.347910196
-0.02201099962 0.05391410809 10.03164764
-0.008878779088 0.06918999617 4.703013714
-0.02503030101 0.08483520939 3.126651631
-0.006659738731 0.1002987159 -3.677905039
0.01652869976 0.2284442053 -39.50056556
0.0193971504 0.2663841696 -49.76117986
0.01231535171 0.1896421637 -28.02505338
0.01054408447 0.2899019794 -53.50139323
0.02363735456 0.2793794219 -54.07004587
0.01686587493 0.3305136615 -65.15983894
0.008858656835 0.3412024286 -65.45567712
0.01479511468 0.3465403037 -68.92659225
0.01619385531 0.3593788656 -72.52134626
0.009439343739 0.3579197966 -69.57316521
0.004741990498 0.3390565759 -62.91770294
0.006380236308 0.3414308355 -64.15629166
0.001375232953 0.3405189187 -61.73174587
0.01230666277 0.3423093373 -67.06772138
0.009871584469 0.3431659195 -66.05583479
0.01353889788 0.3402616459 -67.20829326
0.00585449489 0.3467806011 -64.99159959
-0.003974478558 0.3233783626 -53.84528091
0.009245369429 0.339380221 -65.30032517
0.01598191589 0.3347258587 -68.04413944
0.01321101659 0.3513827361 -70.68517971
0.008328019738 0.3485769937 -67.0647458
0.01754143975 0.3208982201 -66.28859356
0.004304924991 0.3293025837 -59.31979093
0.005098589157 0.3293664814 -59.66165604
-0.00199489803 0.3414029135 -57.63192459
-0.001640140686 0.3392845115 -57.56057192
0.003069732724 0.3316938534 -58.79856802
0.01055620222 0.3247780695 -63.4965395
0.008868416994 0.320661739 -61.28930109
0.01507828866 0.3040379961 -61.76528002
0.009997564437 0.3165650782 -60.71853385
0.01041175452 0.3138747684 -60.43325435
0.01919729126 0.2942608452 -63.41408273
0.01474555059 0.3033735225 -61.7862629
0.0197378504 0.3054527977 -66.97390113
0.01778211175 0.3018950618 -64.02228624
0.01710386211 0.2673637896 -55.38175475
0.02706634349 0.2614817238 -63.76426662
0.04203947469 0.241367674 -74.14975207
0.02364255375 0.228748811 -52.25497342
0.02802918508 0.2083052013 -51.74115012
0.01377077211 0.2328400892 -42.539277
0.01823376381 0.2461224791 -50.84815327
0.03331950784 0.2309587429 -63.62329067
0.04248327405 0.2039730189 -67.0188444
0.01424684211 0.2083999807 -35.5090483
0.02784823263 0.1923557601 -47.82613409
0.04926938394 0.1508308084 -62.36279706
0.04612737447 0.157483715 -60.76620419
0.02619826545 0.1920220104 -27.15161581
0.02498712386 0.223141372 -36.00402992
0.004183144524 0.3160347451 -60.70974935
0.01195502395 0.3131429884 -60.54850916
0.02778804276 0.3360617972 -68.32646699
0.01325996676 0.3395258381 -67.68119171
0.01349822038 0.36350832 -74.16058811
0.03753105577 0.3608107078 -77.20957095
0.02242299316 0.3402141429 -69.17226578
0.02068840923 0.3375177552 -68.10688331
0.02216800398 0.3346710185 -67.67202871
0.01751824177 0.3532198471 -71.39429287
0.01444163591 0.350640247 -69.73078229
0.01972735422 0.361312589 -73.93531798
0.01068123872 0.3628332632 -71.67261649
0.01953443977 0.3574323542 -73.01380211
0.01571669162 0.3551411296 -70.98874684
0.01238061898 0.3508962487 -68.71582751
-0.0006565636371 0.3440825141 -61.97763038
0.01046376735 0.3484348696 -67.6992461
0.009611889683 0.339462139 -64.87136864
0.01454838961 0.350456708 -70.04476412
0.003254425147 0.3389254745 -61.67051667
0.007776706048 0.3310262622 -61.77858368
0.006699354613 0.3363856829 -62.73295183
-0.0003222591229 0.3425659695 -60.84392694
0.00869843931 0.329709893 -62.08728447
0.0106492688 0.3380776602 -65.53353525
0.001440382859 0.3235784845 -55.93376107
-0.002527619153 0.3211419788 -52.85179589
0.01074628815 0.3260010256 -62.95048519
0.01591188997 0.3136405382 -62.96425162
0.005802604733 0.319705701 -57.82758149
0.01001627535 0.3162164126 -59.64474832
0.002414331149 0.3319150536 -58.48415445
0.001991199538 0.3393349866 -60.32431703
0.008822360021 0.3172203208 -59.5524662
-0.0005869071284 0.3083243549 -48.98508269
-0.001532342128 0.3140364652 -51.06787553
0.0002591856641 0.2994237421 -48.33265505
0.01234162003 0.2822563868 -53.96371278
0.01327283588 0.2798499063 -53.59933915
0.01023316898 0.3106537697 -59.34360043
0.01257267403 0.3079598173 -60.86433058
0.0186672503 0.3118673038 -67.681278
0.01951310034 0.2859032321 -61.46443102
0.02253497691 0.2860796091 -64.74441908
0.01206394954 0.2816798427 -52.62503119
0.01954534692 0.2516962111 -53.78172087
-0.0003125931114 0.3209247406 -51.03111748
0.0238406128 0.2486864262 -57.51853054
0.03154868925 0.2582079962 -68.72600679
0.01713769685 0.2533375851 -52.0205181
0.03064677236 0.1988232386 -52.85684192
0.0251622755 0.2007755091 -47.0699541
0.0240497133 0.207173306 -47.23977816
0.02675999715 0.1877893564 -45.23593116
-0.0007015900292 0.156168955 -2.957041172
0.02801084406 0.2845451733 -52.92846568
0.02762560099 0.3109163759 -60.65827662
0.01490445815 0.3249370555 -63.87909414
0.02734898419 0.3671184662 -77.01400117
0.01702760847 0.3696922763 -76.7905823
0.02513448965 0.362832975 -75.47210331
0.02057572834 0.362101936 -74.86564247
0.03426074713 0.3763930634 -80.94413717
0.02305505645 0.3684714762 -76.82233979
0.01643281295 0.3614484981 -73.48585809
0.01525660936 0.3554507648 -71.55513553
0.01946605833 0.3685927906 -76.03333939
0.02490410874 0.3588957458 -74.59379522
0.01392053319 0.3483913347 -68.32269883
0.009006034989 0.350111784 -67.4122614
0.01072996203 0.3434286486 -66.14657295
0.01132544166 0.3410284385 -65.70422296
0.01230063107 0.3411056083 -66.2090901
0.005988071311 0.3409380371 -63.78859603
0.0003999284046 0.3382231213 -60.53286768
0.01200981752 0.3301479817 -63.31238905
0.009514536128 0.3362615155 -63.96146262
0.001573183772 0.3344509474 -59.60770781
-0.003112176199 0.3291193572 -55.85008329
0.008102604319 0.3254196938 -60.58842834
0.002669477469 0.3334380647 -59.99676973
0.009790422421 0.327336828 -62.04248404
-0.002916381856 0.3249849148 -53.91653297
-0.01037659234 0.3223365349 -48.52191674
-0.001302743359 0.3261936923 -55.44474784
0.00974909776 0.3173034276 -59.88865204
0.01106667564 0.3172151108 -60.7828203
0.007080690339 0.3137018606 -57.10802599
0.0107630543 0.3090543006 -58.47816586
0.031897446 0.3064257134 -72.98215005
0.005226705913 0.3459221429 -64.3071017
-0.006768526343 0.3537816232 -57.53366815
-0.007504246604 0.3365959291 -52.21966563
0.01594069493 0.3033047186 -61.2116135
0.005993663764 0.3324754905 -60.86135706
-0.0070092733 0.3093582795 -44.731462
-0.001553198243 0.2944926422 -45.00892452
0.01728358095 0.2758887018 -56.47776237
0.02806626267 0.2428932574 -56.37406009
0.01758102526 0.2643835044 -52.35287323
0.01003236216 0.3038751676 -57.11705974
0.01810639423 0.2967542134 -63.21713523
0.01592592868 0.3149953624 -66.25755042
0.009840970727 0.315370589 -60.02957045
0.01560109372 0.2983167142 -60.54948063
0.01698522042 0.287150534 -59.38984408
0.003606595764 0.3059728076 -50.90453787
0.0005902485085 0.3143064576 -48.98839235
0.005004143806 0.3107150951 -54.31914978
0.01866332048 0.2111363497 -41.42437277
-0.000979300187 0.2486279968 -28.84128968
0.006256685736 0.2115390432 -26.73250576
0.01510423547 0.2094732797 -36.31166393
0.04711598685 0.3450368887 -71.15427386
0.0468059226 0.3548273631 -74.14797615
0.03697269606 0.3610057698 -75.44007452
0.02981983681 0.3741820206 -79.27518994
0.023552438 0.374611689 -79.0256451
0.02498214202 0.3730507022 -78.80757956
0.0285630844 0.3750382233 -79.77034023
0.02974820537 0.3721545285 -78.86321077
0.02567225258 0.3713479439 -78.04833862
0.0209822324 0.3739357933 -78.03066537
0.01952959182 0.3650046551 -74.709566
0.01049377775 0.3464295791 -66.75170518
0.001939966908 0.3383732276 -62.05748153
0.008994263997 0.3309419136 -61.8303427
0.009123626158 0.3297545851 -61.45820912
0.01204322845 0.3332283704 -63.49409896
0.007430269932 0.3345305038 -62.33333018
0.002099281176 0.3277306885 -58.26367678
0.003698436748 0.3305938924 -59.87016087
0.003859196149 0.3247167218 -58.04185682
0.002810066566 0.3274705947 -58.41611022
0.006639321545 0.3246425461 -59.21415503
-0.002432221353 0.3243386052 -54.66035253
-0.00301944207 0.3219076778 -53.6871551
0.003247353759 0.3276219865 -58.69666275
0.01167289832 0.3230566233 -61.70790555
0.0009824309862 0.3239420759 -55.90996743
0.002299870932 0.3224953866 -56.25391294
0.001179745082 0.3168211674 -53.92131815
-0.006640974831 0.3317404185 -53.67297774
0.004327967953 0.3332731892 -61.32592615
0.007172189777 0.3236276688 -60.24720235
0.01892308412 0.3155576281 -65.67064203
0.005617372172 0.3175341862 -57.08187057
0.026625162 0.3098075579 -70.39021378
0.04553569994 0.2895274497 -78.28446516
0.01850013801 0.3373442647 -71.9825358
-0.008718411321 0.3653267804 -59.35802632
-0.008085773015 0.338487008 -51.82012894
0.02967888767 0.2879040754 -68.18857863
-0.003690324204 0.3339535991 -53.61465529
0.1064944358 0.149729668 -91.57085801
0.003443873411 0.2983369291 -50.35010955
0.01457219379 0.2789792164 -54.68469046
0.01908541331 0.2697182036 -56.01504004
0.02560517058 0.2545424051 -57.60041088
0.02010978031 0.2659224364 -55.26104236
0.0156664345 0.2955937678 -59.97643253
0.01489568141 0.3223720057 -66.92845526
0.0002386390762 0.3179403795 -50.58447898
-0.007195178719 0.3055529985 -38.70022557
-0.005920686607 0.3150998597 -42.96447483
0.01334841083 0.3038138389 -60.98611451
0.03098482775 0.2606003383 -67.13929203
0.03338837503 0.2987050062 -82.52549773
0.06855537701 0.1037663899 -61.8518349
0.08449936044 0.08808885357 -75.82539424
0.06550759499 0.1247987307 -64.61188832
0.05200885519 0.3726877758 -79.98251396
0.04824213814 0.3711326091 -79.29602438
0.03574298346 0.3674289701 -77.39115006
0.02861914069 0.3840273269 -82.2447668
0.01806069887 0.3774686937 -79.32846479
0.02192319178 0.3680373922 -76.30325549
0.02451587863 0.3699550189 -77.47733845
0.02732616185 0.3617143392 -75.24409377
0.02413156232 0.3445844338 -68.95405908
0.01552979621 0.3433785741 -66.89387227
0.01575024284 0.3353677989 -64.34686275
0.007597131338 0.3335992295 -62.03642419
0.003522265042 0.3264503476 -58.6016944
0.004379579659 0.3307013962 -60.31698702
0.005552346907 0.3280569455 -59.68678427
0.005733844789 0.3285648209 -59.92890048
0.006500485339 0.3266918325 -59.59438086
0.001321354565 0.3251191849 -57.08950701
-0.001598308318 0.3165430751 -53.07911382
0.000186026843 0.328167952 -57.65811102
-0.000781639325 0.3220055611 -55.0407559
0.002590032441 0.3232857276 -56.93484337
-0.0001766949318 0.3208609162 -54.757934
0.002141463194 0.3052776113 -50.87804748
0.004049014626 0.3151750132 -54.9406879
0.001687873153 0.3203140008 -55.40557089
0.006924047384 0.3180407469 -57.47667278
0.00345894891 0.3206975969 -56.33353185
-0.0007389816109 0.3207527432 -53.93315332
0.002825456352 0.3214755378 -56.48170317
0.003496651029 0.3190133907 -56.11502864
0.003871529631 0.3233122975 -57.93916867
0.004423572585 0.3116521536 -54.38256817
0.005503146631 0.3182333054 -57.31427
0.006506859113 0.3148720689 -57.02783445
0.03294474546 0.3011867674 -72.54264688
0.05628788196 0.2683443236 -79.55294193
0.03085779922 0.3182022927 -75.69723549
-0.01418494686 0.367074521 -55.48246438
-0.01612197224 0.3513006326 -48.94322966
-0.01217705689 0.3409867175 -48.817053
0.03676013841 0.254983389 -63.61962243
0.1068337365 0.1525444571 -92.63258963
0.1730773377 0.03359238785 -114.1511939
0.003467473792 0.299579333 -50.34636079
0.02146213997 0.2824277375 -62.12142947
0.021038412 0.2814953703 -61.43984074
0.02747599899 0.2604529693 -61.04846972
0.01740227011 0.2533028873 -48.13690971
0.007077609864 0.341355785 -64.68853702
0.01082670903 0.282448425 -49.73589532
0.1003347827 0.07056577712 -74.83471378
0.02080670244 0.2938041606 -66.17878475
0.01739904868 0.309790687 -67.64334433
0.02184367724 0.2860504312 -65.22724971
0.01758715273 0.249936906 -47.98401702
0.02948928853 0.1993028827 -45.61721533
0.0263161066 0.2812911111 -68.96599865
0.04879665609 0.3815630759 -82.91378449
0.04844182174 0.3738930515 -80.13015072
0.03607242825 0.3663508918 -76.66525575
0.01636781754 0.3739938936 -78.06626367
0.02915873749 0.3820606273 -81.95411785
0.01453198448 0.3636638477 -73.96966364
0.01099867406 0.348676834 -68.17759273
0.008914049507 0.3340848152 -62.76750464
0.01407113843 0.3256857448 -60.66541409
0.00686925455 0.328751165 -60.37444555
0.01077086201 0.3197456804 -58.0388008
0.009187341173 0.3126395574 -55.23268793
0.002509169254 0.3208862734 -56.43790591
0.007406102732 0.3266823254 -59.90327329
0.005796674748 0.3246445515 -58.64673306
0.01232969904 0.3021655167 -52.87630954
0.007992056722 0.3160670845 -56.3522978
0.008921285426 0.320865975 -58.50148656
0.002398082668 0.3216997142 -56.28887011
-0.002412015285 0.3209310586 -53.91678663
0.006405791576 0.3229011845 -58.60495987
0.002585100362 0.3233004258 -56.96817347
-0.001632297933 0.3197775841 -53.76980656
-0.001849994709 0.3219690709 -54.52703944
0.008487879131 0.3092354994 -55.33895859
0.01091211322 0.319647992 -60.20675651
0.006713189024 0.3219821507 -58.58569307
0.0005013900671 0.3182735967 -53.73499071
-0.002142527737 0.3253132857 -54.77916784
0.001320177695 0.3212353707 -55.5677303
-0.0006062758286 0.3215315152 -54.18941855
0.002940014999 0.3164082203 -54.81275201
0.005291300087 0.3250779688 -59.52822702
0.003840466554 0.3261318945 -59.00193875
0.0130222068 0.3171582039 -62.46631255
0.01103545365 0.3141140672 -60.12161419
0.02821509425 0.2898294175 -65.05414968
0.0561905428 0.2634882473 -77.90176211
-0.009344040881 0.3715038559 -60.78815254
-0.02152003848 0.368171349 -49.70908941
-0.02182920052 0.3600531417 -46.6286311
-0.02193548683 0.3375675869 -38.879796
0.009641897252 0.2614252042 -40.83147663
0.07869009754 0.1604780253 -69.16462404
0.1535335109 0.04478977405 -99.60157936
0.1354775239 0.1041043793 -103.4106472
0.01195603744 0.3078480416 -61.28745431
0.01285906741 0.2957000761 -57.90034161
0.007812350184 0.2933991896 -51.85773685
0.006000197213 0.2694576608 -41.47065781
0.03002788033 0.1959849364 -41.51063245
0.04818728533 0.1790901449 -55.44149339
0.09708711922 0.06553006195 -69.7388215
0.1022051904 0.05747219818 -72.65822439
0.1063755763 0.05681169666 -77.26961358
0.03248656077 0.2958511063 -81.34933577
0.02757001189 0.2832447961 -71.22203775
0.03791811478 0.2848619639 -84.34016135
0.03436753286 0.3869497389 -84.65366915
0.02754966005 0.3631224743 -75.63333959
0.01697819602 0.3157927372 -57.61945058
0.0295833004 0.3279683678 -62.65200731
0.01933697704 0.3414666103 -66.62931986
0.002125706416 0.3330898155 -61.50109396
0.002610495785 0.3244068638 -58.51237127
0.005150682215 0.3026356165 -50.89087731
0.01602816802 0.2907977322 -48.58258701
0.01441438701 0.3042824167 -53.0986468
0.006262117112 0.3035395215 -51.19330409
-0.0002103787482 0.2899565654 -44.67953027
0.002103041673 0.2958290172 -47.32406887
0.00442623275 0.301389179 -50.0983607
0.00764710655 0.3008655259 -50.81449208
0.005497091219 0.2960091947 -48.24380239
0.0009962238212 0.2884182346 -43.94642189
0.001670743469 0.2875005989 -43.83017655
-0.0004767722979 0.2835284967 -41.53851965
0.009109858177 0.2882564504 -47.08459344
0.0008502161424 0.302629326 -48.85069471
0.003166044631 0.2953484081 -47.26247242
0.003775605189 0.3007189579 -49.5505011
-0.00275916634 0.3061070217 -48.39568083
0.0081839653 0.3111354907 -55.76745911
0.01382308211 0.306037481 -56.95686601
0.002839832976 0.301096214 -48.88409618
0.001896464924 0.293067853 -45.4859853
0.0009619575101 0.3094656583 -50.97795825
0.002672786466 0.316018855 -54.52383821
0.0005719812435 0.307630303 -50.03552656
-0.003844563663 0.3041550562 -45.81683901
0.002585507673 0.3000617049 -48.78505808
0.009230236477 0.3122664207 -57.92278068
0.001277054474 0.2936676187 -45.28531354
0.008607205528 0.294541842 -51.2211082
0.01611655315 0.2939602357 -56.86916067
0.03444341933 0.263843185 -60.6491564
0.0658241927 0.2694816799 -87.37963301
-0.007884898192 0.3600815495 -58.52528859
-0.02024858168 0.3554632355 -46.20666027
-0.04113840358 0.361577819 -30.01945393
-0.0378966418 0.2772234832 -2.320004616
0.009460559464 0.2255031726 -27.65597018
0.08835696382 0.07966600091 -49.33622067
0.1367966209 0.09383113445 -101.1967614
0.1471258312 0.1029369947 -114.3863266
-0.002400615021 0.3149890579 -49.18675857
0.005148087972 0.2745843588 -42.42420458
0.007766931939 0.2710146739 -43.75294013
0.01604419754 0.23364649 -39.44569499
0.01976641928 0.1858719487 -26.28796757
0.05560849193 0.1245775761 -44.19866982
0.1009987518 0.04939049145 -68.58827399
0.1123707371 0.02979088169 -74.57722679
0.09896016435 0.06211370026 -70.19049099
0.01890021798 0.2688544022 -55.37614127
0.04435416062 0.2866614135 -92.86366283
