0 1 3
1 2 3
2 3 3
3 4 3
4 5 3
5 6 3
6 7 3
7 8 3
8 9 3
9 10 3
10 11 3
11 12 3
12 13 3
13 72 3
16 72 3
16 17 3
17 18 3
18 19 3
19 20 3
20 21 3
21 22 3
22 23 3
23 24 3
24 25 3
25 27 3
27 28 3
28 29 3
29 30 3
30 31 3
31 32 0
32 33 2
33 34 2
34 35 2
35 36 3
36 37 3
37 38 3
38 39 3
39 40 3
40 41 3
41 42 0
42 43 3
43 44 3
44 45 3
45 46 3
46 48 3
48 49 3
49 50 2
50 51 2
51 52 3
52 53 3
53 54 3
54 57 3
57 114 3
14 72 3
14 16 3
54 114 3
27 84 3
25 84 3
54 113 3
21 79 3
113 114 3
48 105 3
16 74 3
17 74 3
20 78 3
46 104 3
46 105 3
16 73 3
49 107 3
51 109 0
14 73 3
48 107 3
51 108 0
53 112 3
54 112 3
9 67 3
21 78 3
50 108 0
10 67 3
18 76 3
8 67 3
19 76 3
38 96 3
40 97 3
52 109 2
5 63 3
39 97 3
52 110 3
53 110 3
112 113 3
78 79 3
22 80 3
25 83 3
27 85 3
32 90 1
33 90 1
41 99 2
104 105 3
49 108 3
108 109 2
0 58 3
1 59 3
2 60 3
3 60 3
3 61 3
4 62 3
6 64 3
7 65 3
8 66 3
11 69 3
12 69 3
12 70 3
17 75 3
19 77 3
20 77 3
21 80 3
24 82 3
24 83 3
83 84 3
84 85 3
27 86 3
28 86 3
29 87 3
37 96 3
39 96 3
42 100 3
43 100 3
45 103 3
53 111 3
111 112 3
57 115 3
58 59 3
59 60 3
60 61 3
61 62 3
5 62 3
63 64 3
7 64 3
65 66 3
13 70 3
13 129 3
73 74 3
74 75 3
75 76 3
23 82 3
30 87 3
34 92 3
35 92 3
41 100 0
43 102 3
44 103 3
46 103 3
105 107 3
110 111 3
62 63 3
10 69 3
69 70 3
79 80 3
85 86 3
29 86 3
31 89 1
40 99 2
44 102 3
107 108 3
64 65 3
66 67 3
70 129 3
76 77 3
77 78 3
86 87 3
99 100 0
109 110 2
13 130 3
72 73 3
35 93 0
36 93 0
37 93 0
96 97 3
97 99 3
43 101 3
129 130 3
80 82 3
33 92 1
96 154 0
101 102 3
82 83 3
100 101 3
102 103 3
114 115 3
30 89 1
92 93 0
103 104 3
82 139 3
93 152 3
93 96 1
72 130 3
80 139 3
93 153 3
10 126 3
69 126 3
31 90 1
93 154 2
67 126 3
90 92 3
105 163 3
89 90 3
104 163 3
105 164 3
64 122 3
30 203 3
152 153 3
153 154 3
97 156 0
107 164 3
63 122 3
73 130 3
87 203 3
89 203 0
99 156 2
74 132 3
93 151 3
97 155 0
73 132 3
151 152 3
103 161 3
107 165 3
62 120 3
82 140 3
83 142 3
84 142 3
85 142 3
155 156 3
102 161 3
163 164 3
108 165 3
60 118 3
61 118 3
63 120 3
69 128 3
70 128 3
139 140 3
89 147 0
97 154 0
109 167 0
76 134 3
77 134 3
85 144 3
147 203 3
99 157 2
108 167 3
58 116 3
59 117 3
61 120 3
63 121 3
64 123 3
65 123 3
67 125 3
73 131 3
75 134 3
77 135 3
78 136 3
79 137 3
80 138 3
86 144 3
89 148 0
90 148 0
90 149 0
92 149 0
154 155 3
100 157 3
111 169 3
111 170 3
112 170 3
113 170 3
115 173 3
116 117 3
117 118 3
120 121 3
121 122 3
66 123 3
130 131 3
131 132 3
135 136 3
136 137 3
137 138 3
138 139 3
83 141 3
87 145 3
145 203 3
93 149 3
156 157 3
110 167 0
110 168 3
114 173 3
61 119 3
66 125 3
125 126 3
128 129 3
134 135 3
82 141 3
87 144 3
147 148 3
100 158 3
164 165 3
118 119 3
119 120 3
122 123 3
142 144 3
144 145 3
101 158 3
111 168 3
75 132 3
149 151 3
157 158 3
104 161 3
108 166 3
169 170 3
170 229 3
113 229 3
114 229 3
126 128 3
75 133 3
140 141 3
148 149 3
102 218 0
166 167 3
66 182 3
132 133 3
133 134 3
101 218 0
123 182 3
125 182 3
167 168 3
168 169 3
104 220 3
144 201 3
203 204 3
147 204 3
161 218 0
161 220 3
163 220 3
165 166 3
173 229 3
122 180 3
123 180 3
142 201 3
149 208 3
151 208 3
144 202 3
161 219 0
128 185 3
141 142 3
145 202 3
126 185 3
130 188 3
131 188 3
201 202 3
153 212 3
154 212 3
173 230 3
155 213 0
163 221 3
229 230 3
135 192 3
139 198 3
140 198 3
164 221 3
165 223 3
128 186 3
129 186 3
134 192 3
141 198 3
149 207 3
152 210 3
156 213 0
219 220 1
166 223 3
118 176 3
120 178 3
125 183 3
126 183 3
130 187 3
132 190 3
137 195 3
138 195 3
139 197 3
142 200 3
147 205 3
151 210 3
153 210 3
166 224 3
173 231 3
116 174 3
117 175 3
119 176 3
119 178 3
121 178 3
121 179 3
123 181 3
129 187 3
131 189 3
133 190 3
135 193 3
136 194 3
137 194 3
138 197 3
141 200 3
151 209 3
212 213 3
157 215 0
164 222 3
167 224 3
174 175 3
175 176 3
119 177 3
122 179 3
181 182 3
185 186 3
188 189 3
189 190 3
193 194 3
148 205 3
207 208 3
208 209 3
209 210 3
155 212 3
156 215 0
158 215 0
158 218 0
218 219 3
164 223 3
230 231 3
179 180 3
192 193 3
197 198 3
158 217 0
217 218 3
220 221 3
222 223 3
223 224 3
167 226 2
168 226 3
177 178 3
126 242 3
186 187 3
187 188 3
194 195 3
138 196 3
148 207 3
213 215 3
215 217 3
221 222 3
176 177 3
182 183 3
183 242 3
133 192 3
195 196 3
204 205 3
148 206 3
210 212 3
212 269 3
169 226 3
185 242 3
200 201 3
205 206 3
210 269 3
170 228 0
178 179 3
180 181 3
196 197 3
198 257 3
141 257 3
206 207 3
226 228 0
169 228 0
202 203 3
226 285 0
224 226 3
228 285 3
228 229 1
226 284 3
217 333 1
215 272 3
213 272 3
215 273 3
228 287 1
229 287 3
180 238 3
182 240 3
190 249 3
133 249 3
272 273 3
181 238 3
181 240 3
181 239 3
238 239 3
203 261 3
204 262 3
206 264 3
207 264 3
212 270 3
217 219 3
179 237 3
179 238 3
202 261 3
205 262 3
217 273 3
217 331 3
178 237 3
182 241 3
183 241 3
200 257 3
200 259 3
201 259 3
204 261 3
213 271 3
331 333 1
220 278 2
239 240 3
240 241 3
208 264 3
271 272 3
273 331 3
222 280 3
223 280 3
284 285 0
230 288 3
178 236 3
187 245 3
188 304 3
195 253 3
196 254 3
197 254 3
202 259 3
269 270 3
219 278 1
229 288 3
231 289 3
174 232 3
175 233 3
176 234 3
177 236 3
185 243 3
186 244 3
188 245 3
188 247 3
189 247 3
190 248 3
192 250 3
193 251 3
194 252 3
195 252 3
197 255 3
198 256 3
202 260 3
260 261 3
208 266 3
209 267 3
210 268 3
268 269 3
221 279 3
223 281 3
224 282 3
230 289 3
232 233 3
176 233 3
177 234 3
177 235 3
236 237 3
237 238 3
242 243 3
243 244 3
187 244 3
247 248 3
248 249 3
251 252 3
196 253 3
198 255 3
259 260 3
266 267 3
267 268 3
217 277 3
219 277 3
220 279 3
279 280 3
280 281 3
281 282 3
287 288 3
233 234 3
241 242 3
247 304 3
250 251 3
254 255 3
255 256 3
256 257 3
261 262 3
264 266 3
217 276 1
276 277 3
277 278 1
288 289 3
244 245 3
133 250 3
228 286 2
234 235 3
235 236 3
249 250 3
252 253 3
253 254 3
212 271 3
278 279 2
285 286 3
245 304 3
270 271 3
286 287 1
276 335 3
277 335 3
245 303 3
224 284 3
303 304 3
282 284 3
240 298 3
239 298 3
269 327 3
270 327 3
240 299 3
241 299 3
276 333 3
282 340 3
239 355 3
200 317 3
205 264 3
281 340 3
298 355 3
243 301 3
255 314 3
256 314 3
257 317 3
264 320 3
264 323 3
266 323 3
270 329 3
271 329 3
279 337 3
284 342 0
261 319 3
205 320 3
268 327 3
281 339 3
298 299 3
249 307 3
250 307 3
257 314 3
259 317 3
260 319 3
262 320 3
270 328 3
278 335 2
280 339 3
242 300 3
242 301 3
244 302 3
247 306 3
248 306 3
250 308 3
252 310 3
253 311 3
271 330 3
272 330 3
278 337 2
282 342 0
285 342 2
288 346 3
289 346 3
232 290 3
233 291 3
234 292 3
234 293 3
235 293 3
236 294 3
237 295 3
238 296 3
238 355 3
242 299 3
300 301 3
243 302 3
245 302 3
307 308 3
251 308 3
251 310 3
253 310 3
254 312 3
254 313 3
255 313 3
257 315 3
257 316 3
264 322 3
266 324 3
267 325 3
268 326 3
327 328 3
273 330 3
278 336 0
280 338 3
286 344 1
287 345 3
288 345 3
289 347 3
290 291 3
291 292 3
292 293 3
293 294 3
294 295 3
295 296 3
296 355 3
299 300 3
251 309 3
311 312 3
314 315 3
316 317 3
323 324 3
324 325 3
325 326 3
326 327 3
276 334 3
337 338 3
282 399 3
287 344 0
301 302 3
309 310 3
313 314 3
260 317 3
261 320 3
322 323 3
328 329 3
329 330 3
333 334 3
334 335 3
335 336 3
339 340 3
342 399 1
344 345 1
346 347 3
302 303 3
312 313 3
315 316 3
338 339 3
285 343 2
286 343 2
345 346 3
310 311 3
319 320 3
320 321 3
340 399 3
342 343 3
308 309 3
317 376 3
317 319 3
264 321 3
341 342 3
316 376 3
330 331 3
336 337 1
321 322 3
249 306 3
341 399 1
301 359 3
343 344 3
331 390 1
333 390 3
303 361 3
247 363 3
319 376 3
300 359 3
304 361 3
304 363 3
306 363 3
298 356 3
299 356 3
302 360 3
315 374 3
316 374 3
293 351 3
294 353 3
295 353 3
301 360 3
309 367 3
310 368 3
312 371 3
313 371 3
329 387 3
339 397 3
340 397 3
294 351 3
307 364 3
367 368 3
330 387 3
337 396 3
338 396 3
249 364 3
310 369 3
311 369 3
314 373 3
315 373 3
322 380 3
323 380 3
338 397 3
296 353 3
302 361 3
373 374 3
328 386 3
329 386 3
334 392 3
296 354 3
299 357 3
300 357 3
360 361 3
306 364 3
312 369 3
327 385 3
333 392 3
335 393 3
342 400 3
290 348 3
291 349 3
292 350 3
294 352 3
353 354 3
307 365 3
308 366 3
309 366 3
312 370 3
314 372 3
319 321 3
324 382 3
325 383 3
326 384 3
328 385 3
386 387 3
333 391 3
334 393 3
336 394 3
337 395 0
340 398 3
341 400 3
343 400 3
343 402 3
344 402 3
345 403 3
346 403 3
346 404 3
347 405 3
348 349 3
349 350 3
293 350 3
352 353 3
354 355 3
364 365 3
365 366 3
366 367 3
370 371 3
371 372 3
324 383 3
383 384 3
384 385 3
390 391 3
391 392 3
393 394 3
394 395 3
396 397 3
397 398 3
398 399 3
343 401 3
402 403 1
404 405 3
350 351 3
356 357 3
359 360 3
369 370 3
321 380 3
399 400 0
351 352 3
368 369 3
372 373 3
395 396 1
401 402 3
363 364 3
321 379 3
382 383 3
330 447 3
400 401 3
374 376 3
319 379 3
323 382 3
385 386 3
331 447 3
403 404 3
357 359 3
387 447 3
390 447 3
355 356 3
392 393 3
355 413 3
357 416 3
376 433 3
359 416 3
374 433 3
356 413 3
368 427 3
376 379 3
369 427 3
376 434 3
376 435 3
379 435 3
433 434 3
380 438 3
323 439 3
382 439 3
356 414 3
359 417 3
380 439 3
361 420 3
304 420 3
357 414 3
416 417 3
365 423 3
379 380 3
387 445 3
400 458 3
360 418 3
387 446 3
401 458 3
351 409 3
355 412 3
413 414 3
359 418 3
370 427 3
382 440 3
386 445 3
446 447 3
352 409 3
353 411 3
354 411 3
354 412 3
366 423 3
370 428 3
371 428 3
439 440 3
445 446 3
392 450 3
393 450 3
396 455 3
397 455 3
417 418 3
363 420 3
371 429 3
391 450 3
348 406 3
349 407 3
350 408 3
352 410 3
357 415 3
361 418 3
361 419 3
363 421 3
364 423 3
366 424 3
372 430 3
373 431 3
374 432 3
379 438 3
438 439 3
386 444 3
390 448 3
390 449 3
391 449 3
393 451 3
394 452 3
395 453 3
396 454 3
398 456 3
399 456 3
399 457 3
399 458 0
401 459 3
402 460 3
403 461 3
404 462 3
405 463 0
406 407 3
407 408 3
351 408 3
410 411 3
414 415 3
415 416 3
418 419 3
420 421 3
364 421 3
423 424 3
367 424 3
367 426 3
368 426 3
426 427 3
371 430 3
430 431 3
431 432 3
444 445 3
448 449 3
449 450 3
450 451 3
451 452 3
452 453 3
453 454 1
455 456 3
457 458 0
458 459 3
459 460 3
460 461 1
461 462 3
405 462 3
408 409 3
411 412 3
419 420 3
432 433 3
434 435 3
447 448 3
409 410 3
427 428 3
385 444 3
454 455 3
462 463 0
412 413 3
428 429 3
429 430 3
439 498 3
440 498 3
383 441 3
456 457 3
382 441 3
384 441 3
385 443 3
384 443 3
443 444 3
440 441 3
424 426 3
384 442 3
442 443 3
441 442 3
364 480 3
423 480 3
379 494 2
412 471 3
413 472 3
421 480 3
435 494 2
413 471 3
414 472 3
411 470 3
412 470 3
417 475 3
418 475 3
431 490 2
432 490 2
440 499 3
441 499 3
414 473 3
415 473 3
430 489 3
431 489 3
457 515 0
458 515 3
428 487 3
430 488 3
438 496 3
439 497 3
444 501 3
416 474 3
418 476 3
423 481 3
429 487 3
429 488 3
488 489 3
379 496 3
438 497 3
497 498 3
442 500 3
448 506 3
471 472 3
417 474 3
424 481 3
494 496 3
442 499 3
445 503 3
446 503 3
449 506 3
406 464 3
415 474 3
475 476 3
419 476 3
499 500 3
442 501 3
443 501 3
446 505 3
447 505 3
450 508 3
451 509 3
452 510 3
453 511 3
454 512 3
455 513 3
456 514 3
457 514 3
458 516 3
459 517 3
460 518 3
461 519 3
462 520 3
407 464 3
427 486 3
433 490 2
433 491 2
434 491 2
435 493 2
498 499 3
446 504 3
447 506 3
449 507 3
449 508 3
508 509 3
509 510 3
510 511 3
454 511 0
512 513 3
513 514 3
515 516 3
516 517 3
517 518 3
518 519 1
519 520 3
463 520 1
472 473 3
428 486 3
489 490 3
434 492 2
435 492 2
500 501 3
506 507 3
407 465 1
409 467 1
470 471 3
473 474 3
474 475 3
480 481 3
490 491 3
494 553 3
496 553 3
496 497 3
505 506 3
507 508 3
408 465 1
420 476 3
424 482 3
491 492 3
492 493 3
444 503 3
503 504 3
504 505 3
463 521 3
408 467 1
410 467 1
426 482 3
486 487 3
408 524 1
410 468 1
411 468 1
411 527 1
470 527 1
487 488 3
511 512 1
520 521 0
464 465 1
467 524 3
467 468 3
468 527 3
479 480 0
481 482 3
427 543 3
486 543 3
465 524 2
420 536 1
421 536 1
421 479 1
426 542 3
501 503 3
426 543 3
479 536 3
482 542 3
542 543 3
493 494 3
476 535 3
420 535 3
535 536 3
480 538 1
479 538 3
501 560 3
503 560 3
489 547 2
497 556 2
498 556 2
499 556 3
514 572 3
457 572 3
490 547 3
497 555 2
515 572 1
555 556 3
501 559 3
503 561 3
504 562 3
519 577 3
470 528 3
471 528 3
500 559 3
559 560 3
561 562 3
507 565 2
507 566 2
508 566 2
520 577 3
476 592 3
488 547 2
496 554 2
505 562 3
565 566 3
467 526 3
468 526 3
471 529 3
475 592 1
535 592 3
486 544 3
487 544 3
488 546 2
553 554 3
497 554 2
499 557 3
505 563 3
506 564 2
509 567 2
512 570 3
512 571 3
513 571 3
521 579 3
465 522 2
467 525 3
472 529 3
474 533 1
475 533 1
481 540 3
482 540 3
546 547 3
492 551 3
493 551 3
494 552 3
554 555 3
556 557 3
500 557 3
562 563 3
563 564 3
506 565 2
508 567 2
509 568 2
510 568 2
511 569 2
518 576 2
520 579 0
464 522 1
522 524 3
524 525 3
525 526 3
526 527 3
527 528 0
473 531 1
474 531 1
482 541 3
541 542 3
487 545 2
487 546 2
494 551 3
552 553 3
568 569 3
569 570 2
571 572 3
517 576 2
576 577 1
520 637 0
579 637 3
528 529 3
474 532 1
533 592 3
479 537 3
481 538 1
544 545 3
545 546 3
490 549 3
491 549 3
492 549 3
492 550 3
551 552 3
500 558 3
560 561 3
564 565 3
566 567 3
567 568 3
516 574 2
531 532 3
532 533 3
537 538 3
550 551 3
557 558 3
570 571 2
515 574 2
517 574 2
547 549 3
549 550 3
517 575 2
577 637 0
472 588 1
472 531 1
536 537 3
540 541 3
543 544 3
558 559 3
575 576 3
574 575 3
522 581 3
524 581 3
531 588 3
529 588 1
549 606 3
572 574 0
547 606 3
538 540 3
542 601 2
543 601 2
524 582 3
525 582 3
531 589 3
538 597 2
540 597 3
544 601 3
588 589 3
572 630 3
574 630 3
528 587 1
536 594 3
537 594 3
541 597 3
547 605 3
605 606 3
555 613 3
577 635 3
529 587 1
535 593 3
545 603 3
554 613 3
556 615 3
557 615 3
559 617 3
561 620 3
562 620 3
568 626 3
569 626 3
536 593 3
544 602 2
546 603 3
549 607 3
550 607 3
552 611 3
553 611 3
554 611 3
558 617 3
563 620 3
570 628 2
570 629 2
571 629 3
522 580 3
587 588 3
532 589 3
541 599 3
545 602 3
550 608 3
551 608 3
572 629 3
574 631 3
580 581 3
527 585 3
528 645 1
532 590 3
533 591 3
537 595 3
538 595 3
554 612 3
560 619 3
561 619 3
566 624 3
567 625 3
569 628 3
576 635 1
577 636 3
581 582 3
525 583 3
526 584 3
527 584 3
527 645 3
589 590 3
533 590 3
593 594 3
594 595 3
538 596 3
597 599 3
542 599 2
601 602 3
606 607 3
551 609 3
552 609 3
611 612 3
558 615 3
560 617 3
563 621 3
564 622 3
564 623 3
565 623 3
565 624 3
624 625 3
569 627 3
628 629 3
576 634 3
635 636 3
526 583 3
585 645 3
587 645 3
590 591 3
591 592 3
592 593 3
596 597 3
607 608 3
556 613 3
619 620 3
620 621 3
621 622 3
568 625 3
627 628 3
630 631 3
582 583 3
583 584 3
584 585 3
602 603 3
608 609 3
612 613 3
560 618 3
626 627 3
574 576 3
574 633 3
576 633 3
634 635 3
636 637 0
595 596 3
546 605 3
617 618 3
622 623 3
625 626 3
574 632 3
618 619 3
623 624 3
613 672 3
556 672 3
629 630 3
609 611 3
558 676 3
631 632 3
603 605 3
615 676 3
633 634 3
599 601 3
615 672 3
617 676 3
632 633 3
619 678 3
620 678 3
645 703 3
615 674 3
674 676 3
637 694 3
585 644 3
599 658 3
599 659 3
601 659 3
605 662 3
609 668 3
611 668 3
636 694 3
594 652 3
658 659 3
603 661 3
603 662 3
637 695 3
644 645 3
593 651 3
595 652 3
602 659 3
602 661 3
605 663 3
606 663 3
694 695 3
644 703 3
592 651 3
608 667 3
621 678 3
623 682 3
624 682 3
606 664 3
607 664 3
609 667 3
631 689 3
632 689 3
582 640 3
583 640 3
583 642 3
584 642 3
597 656 3
597 657 3
599 657 3
618 677 3
619 677 3
621 679 3
634 693 3
635 693 2
581 639 3
590 649 3
591 649 3
591 650 3
592 650 3
596 654 2
656 657 3
657 658 3
661 662 3
662 663 3
618 676 3
678 679 3
627 685 3
629 688 3
630 688 3
636 693 3
580 639 3
582 639 3
597 654 3
608 666 3
626 685 3
628 687 3
629 687 3
634 692 3
580 638 3
583 641 3
585 643 3
589 647 3
590 648 3
650 651 3
595 653 2
596 653 2
597 655 3
602 660 3
607 666 3
611 669 3
612 669 3
612 670 3
612 671 3
613 671 3
622 680 3
625 683 3
626 684 3
631 688 3
632 690 3
633 691 3
692 693 3
638 639 3
642 643 3
643 644 3
588 647 3
647 648 3
649 650 3
651 652 3
653 654 3
655 656 3
659 660 3
660 661 3
666 667 3
667 668 3
669 670 3
615 792 3
675 676 3
677 678 3
621 680 3
623 680 3
625 682 3
683 684 3
689 690 3
690 691 3
634 691 3
693 694 3
639 640 3
640 641 3
641 642 3
654 655 3
663 664 3
668 669 3
670 671 3
671 672 3
672 792 3
674 675 3
679 680 3
682 683 3
684 685 3
628 685 3
691 692 3
588 645 3
648 649 3
680 682 3
588 646 3
652 653 3
676 677 3
685 687 3
676 736 3
677 736 3
687 688 3
688 689 3
645 646 3
664 666 3
682 741 3
641 699 3
680 741 3
642 699 3
674 792 3
646 704 3
643 700 3
646 647 3
642 700 3
672 731 3
731 792 3
676 734 3
678 736 3
675 734 3
687 745 3
643 701 3
666 723 3
735 736 3
739 741 3
685 745 3
644 701 3
655 713 3
664 723 3
676 735 3
680 739 3
683 741 3
654 713 3
656 713 3
662 720 3
663 721 3
666 724 3
667 724 3
668 727 3
669 727 3
671 730 3
672 730 3
734 735 3
679 738 3
680 738 3
646 703 3
650 708 2
661 720 3
663 720 3
664 721 3
669 728 3
670 728 3
683 802 3
693 751 3
694 751 3
651 708 2
651 709 2
656 715 3
660 719 3
661 719 3
720 721 3
668 726 3
726 727 3
740 741 3
741 802 3
689 748 3
690 748 3
692 750 3
694 752 3
695 752 3
695 753 3
638 696 3
639 697 3
699 700 3
644 702 3
647 705 2
648 705 2
648 706 2
649 707 2
649 708 2
652 709 2
654 712 3
656 714 3
657 715 3
658 715 3
667 726 3
792 851 3
739 740 3
688 746 3
691 748 3
693 750 3
696 697 3
701 702 3
702 703 3
703 704 3
647 704 2
649 706 2
707 708 3
719 720 3
664 722 3
723 724 3
667 725 3
727 728 3
671 728 3
678 737 3
684 802 3
691 750 3
750 751 3
639 698 3
700 701 3
705 706 3
652 710 2
653 711 3
714 715 3
722 723 3
724 725 3
725 726 3
736 737 3
679 737 3
745 746 3
697 698 3
640 698 3
706 707 3
709 710 3
712 713 3
713 714 3
660 718 3
721 722 3
738 739 3
691 749 3
752 753 3
641 698 3
704 705 3
652 711 1
659 715 3
659 718 3
718 719 3
730 731 3
675 792 3
737 738 3
689 746 3
748 749 3
749 750 3
751 752 3
698 699 3
659 775 3
685 802 3
708 709 3
710 711 3
711 712 3
715 775 3
718 775 3
802 804 3
689 747 3
728 730 3
734 792 3
746 747 3
747 748 3
731 790 3
790 792 3
736 794 3
737 794 3
800 802 3
728 787 3
730 787 3
735 794 3
741 800 3
745 804 1
715 774 3
685 804 3
749 809 3
702 704 2
710 768 3
774 775 3
737 795 3
714 773 3
715 773 3
794 795 3
701 759 2
741 799 3
747 806 3
700 759 2
711 768 3
773 774 3
721 779 3
730 789 3
791 792 3
740 799 3
746 806 3
712 771 3
713 771 3
722 779 3
731 789 3
790 791 3
791 851 3
737 739 3
801 802 3
698 756 3
699 757 3
702 760 2
704 760 3
711 769 3
712 770 3
714 772 3
772 773 3
724 782 3
725 782 3
728 786 3
800 801 3
748 806 3
750 809 1
697 756 3
698 757 3
704 761 3
706 764 3
707 764 3
708 766 3
709 766 3
769 770 3
770 771 3
771 772 3
718 777 3
719 777 3
722 781 3
723 781 3
723 782 3
727 785 3
727 786 3
734 851 1
737 858 3
739 858 3
749 806 3
696 754 3
697 755 3
701 760 2
707 766 3
709 767 3
710 767 3
720 778 3
726 784 3
726 785 3
734 793 3
735 793 3
799 800 3
746 804 1
749 807 3
751 809 1
752 809 1
754 755 3
700 757 3
704 762 3
705 764 3
707 765 3
719 778 3
778 779 3
725 784 3
793 794 3
755 756 3
700 758 2
759 760 3
760 761 3
765 766 3
766 767 3
767 768 3
768 769 3
786 787 3
737 796 3
796 858 3
756 757 3
758 759 3
764 765 3
781 782 3
785 786 3
807 809 3
808 809 3
757 758 3
761 762 3
704 764 3
777 778 3
784 785 3
789 790 3
793 851 1
804 805 3
807 808 3
795 796 3
739 799 3
804 806 0
806 807 3
753 811 1
762 764 3
718 834 3
779 781 3
787 789 3
809 810 3
752 810 1
775 834 3
799 858 3
753 810 1
777 834 3
805 806 0
804 861 3
802 861 3
805 861 3
810 811 3
725 841 3
796 855 3
855 858 3
782 841 3
850 851 3
784 841 3
789 846 3
791 850 3
799 918 3
762 821 3
764 821 3
787 846 3
858 918 3
769 827 3
789 848 3
790 848 3
795 854 3
796 854 3
764 822 3
765 822 3
768 827 3
770 827 3
801 860 3
802 860 3
805 864 3
806 864 1
806 865 1
807 865 1
777 835 3
778 835 3
800 918 3
860 861 3
821 822 3
774 833 3
775 833 3
779 838 3
781 838 3
809 868 3
810 868 3
811 868 3
762 820 3
774 832 3
833 834 3
791 849 3
856 858 3
805 863 3
864 865 3
820 821 3
767 825 3
772 830 3
773 832 3
784 842 3
790 849 3
794 853 3
855 856 3
861 863 3
756 814 1
760 818 3
761 818 3
768 825 3
773 830 3
779 837 3
785 842 3
794 851 1
795 853 3
865 866 3
754 812 1
755 813 1
757 814 1
757 815 1
759 817 3
765 823 3
766 824 3
768 826 3
770 828 3
771 829 3
773 831 3
832 833 3
778 837 3
781 839 3
782 840 3
785 843 3
786 844 3
787 845 3
794 852 1
812 813 3
813 814 3
758 815 3
758 817 3
760 817 3
823 824 3
824 825 3
826 827 3
827 828 3
828 829 3
829 830 3
830 831 3
831 832 3
778 836 3
837 838 3
839 840 3
840 841 3
841 842 3
843 844 3
844 845 3
845 846 3
851 852 3
853 854 3
854 855 3
800 919 3
814 815 3
817 818 3
822 823 3
825 826 3
834 835 3
835 836 3
836 837 3
838 839 3
842 843 3
848 849 3
852 853 0
918 919 3
811 869 1
846 848 3
849 850 3
856 918 3
861 862 3
863 864 3
807 866 1
808 866 1
868 869 1
761 820 3
800 860 3
862 863 3
808 868 3
808 867 1
815 817 3
761 877 3
860 919 3
866 867 3
818 877 3
820 877 3
853 911 1
868 927 1
852 911 3
808 927 1
915 918 3
856 915 3
815 874 3
817 874 3
916 918 3
867 927 3
848 905 3
915 916 3
815 873 3
846 905 3
851 909 2
866 924 3
873 874 3
852 909 2
867 924 3
848 907 3
849 907 3
925 927 3
869 927 3
823 882 3
834 892 3
835 892 3
911 912 3
863 922 3
864 922 3
814 872 3
818 876 3
824 882 3
849 908 3
850 908 3
850 909 3
815 872 3
876 877 3
820 878 3
821 878 3
855 913 3
863 921 3
867 925 3
813 872 3
837 895 3
854 913 3
862 921 3
812 871 3
813 871 3
817 875 3
817 876 3
823 881 3
881 882 3
833 892 3
835 894 3
836 894 3
836 895 3
812 870 3
871 872 3
872 873 3
821 879 3
822 880 3
822 881 3
825 883 3
826 884 3
827 885 3
828 886 3
829 887 3
830 888 3
831 889 3
831 890 3
832 890 3
833 891 3
838 895 3
838 896 3
839 896 3
839 897 3
840 898 3
841 898 3
841 899 3
842 900 3
843 901 3
844 902 3
845 903 3
846 904 3
848 965 3
907 908 3
854 911 1
856 914 3
914 915 3
926 927 3
870 871 3
874 875 3
875 876 3
878 879 3
879 880 3
882 883 3
883 884 3
884 885 3
885 886 3
886 887 3
887 888 3
888 889 3
890 891 3
891 892 3
895 896 3
897 898 3
898 899 3
899 900 3
900 901 3
901 902 3
902 903 3
903 904 3
904 905 3
907 965 3
909 910 3
852 910 3
913 914 3
917 918 3
861 919 3
921 922 3
925 926 3
889 890 3
905 965 3
916 917 3
917 919 3
865 924 3
924 925 3
880 881 3
864 924 3
877 878 3
896 897 3
910 911 3
908 909 3
861 920 3
862 920 3
894 895 3
861 979 1
920 979 1
911 913 0
919 979 3
920 921 3
922 924 3
892 894 3
964 965 3
905 964 3
912 913 0
919 976 3
922 981 3
924 981 3
917 976 3
924 982 3
892 951 3
894 951 3
981 982 3
913 971 1
978 979 3
912 971 3
919 978 3
925 982 3
921 979 1
892 950 3
912 970 3
907 966 3
908 966 3
911 969 3
911 970 3
871 930 3
872 930 3
874 932 3
875 932 3
876 935 3
877 935 3
950 951 3
905 963 3
908 967 3
909 967 3
910 969 3
914 973 3
915 973 3
915 974 3
916 974 3
919 977 3
872 931 3
873 931 3
873 932 3
876 934 3
878 935 3
888 947 3
889 947 3
895 953 3
896 953 3
897 955 3
904 962 3
905 962 3
963 964 3
976 977 3
977 978 3
870 928 3
871 929 3
930 931 3
934 935 3
878 936 3
879 937 3
880 938 3
881 939 3
882 940 3
883 941 3
884 942 3
885 943 3
886 944 3
890 948 3
891 949 3
894 953 3
896 954 3
896 955 3
898 956 3
899 957 3
900 958 3
901 959 3
902 960 3
903 961 3
910 968 3
925 983 3
927 985 2
928 929 3
929 930 3
931 932 3
875 934 3
936 937 3
937 938 3
881 938 3
939 940 3
940 941 3
941 942 3
942 943 3
943 944 3
887 944 3
887 946 3
888 946 3
947 948 3
948 949 3
892 949 3
954 955 3
955 956 3
956 957 3
957 958 3
958 959 3
959 960 3
960 961 3
961 962 3
962 963 3
966 967 3
968 969 3
922 979 1
982 983 3
926 983 3
926 985 3
953 954 3
909 968 3
969 970 3
914 971 1
917 974 3
917 975 3
922 980 1
935 936 3
946 947 3
970 971 3
973 974 3
979 980 3
949 950 3
967 968 3
938 939 3
965 966 3
971 973 0
974 975 3
975 976 3
980 981 0
983 985 3
932 934 3
973 1030 1
981 1039 1
985 1042 3
887 1003 3
946 1003 3
894 1010 3
953 1010 3
971 1030 3
980 1039 3
983 1042 3
944 1003 3
950 1008 3
951 1010 3
951 1008 3
966 1024 3
965 1023 3
965 1024 3
932 991 3
964 1023 3
934 991 3
963 1022 3
964 1022 3
967 1025 3
968 1025 3
969 1027 3
932 990 3
946 1004 3
947 1004 3
957 1015 3
962 1021 3
963 1021 3
966 1025 3
968 1027 3
977 1035 3
978 1035 3
982 1039 1
931 990 3
935 993 3
938 996 3
939 997 3
949 1007 3
953 1011 3
956 1015 3
968 1026 3
975 1033 3
976 1035 3
978 1036 3
982 1040 3
985 1043 3
930 988 3
931 988 3
936 993 3
937 995 3
937 996 3
938 997 3
940 998 3
941 998 3
948 1006 3
950 1007 3
953 1012 3
954 1012 3
960 1018 3
1024 1025 3
1025 1026 3
970 1028 3
974 1033 3
976 1033 3
1035 1036 3
979 1036 3
1039 1040 0
928 986 3
929 987 3
929 988 3
934 992 3
936 995 3
940 997 3
942 1000 3
943 1001 3
944 1002 3
947 1006 3
951 1009 3
1010 1011 3
1011 1012 3
955 1013 3
955 1014 3
956 1014 3
958 1016 3
959 1018 3
961 1019 3
962 1020 3
969 1028 3
971 1029 3
973 1032 3
974 1032 3
976 1034 3
979 1037 3
980 1038 3
983 1041 3
986 987 3
987 988 3
990 991 3
935 992 3
996 997 3
941 1000 3
1000 1001 3
1001 1002 3
948 1007 3
1008 1009 3
1009 1010 3
1012 1013 3
1013 1014 3
1014 1015 3
1015 1016 3
959 1016 3
1018 1019 3
1019 1020 3
1021 1022 3
1022 1023 3
1028 1029 3
1029 1030 3
1033 1034 3
1037 1038 3
1038 1039 3
1040 1041 3
1041 1042 3
1002 1003 3
1003 1004 3
1023 1024 3
1027 1028 3
1034 1035 3
991 992 3
1020 1021 3
1026 1027 3
1036 1037 3
993 995 3
995 996 3
997 998 3
1030 1032 0
1032 1033 3
1042 1043 3
992 993 3
1006 1007 3
1007 1008 3
1004 1006 3
988 990 3
1016 1018 3
