0 1 3
1 2 3
2 3 3
3 4 3
4 5 3
5 6 3
6 7 3
7 8 3
8 9 3
9 10 3
10 11 3
11 12 3
12 13 3
13 130 3
15 130 3
15 16 3
16 17 3
17 18 3
18 19 3
19 20 3
20 21 3
21 22 3
22 24 3
24 25 3
25 26 3
26 27 3
27 28 3
28 29 3
29 30 3
30 31 3
31 32 3
32 33 3
33 34 3
34 35 3
35 36 3
36 37 3
37 38 3
38 39 3
39 40 3
40 41 3
41 42 3
42 43 3
43 44 3
44 45 3
45 46 3
46 47 3
47 48 3
48 49 3
49 50 3
50 51 1
51 52 3
52 53 3
53 54 3
54 55 0
55 56 3
56 57 3
15 73 3
73 130 3
13 70 3
12 70 3
24 81 3
22 81 3
21 80 3
22 80 3
24 82 3
37 96 3
25 82 3
38 96 3
39 96 3
53 111 3
54 111 3
1 60 3
2 60 3
3 62 3
11 70 3
41 99 3
55 113 3
56 113 3
57 115 3
4 62 3
11 69 3
13 71 3
29 87 3
34 92 3
35 92 3
36 94 3
40 98 3
41 98 3
42 99 3
45 103 3
47 105 3
48 105 3
51 109 3
52 109 3
56 115 3
0 58 3
1 59 3
3 61 3
5 63 3
6 63 3
6 64 3
7 65 3
8 65 3
8 66 3
9 66 3
9 67 3
10 67 3
10 68 3
10 69 3
71 130 3
17 75 3
20 78 3
21 79 3
25 83 3
26 84 3
27 85 3
28 86 3
28 87 3
30 88 3
31 89 3
32 90 3
33 91 3
35 93 3
36 93 3
37 94 3
37 95 3
96 97 3
39 97 3
42 100 3
43 101 3
43 102 3
44 102 3
46 103 3
46 104 3
46 105 3
48 106 3
49 107 3
50 108 3
52 110 3
53 110 3
54 112 3
56 114 3
58 59 3
59 60 3
60 61 3
61 62 3
64 65 3
69 70 3
70 71 3
16 74 3
16 75 3
18 75 3
19 78 3
78 79 3
80 81 3
83 84 3
84 85 3
85 86 3
87 88 3
88 89 3
89 90 3
90 91 3
91 92 3
95 96 3
97 98 3
99 100 3
42 101 3
105 106 3
106 107 3
49 108 3
108 109 1
109 110 3
55 112 1
63 64 3
67 68 3
68 69 3
15 74 3
79 80 3
82 83 3
92 93 3
93 94 3
94 95 3
98 99 3
100 101 3
101 102 3
45 102 3
104 105 3
110 111 3
111 112 3
5 62 3
65 66 3
66 67 3
18 76 3
19 76 3
81 82 3
86 87 3
112 113 0
113 114 3
73 74 3
107 108 3
114 115 3
62 63 3
74 75 3
103 104 3
19 77 3
102 103 3
75 76 3
76 77 3
77 78 3
66 124 3
80 138 3
104 162 3
111 169 3
65 124 3
81 138 3
102 160 3
105 162 3
110 169 3
67 126 3
68 126 3
59 117 3
64 122 3
65 122 3
67 124 3
81 139 3
82 141 3
83 141 3
91 149 3
92 150 3
101 159 3
102 159 3
107 165 3
113 172 3
114 172 3
60 117 3
61 120 3
62 120 3
74 133 3
75 133 3
138 139 3
149 150 3
96 154 3
98 157 3
99 157 3
105 163 3
108 165 3
112 169 3
112 170 3
113 171 3
58 116 3
60 118 3
63 121 3
65 123 3
69 127 3
82 140 3
84 142 3
85 143 3
86 144 3
87 145 3
88 146 3
89 147 3
90 148 3
93 151 3
94 152 3
95 153 3
97 155 3
98 156 3
100 158 3
103 162 3
106 164 3
108 166 3
109 167 0
109 168 3
110 168 3
113 170 1
171 172 3
115 173 3
116 117 3
117 118 3
61 118 3
61 119 3
62 121 3
121 122 3
122 123 3
126 127 3
70 127 3
70 186 3
78 136 3
79 136 3
139 140 3
141 142 3
142 143 3
143 144 3
144 145 3
145 146 3
146 147 3
147 148 3
148 149 3
150 151 3
151 152 3
152 153 3
153 154 3
154 155 3
155 156 3
157 158 3
158 159 3
163 164 3
164 165 3
165 166 3
166 167 3
168 169 3
170 171 0
115 172 3
118 119 3
119 120 3
120 121 3
123 124 3
127 186 3
71 186 3
71 129 3
156 157 3
103 160 3
172 173 3
129 130 3
76 133 3
77 136 3
103 161 3
167 168 1
169 170 3
140 141 3
161 162 3
162 163 3
129 186 3
129 187 3
79 195 3
80 195 3
67 183 3
159 160 3
126 183 3
74 131 3
74 191 3
136 195 3
73 131 3
133 191 3
138 195 3
124 183 3
160 218 3
160 161 3
161 218 3
131 189 3
74 189 3
76 134 3
77 134 3
138 196 3
74 190 3
195 196 3
130 188 3
73 188 3
139 196 3
123 181 3
129 188 3
159 218 3
122 181 3
131 188 3
133 134 3
117 176 3
118 176 3
119 177 3
120 177 3
126 184 3
77 194 3
136 194 3
151 209 3
152 209 3
154 213 3
155 213 3
162 220 3
162 221 3
163 221 3
172 230 3
173 230 3
183 184 3
189 190 3
142 200 3
156 214 3
157 214 3
161 219 3
161 220 3
163 222 3
164 222 3
168 226 3
169 227 3
116 174 3
117 175 3
120 178 3
121 179 3
121 180 3
122 180 3
124 181 3
124 182 3
127 185 3
190 191 3
139 197 3
140 198 3
141 199 3
141 200 3
143 201 3
144 202 3
145 203 3
146 204 3
147 205 3
148 206 3
149 207 3
150 208 3
152 210 3
157 215 3
158 216 3
159 217 3
218 219 3
219 220 3
165 223 3
166 224 3
167 225 3
226 227 3
170 227 3
170 229 0
171 229 3
173 231 3
174 175 3
175 176 3
176 177 3
177 178 3
178 179 3
179 180 3
180 181 3
181 182 3
182 183 3
127 184 3
185 186 3
197 198 3
198 199 3
200 201 3
201 202 3
202 203 3
203 204 3
204 205 3
205 206 3
206 207 3
207 208 3
208 209 3
153 210 3
213 214 3
215 216 3
216 217 3
217 218 3
222 223 3
223 224 3
224 225 3
225 226 1
229 230 3
230 231 3
184 185 3
186 187 3
196 197 3
199 200 3
154 212 3
214 215 3
220 221 3
221 222 3
227 229 0
209 210 3
210 268 3
153 268 3
153 212 3
212 213 3
212 268 3
187 188 3
188 247 3
131 247 3
77 251 3
134 251 3
77 252 3
134 191 3
251 252 3
194 252 3
189 247 3
194 195 3
186 244 3
185 244 3
227 286 0
229 286 3
220 277 3
195 252 3
134 192 3
192 251 3
219 277 3
185 243 3
189 248 3
196 252 3
221 279 3
179 237 3
243 244 3
187 245 3
188 245 3
190 248 3
210 267 3
220 279 3
180 237 3
184 243 3
205 263 3
207 265 3
209 267 3
212 270 3
215 273 3
224 282 3
180 238 3
184 242 3
186 245 3
196 254 3
197 254 3
203 261 3
204 261 3
204 262 3
206 263 3
208 265 3
208 266 3
209 266 3
213 270 3
214 273 3
223 282 3
226 284 3
230 288 3
231 288 3
174 232 3
175 233 3
176 234 3
177 235 3
178 236 3
181 238 3
181 239 3
182 240 3
183 240 3
197 255 3
198 256 3
199 257 3
200 258 3
201 259 3
202 260 3
206 264 3
268 270 3
213 271 3
214 272 3
216 274 3
217 275 3
218 275 3
220 278 3
222 280 3
223 281 3
225 283 3
227 284 3
229 287 3
231 289 3
232 233 3
233 234 3
234 235 3
235 236 3
236 237 3
237 238 3
238 239 3
239 240 3
183 242 3
188 246 3
191 248 3
252 254 3
255 256 3
256 257 3
257 258 3
258 259 3
259 260 3
260 261 3
261 262 3
262 263 3
264 265 3
267 268 3
271 272 3
273 274 3
274 275 3
218 276 3
218 277 3
280 281 3
281 282 3
282 283 3
283 284 1
286 287 3
287 288 3
246 247 3
254 255 3
266 267 3
272 273 3
275 276 3
277 278 3
278 279 3
221 280 3
242 243 3
244 245 3
245 246 3
263 264 3
265 266 3
270 271 3
288 289 3
240 242 3
247 248 3
279 280 3
276 277 3
240 299 3
242 299 3
248 365 3
191 365 3
244 302 3
192 365 3
191 192 3
267 326 3
268 326 3
247 305 3
268 327 3
284 343 3
227 343 3
270 327 3
286 343 1
252 311 3
254 311 3
248 306 3
276 335 3
277 335 3
286 344 3
240 298 3
244 301 3
306 365 3
192 308 3
251 308 3
343 344 0
298 299 3
243 301 3
301 302 0
262 320 3
277 336 3
278 336 3
238 297 3
239 297 3
242 301 3
257 315 3
263 320 3
266 325 3
267 325 3
234 293 3
235 293 3
245 303 3
256 315 3
266 324 3
270 328 3
271 328 3
281 340 3
282 340 3
287 344 3
237 295 3
240 297 3
244 303 3
246 303 3
246 304 3
247 304 3
252 310 3
261 320 3
265 324 3
326 327 3
272 330 3
273 330 3
275 333 3
232 290 3
233 291 3
234 292 3
236 294 3
236 295 3
238 296 3
242 300 3
302 303 3
247 306 3
254 312 3
255 313 3
256 313 3
258 316 3
259 317 3
260 318 3
261 319 3
263 321 3
264 322 3
265 323 3
327 328 3
271 329 3
273 331 3
273 332 3
274 332 3
276 333 3
335 336 3
279 337 3
280 338 3
281 339 3
283 341 3
284 341 0
287 345 3
288 346 3
290 291 3
291 292 3
293 294 3
294 295 3
295 296 3
296 297 3
299 300 3
300 301 3
311 312 3
312 313 3
256 314 3
257 316 3
316 317 3
317 318 3
318 319 3
319 320 3
321 322 3
322 323 3
323 324 3
324 325 3
325 326 3
329 330 3
330 331 3
331 332 3
332 333 3
276 334 3
336 337 3
279 338 3
338 339 3
339 340 3
282 341 3
284 342 3
345 346 3
289 346 3
297 298 3
304 305 3
310 311 3
314 315 3
320 321 3
328 329 3
333 334 3
334 335 3
341 342 1
342 343 3
344 345 3
292 293 3
305 306 3
337 338 3
340 341 3
303 304 3
308 365 3
251 367 3
313 314 3
315 316 3
308 367 3
297 355 3
298 355 3
335 392 3
296 355 3
328 386 3
334 392 3
289 405 3
311 369 3
327 386 3
346 405 3
299 357 3
303 361 3
251 310 3
310 369 3
300 357 3
301 359 3
304 362 3
305 362 3
319 376 3
328 387 3
329 387 3
339 397 3
340 397 3
343 401 3
296 354 3
298 356 3
299 356 3
302 359 1
304 361 3
312 369 3
318 376 3
337 395 3
342 401 3
344 401 1
294 353 3
295 353 3
295 354 3
354 355 3
355 356 3
305 363 3
314 372 3
316 373 3
338 395 3
290 348 3
291 349 3
291 350 3
292 350 3
293 351 3
300 358 3
302 360 3
302 361 3
361 362 3
362 363 3
306 364 3
312 370 3
313 372 3
315 372 3
315 373 3
316 374 3
317 375 3
319 377 3
320 378 3
321 379 3
322 380 3
323 381 3
324 382 3
325 383 3
326 384 3
327 385 3
330 388 3
332 390 3
333 391 3
334 391 3
335 393 3
336 393 3
336 394 3
336 395 3
338 396 3
340 398 3
341 398 3
341 399 3
344 402 3
345 403 3
346 404 3
348 349 3
350 351 3
294 351 3
358 359 3
359 360 0
360 361 3
363 364 3
313 370 3
313 371 3
374 375 3
375 376 3
376 377 3
377 378 3
378 379 3
379 380 3
380 381 3
381 382 3
382 383 3
383 384 3
384 385 3
385 386 3
386 387 3
387 388 3
331 388 3
331 389 3
332 389 3
390 391 3
396 397 3
397 398 3
398 399 3
342 399 0
342 400 3
344 403 3
345 404 3
357 358 3
370 371 3
388 389 3
392 393 3
394 395 3
399 400 1
402 403 3
403 404 3
349 350 3
353 354 3
369 370 3
401 402 0
356 357 3
310 367 3
371 372 3
373 374 3
389 390 3
391 392 3
393 394 3
395 396 3
400 401 3
404 405 3
364 365 3
351 353 3
310 426 3
369 426 3
401 460 0
402 460 3
351 409 3
353 409 3
356 415 3
365 367 3
355 413 3
357 415 3
409 410 3
365 424 3
367 424 3
356 413 3
367 426 3
353 410 3
377 435 3
364 423 3
365 423 3
376 435 3
423 424 3
385 444 3
386 444 3
394 452 3
378 436 3
391 450 3
392 450 3
393 451 3
395 452 3
398 457 3
399 457 3
353 411 3
354 411 3
357 416 3
358 416 3
360 417 1
362 420 3
372 430 3
374 432 3
377 436 3
392 451 3
349 407 3
350 407 3
354 412 3
359 417 3
361 420 3
370 428 3
371 430 3
373 431 3
375 432 3
379 436 3
400 458 3
405 463 3
348 406 3
350 408 3
350 409 3
355 412 3
413 414 3
356 414 3
360 418 3
361 418 3
361 419 3
363 420 3
363 421 3
364 421 3
369 427 3
371 428 3
372 431 3
315 431 3
375 433 3
380 438 3
380 439 3
381 439 3
382 440 3
383 441 3
384 442 3
385 443 3
387 445 3
388 446 3
390 448 3
391 449 3
395 453 3
396 454 3
397 455 3
397 456 3
398 456 3
401 458 3
401 459 3
403 461 3
404 461 3
404 462 3
404 463 3
406 407 3
411 412 3
414 415 3
416 417 3
367 425 3
426 427 3
427 428 3
431 489 1
431 432 3
432 433 3
376 433 3
376 434 3
435 436 3
379 438 3
439 440 3
440 441 3
441 442 3
442 443 3
443 444 3
387 444 3
445 446 3
389 446 3
389 448 3
391 448 3
449 450 3
453 454 3
454 455 3
457 458 1
460 461 3
461 462 3
412 413 3
418 419 3
419 420 3
364 422 3
424 425 3
371 429 3
430 431 3
433 434 3
444 445 3
450 451 3
394 451 3
452 453 3
456 457 3
458 459 3
462 463 3
415 416 3
421 422 3
428 429 3
379 437 3
455 456 3
459 460 0
407 408 3
410 411 3
436 437 3
437 438 3
446 447 3
389 447 3
420 421 3
447 448 3
429 430 3
434 435 3
438 439 3
451 452 3
408 409 3
448 449 3
415 473 3
417 418 0
425 426 3
457 515 3
416 473 3
422 423 3
435 493 3
436 493 3
417 475 3
421 480 3
422 480 3
418 475 1
460 518 3
413 472 3
414 472 3
434 493 3
451 509 3
459 518 0
410 469 3
411 469 3
426 484 1
441 499 3
441 500 3
442 500 3
451 510 3
408 466 3
412 469 3
412 470 3
412 471 3
413 471 3
416 474 3
417 474 3
426 485 1
427 485 1
428 486 3
429 486 3
437 493 3
440 499 3
443 501 3
444 501 3
452 510 3
459 517 3
517 518 0
406 464 3
407 465 3
407 466 3
409 466 3
415 472 3
484 485 2
442 501 3
450 508 3
451 508 3
453 511 3
454 512 3
455 513 3
456 514 3
457 514 3
458 516 3
460 519 3
461 519 3
462 520 3
463 520 3
463 521 3
464 465 3
465 466 3
469 470 3
473 474 3
421 537 3
424 483 2
425 483 2
425 484 1
428 485 2
432 434 3
449 508 3
509 510 3
452 511 3
453 512 3
512 513 3
515 516 1
516 517 3
461 520 3
410 526 3
471 472 3
510 511 3
511 512 3
456 513 3
518 519 3
519 520 3
520 521 3
409 467 3
409 526 3
469 526 3
472 473 3
474 475 3
423 481 3
434 491 1
500 501 3
467 526 3
470 471 3
480 537 3
422 481 3
424 481 3
485 486 2
430 488 1
431 488 1
431 490 1
432 490 1
432 491 1
434 492 1
492 493 0
508 509 3
514 515 3
481 483 3
429 488 1
490 491 3
493 494 1
437 494 1
439 499 3
499 500 3
445 447 3
513 514 3
420 478 1
486 488 1
488 489 0
489 490 3
491 492 3
445 501 3
448 508 3
419 478 1
421 478 1
483 484 1
448 505 1
448 506 1
466 467 3
501 503 1
445 503 1
447 505 1
506 508 0
508 566 1
418 478 1
447 503 1
505 506 3
475 476 1
418 476 1
503 505 3
418 477 1
477 478 3
480 481 3
490 548 3
491 548 3
438 496 1
439 496 1
496 499 0
476 477 3
437 496 1
499 556 1
492 494 1
496 556 3
478 537 3
501 560 1
509 566 1
494 496 2
508 565 1
496 554 3
503 560 3
506 565 0
481 540 3
488 546 3
489 546 1
496 555 3
477 536 3
491 550 3
555 556 3
565 566 2
510 568 3
511 568 3
511 569 3
512 569 3
476 536 2
484 542 3
485 542 2
492 550 3
505 563 3
509 567 3
517 576 0
518 576 3
466 524 3
466 525 3
467 525 3
478 536 3
486 545 3
488 545 0
496 553 3
554 555 3
499 558 3
503 563 3
506 563 2
566 567 0
517 575 3
519 576 3
519 577 3
465 524 3
471 529 3
472 529 3
483 540 3
485 544 2
548 549 3
491 549 3
492 551 1
494 551 3
500 558 3
516 575 3
520 577 3
464 522 3
465 523 3
469 527 3
469 528 3
470 528 3
473 531 2
545 546 1
489 547 3
494 553 2
499 557 1
501 558 3
501 559 1
563 564 0
506 564 0
512 570 3
513 571 3
514 572 3
515 573 3
516 574 3
520 578 3
520 579 3
521 579 3
522 523 3
526 527 3
528 529 3
472 531 2
474 532 1
475 532 1
483 541 3
490 547 3
549 550 3
558 559 1
559 560 3
503 561 0
567 568 3
570 571 3
571 572 3
572 573 3
573 574 1
574 575 3
576 577 3
577 578 3
523 524 3
524 525 3
542 544 3
485 545 2
546 547 0
494 552 3
556 557 3
557 558 0
560 561 0
564 565 3
568 569 3
575 576 0
578 579 3
525 526 3
474 531 2
476 532 1
547 548 3
550 551 1
551 552 3
552 553 3
569 570 3
483 542 2
544 545 3
563 621 0
529 531 2
531 532 2
540 541 3
553 554 3
562 563 1
576 634 3
527 528 3
529 530 1
530 531 0
476 592 3
541 542 3
575 634 0
536 537 3
503 562 0
532 592 0
481 597 2
540 597 3
561 562 2
480 597 2
532 591 2
535 536 3
591 592 3
476 535 3
564 621 1
566 624 3
544 601 3
554 612 3
555 612 3
535 592 3
480 596 2
542 601 2
550 609 1
553 612 3
532 590 3
596 597 3
542 600 2
551 609 3
537 596 2
600 601 3
529 587 1
530 587 2
541 600 3
558 616 1
565 623 3
569 627 3
549 607 3
555 613 3
555 614 3
556 614 3
557 616 2
559 617 3
560 617 3
564 623 1
567 625 1
570 627 3
574 632 3
575 632 3
524 582 3
525 582 3
531 589 3
532 589 3
540 599 3
541 599 3
544 602 3
545 603 1
546 604 3
548 607 3
552 610 3
613 614 3
557 614 3
557 615 3
562 621 1
566 623 3
566 625 3
568 627 3
577 635 2
578 636 3
522 580 3
523 581 3
525 583 3
526 583 3
526 584 3
527 584 3
528 587 1
530 589 2
589 590 3
544 603 1
545 604 1
553 610 3
553 611 3
612 613 3
615 616 2
559 616 2
560 618 3
568 626 3
570 628 3
571 629 3
572 630 3
573 631 3
575 633 3
579 636 3
580 581 3
524 581 3
527 585 3
602 603 1
546 662 3
552 609 3
611 612 3
561 618 1
623 624 3
625 626 0
626 627 3
627 628 3
628 629 3
629 630 3
573 630 3
631 632 1
632 633 3
633 634 0
634 635 1
635 636 0
579 695 3
581 582 3
584 585 3
528 585 3
530 588 2
535 593 3
547 662 1
614 615 3
616 617 2
617 618 3
624 625 3
630 631 3
528 586 1
586 587 3
588 589 3
592 593 3
536 593 3
601 602 3
547 606 3
548 606 3
550 607 3
610 611 3
636 695 3
583 584 3
590 591 3
536 594 3
537 594 3
603 604 3
585 586 1
587 588 3
594 596 2
599 600 3
606 607 3
550 608 3
609 610 3
582 583 3
607 608 3
608 609 3
561 619 1
562 619 1
564 680 1
604 662 3
618 619 3
562 679 1
597 655 3
540 655 3
633 692 0
634 692 3
584 642 3
621 679 3
623 680 3
593 594 3
599 655 3
547 721 2
621 680 3
585 642 3
596 655 3
662 721 3
619 679 3
596 653 3
655 656 3
599 656 3
581 639 3
594 653 2
596 654 3
603 661 3
583 642 3
653 654 3
547 664 3
606 664 3
623 681 3
624 681 3
588 647 2
599 658 3
600 658 3
664 721 3
618 676 3
619 676 3
583 641 3
589 647 2
589 648 2
599 657 3
608 667 3
609 667 3
624 683 3
625 683 3
590 648 3
593 651 3
615 674 3
616 674 0
630 688 3
581 640 3
582 640 3
641 642 3
647 648 3
592 651 3
594 651 3
601 659 3
610 668 3
627 685 3
592 650 3
602 659 3
609 668 3
611 668 3
611 669 3
612 669 3
612 670 3
614 672 3
617 674 0
626 684 3
626 685 3
635 693 0
635 694 0
636 694 3
580 638 3
582 641 3
587 645 3
587 646 3
588 646 2
590 649 3
591 649 3
591 650 3
658 659 3
602 661 1
608 723 3
613 670 3
613 672 3
615 673 3
617 675 3
618 675 3
676 677 3
619 677 3
681 682 3
624 682 3
684 685 3
628 686 3
629 687 3
631 689 3
632 690 3
633 691 3
638 639 3
640 641 3
586 701 3
646 647 3
650 651 3
603 662 3
667 668 3
668 669 3
613 671 3
672 673 3
673 674 3
675 676 3
682 683 3
625 684 0
685 686 3
686 687 3
630 687 3
630 689 2
689 690 1
690 691 3
691 692 0
692 693 2
693 694 0
639 640 3
586 642 0
587 701 2
648 649 3
649 650 3
656 657 3
657 658 3
602 660 3
670 671 3
677 679 3
679 680 3
688 689 2
586 643 3
645 646 3
659 660 3
660 661 3
669 670 3
687 688 3
694 695 3
644 701 0
587 644 1
671 672 3
680 681 3
644 645 0
651 653 2
642 643 1
654 655 3
674 675 1
643 701 3
606 608 3
608 724 3
608 664 3
723 724 3
667 724 2
661 662 3
664 723 3
683 684 0
651 710 2
653 712 3
654 712 3
653 710 3
655 713 3
649 706 3
656 713 3
661 719 3
648 706 3
653 711 3
657 714 3
677 735 3
679 735 3
679 737 3
649 707 3
656 714 3
680 737 3
650 707 3
710 711 3
655 712 3
676 735 3
680 739 3
681 739 3
685 743 3
686 743 3
694 753 3
695 753 3
640 698 3
646 705 3
647 705 3
647 706 3
664 722 3
670 728 3
639 697 3
639 698 3
650 708 3
657 715 3
657 716 3
658 716 3
659 717 3
722 723 3
668 726 3
673 731 3
684 743 3
688 746 3
689 747 3
694 752 1
638 696 3
641 698 3
644 702 3
645 703 3
646 704 3
651 709 2
713 714 3
714 715 3
660 719 3
721 722 3
667 726 3
669 726 3
672 731 3
674 731 3
674 732 1
675 732 3
675 734 3
676 734 3
735 736 3
679 736 3
680 738 3
681 740 3
682 740 3
683 740 3
683 800 3
684 742 3
743 744 3
686 744 3
687 745 3
687 746 3
690 748 3
691 749 3
693 751 1
696 697 3
642 701 3
645 704 3
705 706 3
709 710 3
715 716 3
716 717 3
660 717 3
662 719 2
662 720 2
669 727 3
736 737 3
737 738 3
738 739 3
684 800 1
744 745 3
745 746 3
746 747 2
747 748 1
748 749 3
692 751 1
694 751 1
752 753 0
704 705 3
707 708 3
726 727 3
670 727 3
671 729 3
672 730 3
731 732 1
734 735 3
742 743 3
697 698 3
645 702 1
703 704 3
711 712 3
670 729 3
672 729 3
730 731 3
739 740 3
692 750 3
751 752 3
702 703 0
706 707 3
712 713 3
719 720 3
692 749 1
750 751 1
651 708 3
720 721 3
683 741 3
742 800 1
701 702 1
708 709 3
727 728 3
728 729 3
729 730 3
740 741 3
741 800 3
642 759 3
701 759 3
717 719 3
732 734 3
667 783 2
726 783 2
641 759 2
724 783 3
719 776 3
723 781 3
641 758 1
722 781 3
724 781 3
758 759 0
717 776 3
749 750 0
734 791 3
736 794 3
641 757 3
757 758 1
720 778 3
732 791 3
735 794 3
719 778 3
698 757 3
719 777 3
720 779 3
740 798 3
741 798 3
703 762 3
704 762 3
708 766 2
777 778 3
721 779 3
726 784 2
740 797 3
742 801 2
743 801 2
707 766 2
709 766 3
710 768 3
783 784 3
734 792 3
737 794 3
739 797 3
744 802 2
745 803 2
698 756 3
705 762 3
707 765 2
709 768 3
711 768 3
711 769 3
712 769 3
714 772 3
778 779 3
730 788 2
731 788 2
732 790 3
735 792 3
738 797 3
743 802 2
745 802 2
746 804 2
748 806 3
756 757 3
765 766 3
709 767 3
712 770 3
713 770 3
713 771 3
713 772 3
714 773 3
715 773 3
716 774 0
717 775 2
776 777 3
724 782 3
728 786 3
730 787 3
731 790 1
791 792 3
735 793 3
737 795 3
738 795 3
738 796 3
741 799 3
747 804 2
747 805 2
747 806 1
749 806 3
749 807 3
751 809 3
752 809 3
767 768 3
768 769 3
772 773 3
773 774 0
774 775 1
775 776 1
722 779 3
782 783 3
727 786 3
729 786 3
729 787 2
731 789 2
792 793 3
796 797 3
797 798 3
802 803 3
803 804 3
750 807 1
750 809 1
696 754 3
766 767 3
770 771 3
771 772 3
722 780 3
780 781 3
788 789 3
793 794 3
794 795 3
795 796 3
798 799 3
799 800 3
800 801 0
752 810 3
697 754 3
697 756 3
705 763 3
779 780 3
781 782 3
786 787 3
801 802 3
804 805 3
806 807 3
809 810 3
753 810 1
762 763 3
706 763 3
769 770 3
787 788 3
697 755 3
703 761 3
789 790 1
755 756 3
702 761 0
761 762 3
727 784 2
805 806 1
754 755 3
790 791 3
750 808 3
784 786 3
807 808 0
808 809 1
758 817 0
706 822 2
759 817 2
765 822 3
784 843 3
786 843 3
803 805 3
702 759 2
763 822 3
775 833 1
786 844 3
702 820 0
761 820 3
781 839 3
843 844 3
791 850 3
757 816 1
758 816 3
789 847 3
790 847 0
792 850 3
754 812 3
755 812 3
776 834 3
778 836 3
779 836 3
779 838 3
780 838 3
780 839 3
791 849 3
807 866 0
809 868 3
810 868 3
759 818 3
702 818 2
762 820 3
763 821 3
769 827 3
788 847 3
790 849 3
849 850 3
808 866 2
810 869 3
816 817 0
821 822 3
770 827 3
775 834 1
777 834 3
788 846 3
801 859 3
805 863 3
806 863 0
817 818 3
820 821 3
768 827 3
773 831 3
774 833 1
782 839 3
787 846 3
846 847 3
797 856 3
798 856 3
799 856 3
799 857 3
801 858 1
802 859 3
755 813 3
765 824 3
766 824 3
767 825 3
768 826 3
770 828 3
771 828 3
772 830 3
774 832 1
833 834 3
777 835 3
777 836 3
779 837 3
837 838 3
783 841 3
784 842 3
787 844 3
787 845 3
793 851 3
794 851 3
795 854 3
796 854 3
797 855 3
856 857 3
800 857 3
800 858 3
802 860 3
806 864 3
807 865 3
812 813 3
755 814 3
756 814 3
757 815 3
765 823 3
824 825 3
768 825 3
826 827 3
827 828 3
771 830 3
773 830 3
831 832 3
832 833 3
834 835 3
835 836 3
836 837 3
782 841 3
841 842 3
842 843 3
844 845 3
845 846 3
794 852 3
795 852 3
854 855 3
855 856 3
803 860 3
803 861 3
864 865 3
865 866 0
813 814 3
815 816 1
822 823 3
823 824 3
830 831 3
792 851 3
795 853 3
860 861 3
805 861 3
809 866 0
825 826 3
847 906 3
851 852 3
852 853 3
853 854 3
858 859 0
859 860 3
863 864 1
757 814 3
838 839 3
782 898 3
841 898 3
790 906 0
866 868 2
818 820 3
839 898 3
850 851 3
857 858 3
868 869 3
814 815 3
861 863 3
771 887 3
828 887 3
830 887 3
850 908 3
868 925 1
818 877 3
820 877 3
820 878 3
821 878 3
837 895 3
851 908 3
864 922 0
866 925 2
814 872 3
817 875 3
836 895 3
815 872 3
818 875 3
821 880 3
841 899 3
847 905 3
822 880 3
827 885 3
828 885 3
838 896 3
839 896 3
842 899 3
846 905 3
849 908 3
858 917 0
859 917 3
863 922 3
815 873 3
815 874 1
816 874 3
877 878 3
828 886 3
839 897 3
845 904 3
846 904 3
905 906 3
855 913 3
855 914 3
856 914 3
857 915 3
857 916 3
858 916 3
859 918 3
860 918 3
861 920 3
863 920 3
812 870 3
813 870 3
813 871 3
872 873 3
818 876 3
823 881 3
824 882 3
825 883 3
826 884 3
886 887 3
830 888 3
831 889 3
832 890 3
833 891 3
834 891 3
834 892 3
835 893 3
836 894 3
898 899 3
842 900 3
843 901 3
844 901 3
844 902 3
844 903 3
845 903 3
851 909 3
852 910 3
853 911 3
854 912 3
856 915 3
860 919 3
861 919 3
866 924 2
869 927 1
870 871 3
871 872 3
873 874 1
880 881 3
881 882 3
882 883 3
883 884 3
884 885 3
887 888 3
888 889 3
889 890 3
832 891 3
892 893 3
893 894 3
895 896 3
899 900 3
843 900 3
902 903 3
904 905 3
909 910 3
910 911 3
911 912 3
912 913 3
913 914 3
915 916 3
863 921 3
865 924 3
868 927 1
816 875 0
876 877 3
885 886 3
891 892 3
894 895 3
897 898 3
903 904 3
849 907 2
917 918 3
924 925 3
890 891 3
896 897 3
900 901 3
901 902 3
908 909 3
914 915 3
919 920 3
874 875 3
875 876 3
916 917 0
918 919 3
920 921 3
878 880 3
911 969 3
910 969 3
925 927 3
921 922 3
849 906 2
907 908 3
924 982 3
865 923 3
864 923 3
923 924 3
922 923 2
923 982 3
880 937 3
917 976 3
918 976 3
878 937 3
919 977 3
906 907 3
907 966 3
908 966 3
917 975 3
918 977 3
875 933 3
876 933 3
877 936 3
886 945 3
887 945 3
906 965 3
975 976 3
976 977 3
921 979 3
871 930 3
872 930 3
874 932 2
875 932 3
878 936 3
880 938 3
885 943 3
897 956 3
898 956 3
907 965 3
909 967 3
920 979 3
922 980 3
923 980 3
925 983 2
873 930 3
881 938 3
884 943 3
899 957 3
900 958 3
904 962 3
910 967 3
914 972 3
915 972 3
917 974 3
920 977 3
924 983 2
886 944 3
888 947 3
889 947 3
891 949 3
892 949 3
893 951 3
894 953 3
895 953 3
897 955 3
898 957 3
957 958 3
903 962 3
905 964 3
906 964 3
909 966 3
913 971 3
914 971 3
915 974 3
916 974 3
920 978 3
870 928 3
871 929 3
873 931 3
874 931 2
877 935 3
881 939 3
882 939 3
882 941 3
883 941 3
884 942 3
885 944 3
888 946 3
890 948 3
892 951 3
894 951 3
896 954 3
896 955 3
901 959 3
902 960 3
903 960 3
903 961 3
905 963 3
910 968 3
912 970 3
915 973 3
978 979 3
925 985 3
927 985 3
928 929 3
929 930 3
935 936 3
937 938 3
941 942 3
942 943 3
943 944 3
945 946 3
947 948 3
891 948 3
895 954 3
956 957 3
958 959 3
959 960 3
960 961 3
961 962 3
962 963 3
963 964 3
964 965 3
966 967 3
968 969 3
969 970 3
970 971 3
971 972 3
973 974 3
974 975 3
977 978 3
923 981 3
946 947 3
955 956 3
967 968 3
972 973 3
921 980 3
981 982 3
982 983 3
931 932 3
936 937 3
938 939 3
944 945 3
954 955 3
979 980 3
932 933 3
980 981 3
983 985 3
930 931 3
876 935 3
949 951 3
953 954 3
965 966 3
933 991 3
876 991 3
876 992 3
948 949 3
935 992 3
949 1008 3
951 953 3
991 992 3
951 1008 3
939 941 3
985 1042 3
976 1034 3
977 1034 3
977 1036 3
978 1036 3
983 1042 3
953 1010 3
966 1025 3
967 1025 3
982 1040 3
951 1010 3
975 1034 3
939 998 3
941 998 3
953 1011 3
966 1024 3
981 1040 3
954 1011 3
965 1024 3
1024 1025 3
970 1028 3
937 995 3
956 1014 3
969 1027 3
969 1028 3
970 1029 3
971 1029 3
974 1033 3
981 1039 3
983 1040 3
938 995 3
941 999 3
942 1000 3
954 1013 3
955 1013 3
955 1014 3
971 1030 3
972 1030 3
977 1035 3
978 1037 3
979 1037 3
980 1037 3
980 1039 3
936 995 3
938 996 3
998 999 3
941 1000 3
943 1001 3
944 1001 3
951 1009 3
1013 1014 3
967 1026 3
968 1026 3
968 1027 3
973 1031 3
973 1032 3
974 1032 3
1034 1035 3
1039 1040 3
985 1043 3
928 986 3
929 987 3
930 988 3
931 989 3
932 990 3
933 990 3
935 993 3
936 994 3
939 996 3
942 1001 3
944 1003 3
945 1003 3
946 1004 3
947 1005 3
948 1006 3
948 1007 3
949 1007 3
1009 1010 3
954 1012 3
957 1015 3
958 1016 3
959 1017 3
960 1018 3
961 1019 3
962 1020 3
963 1021 3
964 1022 3
965 1023 3
1029 1030 3
1031 1032 3
975 1033 3
1035 1036 3
980 1038 3
1042 1043 3
986 987 3
987 988 3
988 989 3
989 990 3
993 994 3
994 995 3
999 1000 3
1003 1004 3
1004 1005 3
1005 1006 3
1008 1009 3
1011 1012 3
1012 1013 3
1014 1015 3
1015 1016 3
1016 1017 3
1017 1018 3
1018 1019 3
1019 1020 3
1020 1021 3
1021 1022 3
1022 1023 3
1023 1024 3
1027 1028 3
1028 1029 3
973 1030 3
1033 1034 3
1038 1039 3
1000 1001 3
1006 1007 3
1007 1008 3
1010 1011 3
1026 1027 3
1030 1031 3
1037 1038 3
990 991 3
992 993 3
995 996 3
1025 1026 3
1036 1037 3
1032 1033 3
1040 1042 3
996 998 3
