-0.07668254226 -0.01006725854 29.94150855
-0.07740235375 -0.001123466208 29.85107804
-0.07237854278 -0.02522848278 29.74874192
-0.06483073375 -0.00049077293 29.26557161
-0.06799608697 0.01216966857 28.94887712
-0.04042958206 0.01171078923 26.19908546
-0.06960833456 0.01719738982 29.47913856
-0.07167707673 0.01877840579 29.66701143
-0.0718850676 0.02354363428 29.66286527
-0.07471162676 0.01594969726 30.54115655
-0.1017121095 0.007136304397 36.59305766
-0.1527750129 -0.009595227019 49.13036787
-0.09787739765 0.01619669359 32.86530673
-0.009929572853 0.03034970302 8.453801404
0.05499392884 -0.00253427576 -9.77385222
-0.05871947973 0.0004271271112 25.02644591
-0.01248827752 -0.0123354332 9.432667112
-0.01492722033 -0.02418497007 10.82757122
-0.003258065934 -0.03022956968 6.262039805
0.0004320466504 -0.03544060983 5.179352925
-0.001612465221 -0.02694329213 5.582214567
0.008149747887 -0.02882620951 1.190347857
0.02613935679 -0.01839862266 -7.708597818
0.05696481849 0.007983490715 -23.85947911
0.05907803162 -0.003506648657 -24.62722518
0.05923360821 -0.002939354847 -24.51836172
0.06767753899 -0.003010780868 -29.34274884
0.06348236193 -0.006223685604 -26.77129252
0.06252065795 -0.0002634057823 -26.32006645
0.07028218217 -0.01108170891 -31.16318038
0.0701896133 -0.009938647888 -31.02625038
0.06276572276 -0.0131465589 -25.99553206
0.06863590083 -0.002626849005 -30.16557806
0.05778957 -0.005342220736 -22.47378888
0.06581778183 0.005686926296 -28.66620129
0.07057830577 0.008813922592 -32.3383124
0.06953613122 0.01719033592 -31.6664177
0.06197530348 0.005053622379 -25.4174401
0.06881926332 -0.005228412576 -30.63484607
0.06730055639 -0.01568729077 -29.58553123
0.06055998467 -0.02099090306 -23.70521296
0.05062233176 -0.01572809028 -14.69752232
0.05097373446 -0.01948726872 -14.86219746
0.06457352038 -0.01701478897 -27.47544465
0.05431676237 0.01612857339 -18.17078617
0.07549371529 -0.009727262121 -38.74306266
0.08663860753 -0.003694505993 -49.69610174
0.06474414913 -0.01442353567 -27.29287418
0.04693281231 -0.001065501417 -8.778162226
0.0184414432 -0.004241232332 21.01924006
0.02560095823 -0.007693671631 13.19195619
0.0354130873 0.01334465548 26.79508228
0.02669067626 0.01198280898 36.55117197
0.03522951697 0.002765318772 26.97044504
0.05970270577 -1.866572646e-05 -1.621931298
0.05159525108 -0.004987347122 -14.17520158
0.01917339124 -0.006346914227 25.22389295
0.01496431645 -0.005161409676 30.27325799
-0.07037328641 -0.0131478439 29.95378909
-0.0719769304 -0.009900395035 29.86768365
-0.07254239402 0.01043983617 29.22381178
-0.05759497928 0.002216332675 28.70279459
-0.06754688074 -0.0013523954 29.58068482
-0.07007258724 -0.001443142123 30.14230225
-0.06789106671 0.01455504647 29.18698223
-0.05337712642 0.03657504756 26.33930847
-0.06851824026 0.04331279537 28.70785513
-0.09529760311 0.02671801952 34.73908623
-0.1071320313 0.01254335066 37.63745427
-0.1401725067 0.01457516734 45.69370601
-0.1116538618 0.00774533151 36.80639436
-0.001909452027 0.007033912732 6.316854544
-0.007799029804 -0.02159942906 10.23313353
-0.07168655774 0.0063363651 28.85037839
-0.03746646734 0.009552781549 17.31421985
-0.01722479901 -0.01908685709 11.26044465
-0.006477954676 -0.0316526432 7.58602117
-0.01007577149 -0.0288934893 9.465853808
-0.005264885973 -0.03204310217 7.245539309
0.007924155791 -0.03694243868 1.475565707
0.02092860701 -0.033021893 -4.974632742
0.05471866381 -0.01277743404 -22.19487526
0.07262501355 -0.001842425563 -31.68939841
0.06405147987 -0.001203663924 -27.25717859
0.06761553943 -0.0004075649873 -29.38266529
0.06232186 -0.003282366824 -26.08469607
0.056069091 -0.002604995635 -22.33918734
0.06411082938 -0.001431713232 -27.33436759
0.07301850625 -0.00623702083 -32.96418271
0.06527419976 0.003071103978 -28.03365292
0.06310975206 -0.0008147865672 -26.35356426
0.05401186795 -0.001882664266 -19.86311564
0.07174268014 0.004488452741 -33.19215393
0.07842830729 0.01286144075 -38.57734891
0.0599077526 -0.001284410903 -23.56598104
0.05605648963 -0.001500772382 -20.63919736
0.07146624945 -0.01156670134 -33.09912554
0.06823490073 -0.003716666913 -30.84109187
0.06797846872 -0.01062384268 -30.35349607
0.05982822378 -0.01268359041 -22.97415204
0.03891110611 -0.001389372948 -4.231372259
0.05464372194 -0.01654120545 -18.45143363
0.07132859695 -0.003882343358 -34.01835263
0.08383062394 -0.0001248948221 -47.02153468
0.07710410596 0.004017722222 -39.97811004
0.07695427906 0.008476722648 -40.08829337
0.04033989444 -0.001981906388 -1.729227099
0.01112039191 0.002251085469 28.65736633
0.01554598683 -0.002572414626 24.08667744
0.02532756733 0.001653098156 38.21462548
0.03454525747 0.001835124234 27.76597374
0.03879541152 0.007689195894 22.54789451
0.04300708476 -0.001653579358 17.89741098
0.03227317725 -0.002251495794 9.214131425
0.01713784876 0.005736247301 27.6522679
0.000276273115 -0.005052375563 48.23530128
-0.05428874863 -0.01987619637 30.10066355
-0.06060995562 0.005277911978 28.98855599
-0.0670329151 0.008125341855 29.13385296
-0.06379902261 0.01190637915 28.79698566
-0.0725459034 0.008336416658 29.67313357
-0.06432985503 0.002126825921 29.17227006
-0.04444673566 0.008682003411 26.0864381
-0.03169487728 0.007548393141 24.47504815
-0.06495488224 0.01249597622 30.33220656
-0.1172074684 0.02452946443 39.69982072
-0.1192018996 0.01312941722 40.33740398
-0.1489405141 0.008750216391 47.74384293
-0.1366386301 0.01702936116 43.29208287
0.001930809255 -0.003073904762 6.136682427
0.01698891636 -0.004390259412 2.496839406
-0.03650506218 0.03124860874 16.37959838
-0.03469327524 0.0112931254 16.2852715
-0.02675491772 -0.01239365444 14.75045258
-0.0174477925 -0.02328388603 11.42274419
0.1038293655 0.07915827698 -42.86241423
0.007096689132 -0.04480002503 2.154364193
0.01373567738 -0.03440143782 -1.415256171
0.05054701527 -0.01157665103 -20.21388538
0.06898909405 -0.002154219826 -29.84205987
0.07008945697 -0.002640264817 -30.37026625
0.05600548317 -0.001000109245 -22.75960426
0.06141137339 -0.002969313284 -25.714636
0.06207001621 0.001962537512 -26.1657065
0.05616884412 -0.001129666675 -22.50229383
0.06387817114 0.001455996182 -27.36182505
0.07108932384 -0.0002566163896 -31.91521265
0.07304063504 0.00169975348 -33.21009763
0.07060413594 0.002601753685 -31.6362383
0.06367184834 -0.002666397043 -26.53250343
0.06630283169 -0.007119340945 -28.39466448
0.07203590683 -0.004888237979 -32.88469118
0.07163345239 -0.01056070017 -32.45392311
0.06519829127 0.02433353552 -29.15564046
0.05644551265 0.008643906799 -21.20514487
0.04658420168 0.001433034616 -12.57610829
0.06166755807 -0.009706199905 -25.03331722
0.07133076914 -0.0006749918059 -33.67988403
0.0449803547 0.003751518009 -9.862996106
0.04059635469 -0.02326206307 -4.668992113
0.0604254405 -0.04049094724 -22.66954136
0.1078984884 -0.02233723968 -69.7899091
0.07372687935 0.0003773706779 -36.37308308
0.0589056989 -0.001354188269 -20.71030916
0.0246418303 -0.001156772389 14.67902506
0.01244291335 0.003130092011 27.16690291
0.03244592146 -0.006425315157 5.786237158
0.04761523394 -0.02127277808 -9.676550068
0.02222933026 -0.001124970574 41.74969656
0.02609496519 -0.005661038411 37.95215715
0.01980216438 -0.005157951864 45.30480868
0.02009751957 -0.003861256074 24.02108326
0.008489056203 -0.00675405673 38.36170198
0.008555069982 -0.002216489204 37.84300231
-0.03925759852 -0.02915685943 30.46861123
-0.03816533491 -0.02580157657 30.21079974
-0.05394367403 -0.003509728488 29.19807197
-0.07217890254 -0.007066368273 30.66956593
-0.06713822543 -0.008823889445 30.34896193
-0.07129300292 -0.00627748652 30.61851058
-0.05381832216 -0.0006040732197 27.96822124
-0.03786628397 -0.009203869349 26.68075941
-0.06585120009 -0.0121789042 32.08389849
-0.09839732359 -0.003125541946 37.71586776
-0.1149860733 0.006714434838 39.68221974
-0.1517330778 0.01886839412 47.65912137
-0.07533249033 0.00949528963 26.75136112
0.007090935695 -0.008463254768 5.832640859
-0.005819437563 0.007462091018 8.559350078
-0.06474312208 0.02968966219 26.73426962
-0.08604717654 0.01806285412 34.25461816
-0.05054358639 -0.004351704213 23.6023327
-0.02913331638 -0.03044020373 17.04291003
-0.006913518041 -0.05665255761 11.61613613
0.01089358853 -0.03571298069 -0.1079823658
0.01375230185 -0.03184583608 -1.732939077
0.05133249567 -0.004280567112 -21.14257634
0.06756618592 -0.001963240808 -29.12395145
0.07154566576 0.005094210493 -31.66947852
0.04647605709 0.01295373069 -18.58963946
0.06090411062 0.00032613993 -25.64200028
0.0640362511 -0.006228656728 -26.85898825
0.05999304646 -0.001143253828 -24.83597694
0.06450768112 -0.00453801132 -27.38483006
0.07328043925 0.0009812607109 -33.44842647
0.0813591663 -0.003112053526 -38.5843344
0.0653649749 -0.005558804124 -27.36077292
0.05585967078 -0.00611236767 -20.70879947
0.06233077595 -0.007648456686 -25.43639741
0.06299691124 -0.01391322058 -25.51763708
0.09741737876 0.01832396884 -54.35068458
0.03208247192 0.01071024903 -0.7902720512
0.03636706552 0.01341609247 -4.596626763
0.03966216155 -0.001099831396 -6.394640125
0.07323900858 -0.01294720243 -34.74907964
0.08282147186 -0.00432612166 -43.40170888
0.0320341106 -0.003751774354 2.579951177
0.0174230593 -0.008313302974 16.22321842
0.04115054784 -0.003933020068 -6.95522877
0.1194046367 -0.02762359732 -81.19972262
0.1022642495 -0.03024900474 -63.05616196
0.08416495303 -0.007310510504 -46.35590541
0.03464321868 0.002899035138 3.986345717
0.01039324257 0.0003403760089 29.63463411
0.005887788321 0.000409170898 34.34324563
0.03369761672 -0.01800605335 5.446619846
0.02351233512 -0.002110911184 40.5241956
0.02016155012 -0.01314625489 45.42669138
0.01319155002 -0.003836355041 52.97106708
0.02798421186 -0.01000022614 15.03897569
0.008464288439 -0.001931536455 37.91237081
0.02590604254 0.008543118844 15.72523126
-0.03331759414 -0.02753265064 30.17043056
-0.02976740812 -0.01931062691 29.229639
-0.04789036519 -0.01030117702 29.35274368
-0.06186723875 -0.004670812867 29.67302131
-0.07269381052 -0.01495421007 31.41184905
-0.06240615269 -0.009002109401 29.81859263
-0.05406874804 -0.02038350104 29.81934021
-0.05703996006 -0.03338289224 31.72520667
-0.07164193555 -0.03583128349 34.75700667
-0.08915576775 -0.03778671904 38.38782571
-0.09358041816 -0.01531642389 36.96411666
-0.1188372197 0.01492786337 39.99551706
-0.11616518 0.02811793843 36.36132779
0.009031155345 -0.01230434967 5.3665852
0.01082788144 -0.000382577581 3.867738
-0.02126247506 0.01246317769 13.04543599
-0.08006649844 0.01154100798 33.6495573
0 0 -1
-0.03324542193 -0.02329451335 18.22360057
0.0007733321629 -0.03507952342 6.365628996
0.01235020722 -0.03216512977 -0.4514729877
0 0 -1
0.05497268695 -0.0023546864 -23.00916123
0.07832897761 0.0002964616795 -34.78587957
0.09008072446 0.0216546305 -42.84065162
0.03208739005 0.02471725113 -11.59093213
0.05306249384 0.005214632744 -21.5959095
0.0605451318 0.000750155636 -25.34694431
0.06541581795 3.163716413e-05 -28.33391702
0.07225085482 -0.002330090904 -32.4176888
0.0651252627 -0.005030621088 -27.34764614
0.06248319803 -0.01099264254 -25.0010262
0.06819260979 -0.01022972509 -29.11119363
0.06094679039 -0.001353890948 -24.81742324
0.06964134985 -0.005065978326 -31.17449688
0.0907730334 -0.01030783379 -46.81753816
0.05328306736 -0.01666253889 -15.22715001
0.04062173843 -0.04980545177 -2.369272584
0.03719894281 -0.02191206282 -2.348355347
0.03332389269 -0.005315042598 -0.7498875556
0.06485192123 -0.004071329913 -28.43282311
0.07824917354 -0.004310509535 -39.46075538
0.04172491918 0.0004036760971 -6.796527595
0.02157870414 -0.003023949135 11.89273845
0.05318370491 0.01297965728 -19.94410582
0.1117381389 -0.001424897741 -75.82610553
0.1131335908 -0.01125528182 -75.44110808
0.08364327504 -0.008266404679 -46.0637913
0.04714984763 -0.0004253665281 -8.951790492
0.01581007001 -0.003529232432 24.21142304
0.005633997624 0.00653399087 34.17778198
0.02338764029 -0.0009389206204 15.37275745
0.01946692912 -0.00940470799 45.89447794
0.01288427712 -0.01615745061 54.06816377
0.04148955431 -0.008087731326 -1.396552886
0.03845757281 -0.005453118346 2.029643718
0.02115547544 0.006295157375 21.64917851
0.04486051738 0.0116119105 -7.861665981
-0.02330702667 -0.01891589773 29.1054452
-0.01937830601 -0.01219559949 28.16777962
-0.04312172115 -0.003890048934 28.48146114
-0.05203136138 -0.01231229325 29.67184932
-0.08428339475 -0.008287607476 31.63538755
-0.05460288458 -0.0130887518 29.16117003
-0.0493884032 -0.002173885439 27.26724244
-0.05342613902 -0.01000369134 28.52660572
-0.07441192671 -0.009951834882 32.19863053
-0.06993264458 -0.02239086665 32.78640951
-0.07733777334 -0.006989720263 32.2810787
-0.1073905165 0.02565407763 35.7060314
-0.01229399466 0.001615658871 9.687952478
0.01451211217 -0.01242988268 3.86093291
0.02423597219 0.0179287088 -2.196019605
-0.03192573986 0.004149726056 17.97266476
-0.05581074348 -3.462948649e-05 26.67505744
-0.1169363165 -0.003363192348 48.90362746
-0.02496614523 -0.04196920327 17.1784824
-0.007681042726 -0.04879555951 11.52902112
0.002747626629 -0.02518291722 3.416357652
0.04552267979 -0.01040490422 -17.6884457
0.06863527196 0.005187437585 -30.34558328
0.08696043848 0.007003157776 -39.83757815
0.1101399909 0.005339944175 -51.45010168
0.05242636233 0.01253251624 -20.54912126
0.02747696316 0.006988722411 -7.157635983
0.05693683141 -0.00284506074 -22.83271749
0.06054312297 -0.002326531159 -25.14826079
0.07303992768 0.0003240026879 -33.1883998
0.06944269327 -0.01139852764 -29.44627778
0.06134831296 -0.00147537353 -25.3219985
0.0750253524 -3.586016959e-05 -34.954633
0.05539392223 -0.002527795235 -20.61993481
0.05341517139 -0.001555875357 -19.41015926
0.06496620111 -0.0003423362547 -28.00316499
0.0699118295 -0.02837169621 -28.52516751
0.06767369778 -0.03248320205 -26.4139237
0.06264582676 -0.01355857201 -24.32521038
0.03913054567 0.003247128024 -6.568592768
0.07868467172 -0.001540463617 -40.44759532
0.07791063498 -0.007005511678 -38.65806674
0.04477145633 -0.001328085787 -9.335037398
0.02541289942 0.001820004313 7.742702929
0.05136398876 0.01100287492 -18.09526869
0.06522549942 0.0118082964 -31.32408949
0.1028923531 0.01215157443 -67.8072292
0.08763853217 -0.001229800744 -50.69074792
0.05330618462 -0.004241272064 -14.90315968
0.01214094676 -0.004024564953 28.14323961
0.02244527673 -0.001922237933 16.74493812
0.0280702361 0.006021734171 9.621712359
0.0118176415 -0.00825957536 54.27937049
0.01473954918 -0.01070572179 51.37337498
0.03891425362 -0.002688765001 0.9556864386
0.04108207662 0.007352218343 -2.54564769
0.02977512874 0.009911326037 10.67856999
0.04548853888 0.01244489154 -8.777811045
-0.01468460113 -0.01223783682 28.17526296
-0.01259639365 -0.0009463179669 26.52407753
-0.03459550459 -0.002407047987 27.7397201
-0.06627322391 0.01002801127 27.88845382
-0.08493994968 0.001845749696 30.50638681
-0.0717996075 0.007803093491 28.12425721
-0.04220819087 -0.005607137379 26.81216599
-0.03939561429 -0.01947022644 28.23996993
-0.081529825 -0.0141031122 34.09056159
-0.08033975373 -0.009720284722 33.34255631
-0.07421504635 -0.009489635657 31.94500518
-0.07016371987 0.000867808538 29.5362376
-0.008736446002 0.001034315362 8.698962099
0.04377033398 0.003102198687 -6.251923621
0.02310980959 0.01788377927 -1.67530876
-0.03588589956 0.009910159062 18.69231742
-0.0830270514 0.0118925531 34.57762488
-0.08429039429 -0.00446173062 35.88394612
0 0 -1
-0.02315690051 -0.03211538121 15.56358684
0 0 -1
0.05776674707 0.0003883025157 -24.756304
0.07353794189 0.01294700575 -33.87429763
0.07071907421 0.0109797444 -32.36134834
0.09513603937 -0.02391422349 -39.82271233
0.01308996336 -0.02128936968 4.481875853
0.04932691926 -0.008009896389 -17.8976169
0.05944557694 -0.005140128452 -23.97268149
0.06183830707 -0.0002366844123 -26.17715182
0.06240581808 -0.004248431308 -25.93064138
0.07638429478 -0.007186366885 -34.76470973
0.07248978191 0.005821071154 -33.90018038
0.06886100029 0.008204827336 -31.8075694
0.06125835719 0.001610783263 -25.45664405
0.06175686166 -0.0008056703868 -25.65151698
0.06130152395 -0.004190216603 -24.630145
0.04930231238 -0.003862300472 -15.34622884
0.06602440803 -0.00426029451 -28.45819297
0.06647768492 -0.009568335835 -28.33360752
0.05355489451 -0.004859606856 -17.75188954
0.07065519137 -0.006894613836 -32.68657066
0.07065368554 -0.002307860368 -32.8151694
0.03965949011 -0.002277938507 -4.623662447
0.03557200832 0.003127063573 -1.972582558
0.07195799149 0.0006842788095 -36.08467154
0.09169790426 0.003741394317 -56.01474648
0.1048200091 -0.004995182368 -67.65868748
0.08077783681 0.003019917936 -44.32733755
0.04057965264 -0.006262800514 -1.538495658
0.01435815276 -0.0005035472899 25.14304901
0.03653744549 0.003030391441 0.4966243091
0.05064440157 0.009444850269 -15.99366839
0.0177529916 0.002496691021 46.25850455
0.01196353598 -0.001409653569 53.35819508
0.05613533361 0.01067245096 -20.96947256
0.04939811989 0.006926602725 -12.32510394
0.04374900789 0.002535020872 -5.077137133
0.04940569404 0.01025357549 -13.22799296
-0.008455674755 -0.0130879275 28.28419084
-0.01506681798 -0.005814805578 27.35274077
-0.03503012758 -0.009983141756 28.62851109
-0.0665541168 -0.001698157777 29.79486539
-0.07281366709 0.01081975834 27.4231412
-0.03660431282 0.007978191842 24.15257949
-0.0603056491 -0.01327502025 30.52644168
-0.05257234772 -0.009481238571 28.3364341
-0.07402339972 0.001486380757 30.30022801
-0.07000613897 0.001184375621 29.39768913
-0.07551807907 -0.0003905506967 30.79352571
-0.081426481 0.009783749163 30.68395491
0.01507463825 -0.0005970711563 2.258145619
0.03056606392 -0.02518636155 2.078319045
0.03542509145 0.0251779594 -6.874086207
-0.04930915838 0.06220440588 14.77252747
-0.0793778948 0.05346048632 26.39449106
-0.1109741707 0.0459447583 38.31127494
-0.05926713959 0.02425294602 21.78317481
-0.01867223833 0.01283105188 6.927067501
0.01850905215 -0.001439141108 -6.799575598
0.05882715079 0.0244904752 -28.86633784
0.07678227371 0.06113299982 -43.0477178
0.03401784799 0.06313274713 -22.4254167
0.06493170713 -0.01031074604 -26.11948655
0.05728679071 -0.02511759038 -19.28217747
0.06336412739 -0.0038590852 -26.45839063
0.05756245099 -0.005289280574 -22.72102248
0.05644227096 0.009198626276 -24.2959289
0.0615127929 -3.303957129e-05 -25.98199474
0.06534055519 -0.007311027918 -27.34258697
0.07017852669 0.01464608161 -33.85852851
0.04898619335 0.04266034244 -23.5337004
0.05016194866 0.006868502584 -18.27951113
0.064695589 0.005834456831 -28.88552481
0.06207506994 0.003248867727 -26.39048237
0.05692472922 0.001219721172 -22.0402045
0.06189357292 -0.005921597333 -24.78888017
0.05859082906 -0.01165820104 -21.26063349
0.06781971044 -0.001918176778 -30.39754904
0.07644785723 0.006560687322 -39.56674001
0.07000295731 0.002486617375 -32.9207232
0.03545387429 0.006787486308 -2.208961638
0.02242284299 -0.001238690196 10.76790139
0.05885805671 -0.01626208878 -21.02613504
0.08569728261 -0.005737837707 -48.44415799
0.08995428978 0.002062220395 -53.43663348
0.0685013509 -0.0001873097029 -31.28842768
0.05520461772 0.003970631773 -18.36253636
0.01978868151 0.002833484343 19.1959724
0.01975528755 0.007554507129 18.11729141
0.04322106697 0.003493511929 -6.62633911
0.01864556248 0.001272357683 45.4095944
0.02177506575 0.008737261858 40.60935196
0.04002785302 -0.01941727449 2.819783461
0.03017894259 -0.008559016898 12.91821778
0.01998953761 -0.00867968517 25.20736188
0.02711353772 -0.01421418962 17.56739206
-0.0007213758468 -0.01562841986 28.59638149
-0.008859482567 -0.008193756492 27.54129934
-0.03100675019 0.0006318096677 26.59567535
-0.05483123634 -0.00275528513 28.96248992
-0.08047673306 0.004652835179 29.59943745
-0.02816672495 0.009325356915 22.75838392
-0.05815743217 0.005916238041 27.111554
-0.05784006694 -0.004428199214 28.50711462
-0.07106029931 0.008058812347 28.55343924
-0.06887360973 0.01257131829 27.03555765
-0.07333027769 0.02958598202 25.1643688
-0.0668188508 0.01913493937 25.65571172
-0.01587453444 0.08676132207 7.602634563
-0.04879364677 0.04005729076 26.10009242
-0.1661024108 0.06304925798 57.41575561
-0.07172008978 0.09538932075 16.01588343
-0.09686359053 0.08375053625 26.53358934
-0.05390705234 0.09638206625 8.646782753
-0.02554557815 0.12814792 -8.501312511
0.002917565732 0.2467574385 -42.48649597
0.04280393802 0.03076349809 -15.50446062
-0.1712933912 0.1120813788 66.62707524
0.08287759104 0.1531867379 -61.32218141
0.04994287281 0.1326098735 -41.74219799
-0.03763112136 0.05219528535 37.71151237
0.1221669918 0.1002748681 -69.89143782
0.09588548795 0.07704812989 -49.73565811
0.03573356752 0.09962536121 -19.85633373
0.07669183618 0.06909965967 -39.03824086
0.06741261868 0.00124650177 -29.93218234
0.2037775259 0.1238766696 -125.9441303
0.07763678704 0.01289255366 -38.63147035
-0.01068836457 0.1196458443 18.13808429
-0.001846113366 0.02251526659 16.38094316
0.05246966073 0.02564694671 -23.01022489
0.05038840108 0.01880077024 -20.26894131
0.05726491289 0.00631248431 -23.36963513
0.06189542117 0.004556100778 -26.76890177
0.07300838522 -0.003881904994 -34.53453288
0.07323085229 0.1934009352 -44.92941993
0.07878157376 0.1789990753 -46.56784717
0.06239503948 0.211842719 -38.30965014
0.04900896553 0.5090001629 -83.02539329
0.05639323963 0.3135512191 -53.77813142
0.05444567139 -0.01153426789 -17.23671288
0.09679291349 -0.001930725815 -59.75299088
0.09584177401 0.005776587466 -60.19203304
0.07942749007 0.006816796413 -43.71621568
0.05204789492 0.005300902408 -15.27045837
0.007714493395 -0.001524049052 32.71497002
0.03464721033 -0.007705185829 4.380998256
0.07329820273 0.01316219872 -42.13634043
0.03214676999 0.0007645436515 30.15970668
0.03283345735 0.007700760852 28.10344045
0.04122336905 -0.007237431299 -0.4971751417
0.04036702959 -0.003780013745 -0.0271187084
0.02318489511 -0.00170672454 20.17467347
0.01844129626 -0.005271615651 26.59131218
0.007736108444 -0.005850573863 26.44724118
0.008250385231 0.000210056335 25.19508455
-0.02771026464 0.01376666767 23.72309016
-0.05973921542 0.0168196512 25.47684094
-0.08865771797 0.009817035535 29.16542248
-0.05462688864 0.03160631786 21.02846942
-0.05498047122 0.03234192738 21.3943501
-0.05157900367 0.04271673564 18.54737139
-0.08874727871 -0.1523239922 74.62529323
-0.003655944581 0.4422747396 -69.98564632
0.1653277489 0.2678430531 -68.37966199
-0.1009742791 0.06365285174 38.13918438
-0.05163938071 0.1223170922 10.7999339
-0.0776704829 0.1175486708 18.98179569
-0.1466805077 0.07570269825 48.66883948
-0.1885419906 0.09985659692 56.07321195
-0.08791983972 0.1554818542 9.791657102
0 0 -1
-0.01241406004 0.2436117153 -36.81817572
0.02543609804 0.2237369039 -48.27354519
0.03425323593 0.02905066211 -11.9911038
0.1008679971 0.004867917575 -37.83247672
0.02611540911 0.2434078617 -52.52879016
0.08841489466 0.164365214 -66.76992517
0.03701815693 0.00444254553 7.718242455
0.09691101334 0.09496510851 -54.50949916
0.06919129581 0.06044155161 -31.01493663
0.03457115008 0.08441423828 -15.79517906
0.04548050039 0.07545334669 -20.89313956
0.1395692327 0.06545641907 -72.32293283
0.133011425 0.04291719026 -63.43267997
0.04366885835 0.06614803342 -7.909667341
-0.03294381232 0.1246846682 32.04171019
-0.004267111934 0.08396209185 20.0679028
0.03942021952 0.03659119828 -1.197835579
0.04908885667 0.004525155367 -1.452584165
0.0485243561 0.02658956232 -20.01410137
0.07961333729 0.06541143869 -23.35364501
0.05424371746 0.08981273528 -7.662257382
0.08107983101 0.002702016651 -20.32415802
-0.127918542 -0.08503927197 178.9116467
0.05766279733 0.207038632 -33.0527543
0.2144601878 -0.06920202211 -129.8161226
0.2189570318 0.08681636596 -165.0495803
-0.0272643272 0.06564420323 72.61568891
0.09881487289 0.02325948118 -66.29921348
0.080048366 0.01618055297 -46.09639125
0.06213159382 0.02089401891 -28.96650896
0.03344077828 0.007542092173 3.726816342
0.01146120123 -0.006103813774 29.61050435
0.04078565351 0.007636484502 -5.14636855
0.07790618223 0.0283925661 -49.9635574
0.03641277614 -0.003778261651 26.20840212
0.0381442087 0.00202999995 22.99890387
0.05457787851 0.0007456384431 -17.99649837
0.04275633759 0.01414948289 -6.35839698
0.01701948262 0.0004184066295 27.29547711
0.02422516525 0.003370847863 17.90847963
0.01339347151 0.0259128339 19.36072063
0.01535803975 0.03534450786 17.18883589
-0.01919420951 0.05383661518 14.63951623
-0.03873835477 0.06382612486 13.2795598
-0.04243902561 0.07855016094 10.10379102
-0.02875445843 0.1069286114 2.396276319
0.03931736186 0.08987158545 3.626316992
-0.02932314538 0.1622101148 -3.084040906
0.01699004093 0.3080796525 -45.25082621
0.07173770075 0.2973651285 -54.49390299
0.0006340883676 0.1025180942 5.355917472
-0.1043053984 0.03421386745 46.07490811
-0.1334602869 0.06918545804 45.30858591
-0.1351961876 0.04550303856 51.24115423
-0.1671717491 0.05794038845 58.23449982
-0.1298619364 0.09640564233 36.90431029
-0.01204393653 0.2614366553 -40.79385514
0.009724743287 0.2684094252 -50.55098218
-0.005064359687 0.3065263874 -53.23998801
-0.01104395989 0.3220708548 -54.48552828
0.03226939715 0.3024677256 -69.17401296
0.04516555207 0.3008279849 -73.94105875
0.03644089842 0.2797403308 -65.12847915
0.1021510523 0.02848626464 -32.78049533
0.09526852706 -0.00458585851 -21.10081478
-0.3865154481 -0.1458899659 269.6144883
0.09677244789 0.06886452126 -49.43515165
0.06503805175 0.07917449009 -32.88118312
0.1033774346 0.1188566311 -65.38037049
0.1505854413 0.02434422344 -70.85664458
0.1028691171 0.02959335521 -40.618766
0.08154788492 0.02857936675 -25.62279197
0.001167194959 0.06287693819 22.19792877
-0.01903066861 0.05668479635 37.85600709
0.01424612306 0.03902543269 17.1360932
-0.004646336404 0.00770714442 38.45884743
0.7336842893 -0.01625484942 -528.3292481
0.09891691641 0.08691051679 -43.71901913
0.03673814538 0.07770613982 9.29976066
0.04394467062 0.153470797 -15.16293818
0.05328561937 0.1322862261 -18.10761876
0.0254394818 0.1460887342 3.571871465
0.03226757752 0.1198192303 3.614630466
0.03556837145 0.09192359609 6.795842261
-0.0002560264556 0.06362850633 48.00302759
-0.06735663409 0.07125169413 110.5212121
0.07062194794 -0.0007786232418 -33.03744099
0.05495020056 0.006203769181 -18.20964669
0.013516263 -0.008332229165 28.0262177
0.01682695321 -0.00202747889 22.78912762
0.0483697262 -0.005391982183 -10.40341709
0.106351467 0.02453663365 -80.53254184
0.03013426042 -0.003002004493 33.12237653
0.03120411198 -0.007518334817 33.01210239
0.02589068485 0.00769366763 14.35151528
0.08505595772 0.3685462914 -133.0362234
0.01911657552 0.002736085885 24.2085191
0.03046328036 0.005767988268 9.733939638
0.01233651105 0.07807404738 6.840592622
0.02361122043 0.1038972458 0.08619016324
-0.009715719993 0.08907795609 5.639148691
-0.03631840035 0.1200353479 -1.130059663
0.02903580278 0.155343401 -15.40822054
0.0633112945 0.09420561355 0.1506341744
0.05192082936 -0.03052793696 40.70240947
-0.05947056579 0.08546410971 20.7995493
-0.02497000858 0.07327074801 17.94671976
-0.02735536426 0.05208414032 23.94591612
-0.0636381605 0.05407050573 31.29233658
-0.1017499137 0.03658368313 44.74303401
-0.1183306933 0.02888446235 50.53225596
-0.1435475065 0.0452143764 53.52505098
0 0 -1
0.02814937687 0.3145467018 -67.28795467
0.03051861928 0.3026200595 -65.98541776
0.01273439414 0.3029280935 -58.89145555
-0.009029821927 0.313740311 -52.08397797
-0.01967398653 0.3119159905 -47.55381557
0.006383429945 0.3313257674 -64.56967579
0.05094432323 0.2826737061 -72.2173466
0.06940723586 0.2672684669 -77.26687372
0.09306680632 0.1000602931 -46.21634575
0.04690377128 0.02219381861 -2.324748852
-0.2945856523 0.1868367062 141.2853193
0.05501612955 0.1615737928 -47.25385159
0 0 -1
0.1523827058 0.05271107723 -79.9043952
0.1446804048 0.02737353343 -68.16811753
0.1426278688 0.02833104624 -66.62570674
0.08838633766 0.02474912629 -29.2394182
0.01836195416 0.03119944607 17.54846942
-0.009373445219 0.05004246752 32.35611932
-0.0282971708 0.0163765699 54.03820881
-0.01727197162 0.00114781046 49.74789803
-0.006724993977 -0.003779001225 42.94850847
0.08961398073 0.06312196171 -30.16218195
0.02566044314 0.0562602948 24.40206985
0.03762593435 0.08405665933 7.13633244
0.05103984366 0.06882061177 -1.026759558
0.05379951394 0.070589861 -3.161251705
0.02756075418 0.07006271902 20.11003937
0.01427740657 0.07205798606 31.85484196
0.004185365071 0.04972583146 47.38094635
-0.0428552584 0.04648641554 93.60528613
0.06962512198 0.02159774185 -37.71426555
0.05953789567 0.002977880266 -22.58854351
0.02903075148 0.004177669168 8.624757256
0.02728603078 0.002202519211 10.74124661
0.03216052253 -0.009126667604 8.298022719
0.2273467003 0.02651334901 -215.4054667
0.01801258755 0.001778173374 45.75664501
0.02176698539 -0.007706436298 43.93155433
0.0268214503 -0.02017520238 20.11129105
0.4544496104 -0.01613371859 -488.2269321
0.02413869791 -0.0085241416 20.84630708
0.03522226268 -0.002579486952 5.891304944
0.009774346991 0.1340701766 -7.730694586
0.01403689111 0.1480977405 -11.71715501
-0.01007105596 0.1499574894 -10.28976099
0.03768507921 0.1638017942 -17.99132359
0 0 -1
0.1038076346 0.1134443614 -10.94661329
0.1388716788 -0.0630437598 37.44650237
-0.04610649257 0.07483650669 20.60076018
-0.03407956919 0.05268368698 24.5936432
-0.03036535792 0.05272347741 23.98018374
-0.06135749739 0.04367035267 33.17926504
-0.1088950331 0.027639394 48.42954418
-0.07630325084 0.08496919785 24.1761904
0.01760723196 0.2947295887 -58.82555644
0.04083540457 0.3204189245 -72.31128641
0.02570659366 0.2891251129 -59.01919844
0.02328803658 0.3096437426 -64.08903713
0.01574577145 0.3114188301 -61.54618024
0.003819400263 0.3209212384 -59.85376613
0.001592822413 0.3234268359 -59.56863646
-0.02123078807 0.3302425846 -51.77600358
0.03403376398 0.2729846812 -61.92463381
0.03170620737 0.2812175562 -62.68609053
0.03238653992 0.2518320676 -55.04330653
0.01341515414 0.2332122085 -40.28280026
-0.04905226987 0.2133639717 -0.5607665648
0.01670923434 0.2678696272 -52.24011882
0.03232808184 0.2385969986 -53.5049349
0.03488677703 0.2210394811 -49.83346994
0.07704148618 0.2146917565 -74.81861631
0.13158365 0.04203529939 -63.29436664
0.08309798752 0.03886567712 -29.68097304
0.01853867799 0.04913905173 11.85986813
-0.02272719044 0.03658317903 44.68792908
-0.06116665548 0.05299705968 67.7754558
-0.01367722552 -0.006318001593 48.6735879
0.07532537233 -0.006595589075 -0.7532891147
0.08554766427 0.02104980384 -16.09668652
0.06962081912 0.03344267976 -6.375074162
0.04417066576 0.03864090696 12.94006064
0.04295186369 0.02565770666 17.23050296
0.02064712012 0.01951910354 38.93007226
0.02528142518 0.01608338695 35.98667052
0.02610110863 0.03468125989 30.29294935
0.01231247338 0.02928809091 44.71850742
-0.02737159303 0.02124386508 85.08232007
0.07067278977 0.07367586759 -52.45336293
0.05213707324 0.05589484854 -28.86258723
0.02371896745 0.02671241293 8.302063901
0.01037981245 0.03209868164 20.90061181
0.02428432465 0.004531972792 13.2568491
0.2971954567 0.02499310328 -292.5434584
0.007468891328 0.0001750426071 58.18157962
0.01505021015 -0.009414928992 52.2334428
0.03481750196 0.03587364794 -3.1275138
-0.008402974551 0.004501833239 64.84896842
-0.008607508869 0.006266688004 64.62904547
0.02494330369 -0.01280961071 21.02472127
0.01986156023 0.194488047 -24.65743672
0.01129210616 0.2227423291 -32.7888648
-0.009922169632 0.1989445279 -24.55324817
-0.0365371281 0.1915509279 -20.25201122
0.01098492393 -0.009874273662 50.55328544
0.08895744891 0.1460250398 -19.14823972
-0.1160287632 0.06308750441 36.90841302
-0.03550998177 0.1176910841 6.732208214
-0.02849710165 0.1002350349 9.999080483
-0.0105296942 0.1469756903 -6.643356459
0 0 -1
0.007119400643 0.2919210203 -55.22443755
0.01707855941 0.307861454 -62.48427573
0.03679578986 0.2983272613 -65.07602816
0.0307093569 0.2936062081 -61.90015746
0.01325405381 0.2773102219 -51.44907073
0.02721452379 0.2964657297 -61.69682333
0.0213231232 0.3079660731 -62.50215727
0.008011545891 0.3304192535 -63.96949731
0.006069710648 0.3265637948 -62.21354081
0 0 -1
0.003518701281 -2.201576118 646.1663955
0.030203709 0.3181002739 -72.15466823
0.003746782266 0.3245346668 -60.88142797
-0.004786624103 0.298129678 -48.99916825
0.01698879105 0.3052960029 -62.41367889
0.01782959947 0.3295757205 -69.45171151
0.02265773135 0.2960725596 -63.02415982
0.007499315404 0.302522216 -55.49980334
0.02414564733 0.2837514364 -60.58171217
0.03788555418 0.2853536883 -69.95377513
0.06943107157 0.1726954752 -58.17468438
0.02696833172 0.1772161254 -30.27569798
0.005434668836 0.2333317412 -31.66903909
0.002201007898 0.2997198004 -49.17082006
0.008388693894 0.3380508732 -65.25546331
0.08301056584 -0.03735948558 2.106287796
0.09001095309 -0.02821732121 -5.834041946
0.049783106 0.0113705975 16.47755812
0.03024970408 0.00553847988 34.35622397
0.04151383516 0.01589719455 21.56381803
0.03424037559 0.018399221 27.03969313
0.03080560054 0.01547961297 31.05471793
0.006839981861 0.0008137561134 57.55298963
0.01523781496 -0.01053384039 53.20427981
-0.02505496242 3.781063492e-06 88.96048306
-0.04451862402 0.03036846749 99.00776228
0.004176423794 0.379092297 -69.64009408
0.01354347808 0.3569081863 -72.79479647
0.008179657206 0.3432908689 -63.23298407
0.01270493717 0.3712177382 -76.55030439
0.04043790329 0.3505889117 -99.86873442
-0.001625488788 -0.008359730777 70.98902261
-0.02053737684 -0.02075507491 96.38942992
-0.05161610891 0.08809185829 84.10478299
-0.0136902947 -0.002496140156 73.21249517
-0.01366491467 -0.01307147481 76.30567166
-0.08288695841 -0.01371880058 160.7719858
0.0269350209 0.2537554649 -42.47734427
0.02397030735 0.2723199069 -48.12663484
0.005653364338 0.2624659699 -44.10538813
-0.0007908078955 0.2738502376 -47.12282324
-0.06890941864 -0.01254560855 58.79705068
-0.005054132296 0.3210210512 -60.60189293
-0.005083540576 0.2448534477 -36.58989935
-0.04187322397 0.2148677578 -21.44435713
-0.01391818024 0.242304805 -35.0309764
-0.01245436357 0.2479562237 -36.82040729
-0.02294291208 0.2536822152 -36.61991432
0.01840464831 0.2963094966 -59.41251998
0.01559551132 0.30825978 -62.28021378
0.02881799045 0.3069058592 -65.50980913
0.02976748884 0.3093812002 -66.65938152
0.02829175652 0.3053657164 -64.88670275
0.02627398568 0.3076289944 -64.8360549
0.04060052692 0.301743706 -68.21182413
0.01195109597 0.3094366058 -59.29206582
0.01470308967 0.310162194 -60.69303312
0.0147106204 0.334831834 -68.3782176
-0.002537683197 0.3378735234 -61.55295907
-0.003669018903 0.3440521823 -62.98923004
0.002397533939 0.3381222231 -64.15758036
0.01431985655 0.338732251 -70.59756642
0.01697599054 0.3398291538 -72.49377332
0.01898120069 0.327787913 -69.72805703
-0.005075346049 0.3247734811 -54.55566508
-0.003183595172 0.3326817755 -58.37063421
0.02509096369 0.3134441839 -70.21880089
0.02016515244 0.3205661132 -69.0723596
0.02762681287 0.2892192188 -64.20532015
0.01432351034 0.2800775997 -52.22720873
0.01464865838 0.2906978841 -55.92360505
0.0163676439 0.286246922 -55.84994499
0.02660095491 0.2973733419 -66.96948869
0.1829826326 0.2150900063 -161.7996127
0.08558925582 -0.06632470947 9.043929411
0.07106485269 -0.06808640509 21.93504768
0.06326360201 -0.03234367516 17.35409831
0.04952782592 0.01137977323 15.83087004
0.03164041383 0.009201295716 32.05911908
0.02076189401 0.0009708400367 44.44956454
0.007519623194 -0.01749043104 62.45874442
0.004755247536 -0.02136639358 66.27367671
-0.03922442934 -0.01565684533 107.4948262
-0.02153000094 -0.009687975837 87.8981516
-0.01729260192 0.3097003842 -26.48049428
0.002048983693 0.3002499156 -43.76529333
0.03649398816 0.3142095267 -84.74222068
0.04252952807 0.3044728386 -88.52877745
0.05921516511 0.24349064 -86.34677939
-0.00922015416 -0.009385851118 79.87213323
-0.04146457005 -0.01017959106 117.2501396
-0.04167898836 0.672404111 -104.4303329
-0.02190942687 -0.007989284513 84.72660016
-0.0261887348 0.004994810705 85.80508316
-0.04112868903 -0.01577312283 110.3482125
0.03434875076 0.2810590887 -51.17691673
0.03012717288 0.2860727624 -52.62923325
0.008741879897 0.2829139859 -50.52030284
0.007904641749 0.278851884 -49.02501761
-0.1008441329 0.01434273472 52.73148545
-0.02671101807 0.2652437754 -40.33365754
-0.02027200987 0.2646255874 -40.71906743
-0.01464240947 0.2618233487 -40.83928843
-0.003557149788 0.2585171239 -41.93352052
0.009096387399 0.2901101521 -55.10628789
0.01280809758 0.2957031946 -57.72612353
0.02604309732 0.3224498764 -69.62637889
0.02605298786 0.3248907908 -70.4099306
0.02777052594 0.322611357 -70.08202999
0.02854518937 0.3266413952 -71.81934967
0.034091004 0.3192083908 -71.25333251
0.03431025164 0.3208288804 -71.96047476
0.03475193338 0.3043254012 -66.57712225
0.01324397823 0.3189012969 -63.2061734
0.03311367579 0.3189222894 -71.37697352
0.03543359989 0.3182896438 -72.07044926
0.008685818971 0.3325461658 -64.50855398
-0.004170111728 0.3283586992 -57.16328701
-0.005090840153 0.3317756827 -58.14027525
0.00866738839 0.3211533405 -61.54109263
0.006176709991 0.3227474905 -60.51960255
0.006595922589 0.3240501456 -61.18188821
0.001351134459 0.3231977772 -57.82602975
0.004850869122 0.3242199587 -60.50239621
0.02089803627 0.3336142502 -73.58131301
0.01557517641 0.3208905468 -65.92698065
0.007314521824 0.3124093912 -57.60990112
0.007184983248 0.3057792934 -55.29928366
0.009767733455 0.303529833 -56.32171305
0.01299220776 0.3087086932 -60.4413825
0.02734757638 0.2999045937 -68.36494142
0.06101701045 0.2639778259 -82.69756694
0.1051689851 0.1653066289 -84.44366457
0.07808646757 -0.001869547891 -6.660173259
0.08698757315 0.03915606229 -26.52794177
0.04991324908 0.01809395186 13.06073668
0.02477047966 0.01471736246 36.32014944
0.006923929903 0.003046078116 56.35109787
0.0005551326154 0.004733858891 61.67915693
-0.006772465175 0.0004085138064 70.02019007
-0.02250882749 0.01166390766 81.7682057
-0.0472350828 -0.005527152292 111.7943167
-0.005524206646 0.2445118227 -18.11828443
0.01171181326 0.2613863472 -41.38322083
0.02277488564 0.2653615433 -54.79107324
0.04466616173 0.2560916202 -75.30508856
0.05763622622 0.2205378836 -78.04109439
0.1349566856 0.1675887031 -146.7122146
-0.02003981076 0.01803216016 82.69750341
-0.03986540668 -0.0004764135209 111.0190217
-0.01073855303 0.08066075004 49.17344404
-0.00672591389 0.1836547928 9.27405163
-0.03173927888 0.1113264754 64.80097657
0.03523183156 0.289286037 -53.93777813
0.03240888366 0.287269145 -53.09563509
0.01980803061 0.2885539106 -52.8997482
0.01028557471 0.2803793993 -49.35928217
-0.002392405585 0.2872267237 -50.73919885
-0.009757445578 0.2702871741 -43.65965456
-0.02984574474 0.2442496047 -32.44528693
-0.008699940295 0.2611536985 -41.63377578
0.009078513057 0.2860523809 -53.42987652
0.01848725757 0.2947105544 -58.3557469
0.0291258883 0.3206698897 -69.59287473
0.02506085526 0.3239076714 -69.74420367
0.02334203605 0.3128120316 -65.39737055
0.02571981825 0.3174107331 -67.65977991
0.0290973979 0.3234574552 -70.7582391
0.02042651246 0.3330969984 -71.28353742
0.03080339445 0.3210133933 -70.65108639
0.03349567238 0.3230822232 -72.45675024
0.01895959303 0.3275607196 -68.45774814
0.02411867115 0.319531174 -67.75288355
0.03007980368 0.3144135731 -68.3280157
0.004478932215 0.320770936 -58.89823274
0.007291205483 0.3189099541 -59.92440874
0.006591829152 0.3157348387 -58.25676451
0.005977290112 0.3210733276 -60.01588457
0.01134466167 0.3095067519 -58.67714785
0.007568013757 0.3177683985 -59.50777293
0.00223124002 0.3214864781 -57.68304714
0.0008993139336 0.3260012422 -58.55248114
0.01159378927 0.3310626902 -66.90421091
0.01629914989 0.3173067173 -65.16404534
0.01099600276 0.3176657945 -61.78714336
0.001528877499 0.3130167674 -53.60139133
0.009778431816 0.3131778947 -59.51290563
0.01192731591 0.3084712182 -59.48488472
0.01702727866 0.3055274831 -62.26588813
0.02268685059 0.2903202869 -61.41873023
0.04495641469 0.2489548366 -64.76789153
0.06787882967 0.1386114948 -44.49535594
0.05293420667 0.06637491876 -6.551237686
0.04600738174 0.04704626331 6.511983818
0.02420633381 0.03541451259 29.55500365
0.01242778485 0.02718185912 42.88079011
0.01354074105 0.03987735219 37.27364289
0.005455642023 0.0365250308 45.86589783
-0.003739066186 0.07665162714 40.89463795
-0.05512520352 0.129372319 73.13421915
-0.007744800362 0.2050881444 -1.847546924
0.01882495133 0.2231372028 -35.743777
0.03371030648 0.2587529673 -63.69903178
0.02709818343 0.266969374 -59.41873728
0.02990155932 0.2528346133 -57.90368127
0.05169660998 0.2014608025 -64.27515475
0.02408842414 0.1584949035 -17.30956065
0.00136462412 0.1527643357 10.38992941
0.00417884418 0.2685545562 -33.73589929
0.02071497194 0.2471369225 -45.96336323
0.01007589954 0.1938316977 -13.83595693
0.03053022948 0.29331795 -55.30889934
0.02715308698 0.285082056 -52.15054835
0.01828396303 0.2738502006 -47.58524549
0.0009224020231 0.2566878205 -40.09112711
-0.01022590508 0.2494446229 -36.45358213
-0.03261825954 0.236665149 -29.37292292
-0.01444593712 0.2383737355 -32.67137583
0.00111513761 0.2456793125 -37.57772042
0.02613822641 0.274366204 -52.28877174
0.03033251471 0.2946751273 -60.55504692
0.02621019754 0.296180435 -60.1815355
0.02400857234 0.3033604337 -62.14284742
0.02284622256 0.2950665168 -58.91130662
0.03768472746 0.2992856316 -64.60449639
0.03468984898 0.3067126734 -66.4616016
0.02803623032 0.3242707844 -70.72670527
0.02360798026 0.3183673636 -67.12107288
0.03018881037 0.3150991089 -68.30581115
0.02079087858 0.3026349731 -60.18586569
0.02279808128 0.3087750981 -63.3014013
0.02995003047 0.3045799032 -64.7751175
0.01429881052 0.3213887219 -63.73696404
0.001474055547 0.3257920213 -59.42857925
-4.809493261e-05 0.3054212378 -51.27955747
0.01032485616 0.3080689087 -57.53411572
0.007878299596 0.3191101 -60.15426942
0.003856153894 0.3182534866 -57.61111338
0.009267689147 0.3123192361 -58.56247555
-0.002236739765 0.3215264305 -54.94643608
0.003521405901 0.304088842 -52.18864692
0.01201755756 0.2911464272 -53.01544228
0.008747540889 0.2856417552 -48.78607193
0.0092249306 0.2901844585 -50.8324715
0.01127547746 0.2923275728 -53.13057429
0.01345846277 0.2924411349 -54.85830684
0.004953304029 0.2809507157 -44.27500072
0.007773965224 0.2630485452 -39.88288302
0.01832304401 0.252865809 -44.54422753
0.03888345564 0.2023559602 -42.89661547
0.02416589916 0.1778842432 -21.48938567
0.01390471427 0.09176830127 18.33355211
0.01371589877 0.0400927123 37.36231241
0.01670069292 0.03095315706 37.8279736
0.02600521952 0.07115908542 14.79312196
0.01066659741 0.1253474748 9.681913281
0.01831080429 0.10656022 9.005764225
-0.01659595361 0.1599827184 23.95191575
-0.01366299941 0.1733141851 15.69766725
0.03005209535 0.1974289197 -38.44366969
0.05469129858 0.24499718 -81.37289513
0.03111622388 0.2480199279 -56.92086802
0.01724490012 0.2470392061 -41.49432576
0.01005663092 0.212161786 -20.80640895
0.03297331146 0.1978010636 -41.57933904
0.007199333631 0.2597236833 -33.84016585
-0.005253036168 0.2716572708 -23.5971037
0.005571131319 0.2275682738 -20.52463885
0.002389477661 0.2106526848 -10.41322076
