Car 0.00 0 -1.81 706.02 181.81 840.50 276.21 1.43 1.59 4.21 3.76 1.61 13.23 -1.54
Car 0.00 0 2.59 587.67 172.96 659.78 198.05 1.41 1.59 4.01 1.81 1.44 42.84 2.64
Pedestrian 0.00 0 0.16 461.95 170.86 477.49 214.89 1.72 0.74 0.56 -4.60 1.65 28.64 0.01
Cyclist 0.00 1 3.12 813.15 171.43 879.65 224.03 1.60 0.88 1.93 8.39 1.57 22.66 -2.81
Car 0.00 1 3.01 780.94 166.72 850.67 192.92 1.59 1.64 4.08 14.00 1.24 45.83 -2.98
Car 0.00 1 2.89 946.32 163.90 1037.55 189.20 1.46 1.64 4.63 24.11 0.96 43.86 -2.89
Van 0.06 1 2.68 1150.05 156.13 1241.00 189.47 1.83 1.71 3.92 34.59 0.92 41.30 -2.90
Car 0.00 0 0.14 363.86 178.87 428.18 204.94 1.49 1.59 3.46 -11.76 1.86 43.09 -0.12
Car 0.00 1 1.01 231.57 181.16 288.23 205.56 1.50 1.62 3.67 -21.53 2.05 46.35 0.58
Car 0.00 0 1.80 579.55 175.42 602.04 190.47 1.45 1.30 4.04 -0.90 1.72 72.14 1.79
Car 0.00 0 1.90 543.55 175.34 569.55 190.70 1.50 1.44 3.69 -4.37 1.76 72.86 1.84
