Van 0.00 0 -1.59 409.99 170.36 446.54 209.39 2.00 1.82 4.43 -8.98 1.90 39.57 -1.81
Cyclist 0.00 0 -1.69 453.92 174.40 504.38 274.54 1.74 0.82 1.79 -1.52 1.78 13.54 -1.80
Car 0.00 0 -1.51 677.97 179.38 905.65 372.05 1.51 1.69 4.04 3.18 1.59 7.88 -1.14
Car 0.00 0 -1.91 560.52 181.12 718.62 289.56 1.46 1.58 3.93 1.26 1.61 11.93 -1.81
Car 0.00 1 1.88 43.47 194.45 239.52 296.06 1.50 1.68 4.03 -7.49 1.95 13.44 1.38
Van 0.00 2 1.77 171.17 183.98 290.53 263.54 1.77 1.71 4.31 -8.65 2.07 18.65 1.34
Car 0.00 1 -1.78 514.49 175.29 602.30 244.65 1.60 1.70 3.56 -0.47 1.68 18.68 -1.80
Car 0.00 2 -1.76 495.33 179.21 566.99 231.25 1.52 1.73 3.89 -1.68 1.75 23.47 -1.83
Car 0.00 2 1.66 241.43 191.51 311.59 242.20 1.44 1.60 3.79 -9.83 2.08 23.56 1.27
Car 0.00 2 -1.72 479.04 182.75 527.38 219.90 1.37 1.51 3.49 -3.34 1.77 28.76 -1.83
