5.267376303672790527e-01 1.165876910090446472e-01 7.695733904838562012e-01 2.730624377727508545e-01
4.645227789878845215e-01 6.195402145385742188e-01 7.151665091514587402e-01 7.677253484725952148e-01
4.852139055728912354e-01 5.745752453804016113e-01 5.898181200027465820e-01 6.194724440574645996e-01
4.937574565410614014e-01 5.494592785835266113e-01 5.844491124153137207e-01 5.908849835395812988e-01
4.913654923439025879e-01 2.786656916141510010e-01 6.007323861122131348e-01 3.210632503032684326e-01
4.797140061855316162e-01 5.894104838371276855e-01 5.362132787704467773e-01 6.208375096321105957e-01
4.840793311595916748e-01 5.588907003402709961e-01 5.398204326629638672e-01 5.840495824813842773e-01
5.072501301765441895e-01 3.328411877155303955e-01 5.739333033561706543e-01 3.669185936450958252e-01
5.035130381584167480e-01 3.878006339073181152e-01 5.731957554817199707e-01 4.132521152496337891e-01
4.967027604579925537e-01 4.500629305839538574e-01 5.328148007392883301e-01 4.671174287796020508e-01
5.169316530227661133e-01 2.182893604040145874e-01 6.099482774734497070e-01 2.759434282779693604e-01
4.919062554836273193e-01 5.072767138481140137e-01 5.385153293609619141e-01 5.344640612602233887e-01
4.940479993820190430e-01 4.860699474811553955e-01 5.860651731491088867e-01 5.477705001831054688e-01
