5.040043592453002930e-01 5.396784842014312744e-02 7.877279520034790039e-01 3.089600205421447754e-01
4.778431057929992676e-01 3.444124460220336914e-01 7.728447318077087402e-01 4.813253283500671387e-01
4.143637418746948242e-01 8.936174511909484863e-01 4.699134230613708496e-01 9.587586522102355957e-01
4.691823124885559082e-01 5.448326468467712402e-01 5.219526886940002441e-01 5.764960646629333496e-01
4.393111467361450195e-01 7.075441479682922363e-01 4.648541212081909180e-01 7.319063544273376465e-01
4.404051899909973145e-01 7.540026307106018066e-01 4.673920869827270508e-01 7.805675864219665527e-01
4.270066022872924805e-01 8.460943698883056641e-01 4.713206887245178223e-01 8.858969211578369141e-01
4.518625438213348389e-01 5.530835986137390137e-01 4.808039963245391846e-01 5.760663151741027832e-01
4.377515614032745361e-01 6.535319089889526367e-01 4.645460546016693115e-01 6.773583889007568359e-01
4.121395945549011230e-01 9.485504031181335449e-01 4.628111720085144043e-01 9.965129494667053223e-01
4.491111934185028076e-01 6.190346479415893555e-01 4.801084101200103760e-01 6.369105577468872070e-01
4.345740973949432373e-01 8.302608132362365723e-01 4.665643870830535889e-01 8.592305779457092285e-01
4.720890223979949951e-01 4.202385544776916504e-01 5.332892537117004395e-01 4.587963819503784180e-01
4.525159597396850586e-01 5.093626976013183594e-01 5.154805779457092285e-01 5.414350032806396484e-01
