5.185276269912719727e-01 7.098972797393798828e-03 8.545079231262207031e-01 2.604671716690063477e-01
4.719825983047485352e-01 5.452268123626708984e-01 5.267701745033264160e-01 5.792893171310424805e-01
4.147900938987731934e-01 8.946436643600463867e-01 4.695799350738525391e-01 9.584125280380249023e-01
5.016043186187744141e-01 2.835934162139892578e-01 7.979294061660766602e-01 4.600003361701965332e-01
4.392241239547729492e-01 7.076745629310607910e-01 4.648434519767761230e-01 7.318319678306579590e-01
4.398905336856842041e-01 7.523413300514221191e-01 4.670690000057220459e-01 7.798334956169128418e-01
4.124846756458282471e-01 9.481269121170043945e-01 4.625943601131439209e-01 9.956301450729370117e-01
4.271201491355895996e-01 8.471913337707519531e-01 4.711841940879821777e-01 8.856517076492309570e-01
4.374902844429016113e-01 6.579383611679077148e-01 4.636159539222717285e-01 6.810126304626464844e-01
4.679791629314422607e-01 4.163506031036376953e-01 5.186768174171447754e-01 4.539117813110351562e-01
4.639481008052825928e-01 5.137599110603332520e-01 5.145851969718933105e-01 5.391835570335388184e-01
4.347464442253112793e-01 8.301863670349121094e-01 4.666352272033691406e-01 8.589094877243041992e-01
4.681892395019531250e-01 5.992506146430969238e-01 5.117394328117370605e-01 6.206659674644470215e-01
4.515166282653808594e-01 6.200984120368957520e-01 4.805825352668762207e-01 6.367273926734924316e-01
