5.450240373611450195e-01 1.836016774177551270e-03 9.815433025360107422e-01 3.043702244758605957e-01
4.150293767452239990e-01 8.947530984878540039e-01 4.698819220066070557e-01 9.599354267120361328e-01
4.742071330547332764e-01 5.392802357673645020e-01 5.397974252700805664e-01 5.773862004280090332e-01
4.371747076511383057e-01 7.075715661048889160e-01 4.635752737522125244e-01 7.309198975563049316e-01
4.704705476760864258e-01 3.829974234104156494e-01 5.360085964202880859e-01 4.271954596042633057e-01
4.406234622001647949e-01 7.562788128852844238e-01 4.673649072647094727e-01 7.815464138984680176e-01
4.270544648170471191e-01 8.451849222183227539e-01 4.713967442512512207e-01 8.843855857849121094e-01
4.371594786643981934e-01 6.543590426445007324e-01 4.646641612052917480e-01 6.775082945823669434e-01
4.128066301345825195e-01 9.502770304679870605e-01 4.622982740402221680e-01 9.950671792030334473e-01
4.349725544452667236e-01 8.309621214866638184e-01 4.658286273479461670e-01 8.590745329856872559e-01
4.507790505886077881e-01 6.219757199287414551e-01 4.802016913890838623e-01 6.370157599449157715e-01
4.656596183776855469e-01 4.269440770149230957e-01 5.226584076881408691e-01 4.538659453392028809e-01
