4.789474010467529297e-01 2.262338995933532715e-03 7.403895854949951172e-01 1.264123767614364624e-01
4.725291132926940918e-01 2.692273557186126709e-01 7.000560164451599121e-01 4.029136002063751221e-01
4.919086992740631104e-01 4.704971611499786377e-01 5.927222967147827148e-01 5.323048830032348633e-01
5.100249052047729492e-01 6.963196396827697754e-01 8.327970504760742188e-01 8.229530453681945801e-01
4.669112265110015869e-01 4.396061897277832031e-01 5.252069830894470215e-01 4.708586931228637695e-01
4.574802517890930176e-01 6.044403314590454102e-01 6.758686900138854980e-01 7.042956352233886719e-01
4.756649732589721680e-01 3.779385983943939209e-01 5.454508066177368164e-01 4.219365417957305908e-01
5.028234720230102539e-01 6.676864027976989746e-01 8.120110034942626953e-01 7.727325558662414551e-01
4.705483913421630859e-01 1.781480014324188232e-01 6.689330339431762695e-01 2.904965281486511230e-01
4.951520860195159912e-01 3.573491275310516357e-01 5.795506834983825684e-01 4.151125252246856689e-01
4.817046523094177246e-01 4.973820745944976807e-01 5.245046019554138184e-01 5.267919301986694336e-01
4.710811376571655273e-01 2.324234843254089355e-01 6.791354417800903320e-01 3.638780117034912109e-01
