5.161759853363037109e-01 5.355509370565414429e-02 7.256727218627929688e-01 2.180360853672027588e-01
4.839034676551818848e-01 3.938233852386474609e-01 5.372949242591857910e-01 4.211284518241882324e-01
4.811968803405761719e-01 4.389906823635101318e-01 5.142250657081604004e-01 4.598505198955535889e-01
4.919035732746124268e-01 2.532214522361755371e-01 6.153119802474975586e-01 3.102613687515258789e-01
4.838590621948242188e-01 3.141333162784576416e-01 5.880337953567504883e-01 3.601815402507781982e-01
4.839378595352172852e-01 3.283951580524444580e-01 5.534424781799316406e-01 3.606053292751312256e-01
4.667313694953918457e-01 5.084583163261413574e-01 4.855219721794128418e-01 5.205165743827819824e-01
4.728884100914001465e-01 5.025572180747985840e-01 5.045953989028930664e-01 5.244895815849304199e-01
4.940201342105865479e-01 2.206060886383056641e-01 6.318956613540649414e-01 2.880568504333496094e-01
4.592471718788146973e-01 5.550695657730102539e-01 4.827442765235900879e-01 5.729151964187622070e-01
