4.807195663452148438e-01 2.729314565658569336e-01 9.415735006332397461e-01 4.939330220222473145e-01
5.616290569305419922e-01 7.750127911567687988e-01 9.905698299407958984e-01 9.938110709190368652e-01
5.172164440155029297e-01 8.739218115806579590e-03 9.893814325332641602e-01 3.250786066055297852e-01
4.684584736824035645e-01 5.933011174201965332e-01 5.388571619987487793e-01 6.385232806205749512e-01
4.753937721252441406e-01 7.050594091415405273e-01 5.138534307479858398e-01 7.289011478424072266e-01
4.533276557922363281e-01 6.530079245567321777e-01 4.821577072143554688e-01 6.748277544975280762e-01
4.644345939159393311e-01 6.580162644386291504e-01 5.138033628463745117e-01 6.821123957633972168e-01
4.657734036445617676e-01 4.729408919811248779e-01 6.907795071601867676e-01 5.897630453109741211e-01
4.922739267349243164e-01 7.143031954765319824e-01 6.259882450103759766e-01 7.840738892555236816e-01
4.658569693565368652e-01 5.298380851745605469e-01 5.438142418861389160e-01 5.761625766754150391e-01
