4.150230586528778076e-01 8.941320776939392090e-01 4.693436920642852783e-01 9.611682295799255371e-01
4.391807019710540771e-01 7.079710960388183594e-01 4.644356667995452881e-01 7.315762042999267578e-01
4.717604815959930420e-01 5.389690399169921875e-01 5.191287994384765625e-01 5.642244815826416016e-01
4.377205967903137207e-01 6.550688147544860840e-01 4.641260504722595215e-01 6.770657896995544434e-01
4.281033575534820557e-01 8.457372784614562988e-01 4.714725911617279053e-01 8.848099112510681152e-01
4.402853250503540039e-01 7.568073272705078125e-01 4.670820832252502441e-01 7.812743186950683594e-01
4.509574472904205322e-01 6.100525259971618652e-01 4.797983467578887939e-01 6.267157196998596191e-01
4.709562659263610840e-01 5.158463716506958008e-01 5.253805518150329590e-01 5.424785614013671875e-01
4.662957787513732910e-01 5.876902937889099121e-01 5.131469964981079102e-01 6.100050806999206543e-01
4.732195436954498291e-01 3.915543556213378906e-01 5.391474366188049316e-01 4.198500514030456543e-01
4.528864026069641113e-01 5.520277619361877441e-01 4.808954596519470215e-01 5.725775361061096191e-01
4.104781746864318848e-01 9.477211236953735352e-01 4.624717235565185547e-01 9.948643445968627930e-01
4.351904094219207764e-01 8.314202427864074707e-01 4.661558568477630615e-01 8.590384125709533691e-01
4.981091320514678955e-01 2.776852250099182129e-01 5.876447558403015137e-01 3.251488804817199707e-01
4.896939396858215332e-01 2.791852653026580811e-01 5.343065857887268066e-01 3.116558492183685303e-01
