5.120175480842590332e-01 3.208759725093841553e-01 5.707771182060241699e-01 3.645716607570648193e-01
5.093790292739868164e-01 3.852950036525726318e-01 5.680536031723022461e-01 4.134427011013031006e-01
5.364410877227783203e-01 3.065009713172912598e-01 6.815551519393920898e-01 3.897781968116760254e-01
4.915918707847595215e-01 1.766144782304763794e-01 6.524174809455871582e-01 2.808569669723510742e-01
4.944750964641571045e-01 3.375818729400634766e-01 5.267246365547180176e-01 3.637914061546325684e-01
4.846312999725341797e-01 4.475903809070587158e-01 5.452063083648681641e-01 4.730742275714874268e-01
4.924527704715728760e-01 3.881057202816009521e-01 5.364201664924621582e-01 4.125176966190338135e-01
5.136162638664245605e-01 2.821609973907470703e-01 5.788051486015319824e-01 3.111387491226196289e-01
4.902181923389434814e-01 2.812002897262573242e-01 5.288767814636230469e-01 3.091732859611511230e-01
5.111567974090576172e-01 4.352646172046661377e-01 5.646173954010009766e-01 4.624377191066741943e-01
