4.496309161186218262e-01 5.957859754562377930e-01 6.894255280494689941e-01 7.224805355072021484e-01
5.055171251296997070e-01 1.679288148880004883e-01 8.301090002059936523e-01 3.253518939018249512e-01
5.687620639801025391e-01 0.000000000000000000e+00 9.963519573211669922e-01 1.980906724929809570e-01
4.747547209262847900e-01 4.390047490596771240e-01 5.248690843582153320e-01 4.692499935626983643e-01
4.677039682865142822e-01 5.533574819564819336e-01 5.323786735534667969e-01 5.759608745574951172e-01
4.574525356292724609e-01 4.995696842670440674e-01 4.806292057037353516e-01 5.141147971153259277e-01
4.680350720882415771e-01 5.797422528266906738e-01 5.395367145538330078e-01 6.163117289543151855e-01
4.706159234046936035e-01 4.006039202213287354e-01 5.165895223617553711e-01 4.270502626895904541e-01
4.605417847633361816e-01 5.524978637695312500e-01 4.841061234474182129e-01 5.670278072357177734e-01
4.638194739818572998e-01 5.039879679679870605e-01 5.044260025024414062e-01 5.229559540748596191e-01
