5.386544466018676758e-01 1.631075739860534668e-01 9.385864734649658203e-01 3.766372203826904297e-01
6.391041874885559082e-01 8.246436715126037598e-03 9.865851998329162598e-01 2.614009380340576172e-01
5.251798629760742188e-01 7.192994356155395508e-01 9.927921295166015625e-01 9.939420223236083984e-01
4.949830770492553711e-01 3.161519169807434082e-01 5.891897678375244141e-01 3.787822127342224121e-01
4.852907657623291016e-01 5.288668274879455566e-01 5.996568202972412109e-01 5.952759385108947754e-01
4.767164885997772217e-01 4.400876760482788086e-01 5.410043001174926758e-01 4.680317640304565430e-01
4.782575368881225586e-01 3.900125324726104736e-01 5.360461473464965820e-01 4.224341213703155518e-01
4.773482382297515869e-01 3.138305246829986572e-01 5.488259792327880859e-01 3.728086650371551514e-01
4.862733781337738037e-01 4.248202443122863770e-01 5.819725394248962402e-01 4.675212502479553223e-01
4.771652221679687500e-01 4.816472530364990234e-01 5.411767959594726562e-01 5.142654180526733398e-01
4.808481037616729736e-01 4.562958180904388428e-01 5.902946591377258301e-01 5.087188482284545898e-01
