4.600862264633178711e-01 4.660117030143737793e-01 5.260471701622009277e-01 5.066690444946289062e-01
4.636206626892089844e-01 3.613207340240478516e-01 5.763207674026489258e-01 4.285364747047424316e-01
4.363073110580444336e-01 6.969240903854370117e-01 4.736561775207519531e-01 7.390109300613403320e-01
4.596937298774719238e-01 5.631905794143676758e-01 5.036320686340332031e-01 5.877482891082763672e-01
4.308809638023376465e-01 8.611830472946166992e-01 4.643140435218811035e-01 8.975055217742919922e-01
4.881920814514160156e-01 1.721144169569015503e-01 6.363222599029541016e-01 2.727823257446289062e-01
4.487712979316711426e-01 6.031442880630493164e-01 4.872059226036071777e-01 6.249474287033081055e-01
4.743162691593170166e-01 4.551996290683746338e-01 5.307250022888183594e-01 4.869197309017181396e-01
4.322110414505004883e-01 8.004369735717773438e-01 4.695125222206115723e-01 8.348786830902099609e-01
4.513974487781524658e-01 5.646315217018127441e-01 4.897967278957366943e-01 5.836667418479919434e-01
4.450554251670837402e-01 6.496903896331787109e-01 4.852976202964782715e-01 6.779547929763793945e-01
4.414202570915222168e-01 7.595592141151428223e-01 4.795778393745422363e-01 7.881383299827575684e-01
