5.251523256301879883e-01 6.775614619255065918e-01 9.905709028244018555e-01 1.000000000000000000e+00
5.003993511199951172e-01 7.150530815124511719e-03 8.075423240661621094e-01 2.362724244594573975e-01
4.935131669044494629e-01 5.990996956825256348e-01 7.719820141792297363e-01 7.188461422920227051e-01
4.709358215332031250e-01 4.322509467601776123e-01 5.192245244979858398e-01 4.624213874340057373e-01
4.722722768783569336e-01 3.726880550384521484e-01 5.593905448913574219e-01 4.185314774513244629e-01
4.780740141868591309e-01 5.664566159248352051e-01 5.989519953727722168e-01 6.267377734184265137e-01
4.796160459518432617e-01 2.998837828636169434e-01 6.329755783081054688e-01 3.863210082054138184e-01
4.791713953018188477e-01 3.636409938335418701e-01 5.934005975723266602e-01 4.151408970355987549e-01
4.703466594219207764e-01 4.911429286003112793e-01 5.187354683876037598e-01 5.199145674705505371e-01
4.900668561458587646e-01 2.032839655876159668e-01 6.622306704521179199e-01 3.555862903594970703e-01
4.881566166877746582e-01 5.488539338111877441e-01 5.986370444297790527e-01 5.970125794410705566e-01
