4.916315972805023193e-01 5.665422677993774414e-01 6.041264533996582031e-01 6.392189264297485352e-01
4.665594696998596191e-01 6.684400439262390137e-01 7.863715291023254395e-01 8.590030074119567871e-01
4.950641989707946777e-01 4.454872906208038330e-01 5.279546380043029785e-01 4.675998389720916748e-01
4.854830801486968994e-01 2.497997432947158813e-01 6.350547075271606445e-01 3.337070047855377197e-01
4.970769286155700684e-01 6.116316914558410645e-01 6.116344332695007324e-01 6.637057662010192871e-01
5.143011212348937988e-01 1.185287833213806152e-01 6.798195242881774902e-01 2.572768926620483398e-01
4.931456148624420166e-01 5.412138700485229492e-01 5.857617855072021484e-01 5.904176235198974609e-01
4.938211143016815186e-01 4.803016781806945801e-01 5.948624014854431152e-01 5.446674227714538574e-01
5.017723441123962402e-01 3.267518877983093262e-01 6.195231080055236816e-01 3.724684715270996094e-01
4.893657863140106201e-01 5.050858259201049805e-01 5.347818136215209961e-01 5.329426527023315430e-01
