6.254975199699401855e-01 7.528464794158935547e-01 9.875075221061706543e-01 1.000000000000000000e+00
4.809580445289611816e-01 2.205283343791961670e-01 6.641671061515808105e-01 3.793440759181976318e-01
4.964455962181091309e-01 2.373497933149337769e-02 8.160408139228820801e-01 2.517251670360565186e-01
4.754431545734405518e-01 5.336272716522216797e-01 5.369576811790466309e-01 5.705243349075317383e-01
4.745254814624786377e-01 3.834405541419982910e-01 5.529969930648803711e-01 4.242707490921020508e-01
4.715023636817932129e-01 4.263499379158020020e-01 5.208064317703247070e-01 4.584251046180725098e-01
4.697204530239105225e-01 4.996158778667449951e-01 5.193396806716918945e-01 5.300582051277160645e-01
4.824964404106140137e-01 5.611823797225952148e-01 7.443034052848815918e-01 6.875293254852294922e-01
5.266367197036743164e-01 4.362329840660095215e-03 9.076702594757080078e-01 1.545515507459640503e-01
4.636690318584442139e-01 3.135244250297546387e-01 5.477169752120971680e-01 3.766010999679565430e-01
4.577956795692443848e-01 4.473364651203155518e-01 4.833084344863891602e-01 4.700900018215179443e-01
