4.515619277954101562e-01 3.463477492332458496e-01 5.370429754257202148e-01 4.246015548706054688e-01
4.729400277137756348e-01 4.702419638633728027e-01 5.204074382781982422e-01 5.059401988983154297e-01
4.529111087322235107e-01 7.557026147842407227e-01 4.821560084819793701e-01 7.879366874694824219e-01
4.524083435535430908e-01 6.559897065162658691e-01 4.850700795650482178e-01 6.804429888725280762e-01
4.526647329330444336e-01 9.117045998573303223e-01 4.831571578979492188e-01 9.450809359550476074e-01
4.649895727634429932e-01 5.448451638221740723e-01 5.010027885437011719e-01 5.733875632286071777e-01
4.489125609397888184e-01 8.723631501197814941e-01 4.800916910171508789e-01 9.037899374961853027e-01
4.574660062789916992e-01 8.039720058441162109e-01 4.884440898895263672e-01 8.362512588500976562e-01
4.572384953498840332e-01 5.513468384742736816e-01 4.854226708412170410e-01 5.753799080848693848e-01
4.650956988334655762e-01 2.129660248756408691e-01 5.419836640357971191e-01 2.687988877296447754e-01
4.593343138694763184e-01 6.127423644065856934e-01 4.871090650558471680e-01 6.321783661842346191e-01
4.574292004108428955e-01 7.064436674118041992e-01 4.833351075649261475e-01 7.279318571090698242e-01
4.750586152076721191e-01 4.533143341541290283e-01 5.261970162391662598e-01 4.764614999294281006e-01
4.653024077415466309e-01 6.183174848556518555e-01 5.060950517654418945e-01 6.397514343261718750e-01
4.606419801712036133e-01 6.588004827499389648e-01 5.057890415191650391e-01 6.806323528289794922e-01
