4.774950146675109863e-01 3.947213888168334961e-01 5.194091200828552246e-01 4.212412834167480469e-01
4.621796607971191406e-01 5.015983581542968750e-01 4.809929132461547852e-01 5.179586410522460938e-01
4.846788942813873291e-01 3.138075768947601318e-01 5.847762823104858398e-01 3.770023882389068604e-01
4.778327643871307373e-01 3.329756259918212891e-01 5.558394193649291992e-01 3.765798807144165039e-01
4.802474975585937500e-01 4.738695919513702393e-03 8.063250780105590820e-01 1.309257447719573975e-01
4.688565731048583984e-01 5.399405956268310547e-01 5.080182552337646484e-01 5.702342987060546875e-01
4.769024252891540527e-01 4.335921406745910645e-01 5.085999369621276855e-01 4.587887525558471680e-01
4.531230032444000244e-01 5.507290959358215332e-01 4.772445261478424072e-01 5.709667801856994629e-01
4.725619554519653320e-01 4.901374280452728271e-01 5.053968429565429688e-01 5.213595628738403320e-01
4.619944095611572266e-01 4.437960982322692871e-01 4.848381876945495605e-01 4.618274569511413574e-01
