5.099301934242248535e-01 2.104514092206954956e-01 7.495829463005065918e-01 3.436935544013977051e-01
4.931576251983642578e-01 6.778426468372344971e-03 7.748203277587890625e-01 1.926192343235015869e-01
5.094513893127441406e-01 4.417383074760437012e-01 5.619460344314575195e-01 4.673739671707153320e-01
5.095402598381042480e-01 3.918873369693756104e-01 5.762429833412170410e-01 4.172007739543914795e-01
4.976668655872344971e-01 4.525319635868072510e-01 5.355172157287597656e-01 4.701985418796539307e-01
4.917155802249908447e-01 4.030463099479675293e-01 5.295447111129760742e-01 4.197307825088500977e-01
5.081314444541931152e-01 1.715557873249053955e-01 7.971059679985046387e-01 3.302460014820098877e-01
5.049642920494079590e-01 3.307662904262542725e-01 5.863880515098571777e-01 3.611339032649993896e-01
5.045654773712158203e-01 4.760629534721374512e-01 5.384274721145629883e-01 4.961957931518554688e-01
5.409550666809082031e-01 1.486740112304687500e-01 8.377567529678344727e-01 2.931740581989288330e-01
4.915241301059722900e-01 3.339715600013732910e-01 5.279520750045776367e-01 3.534176349639892578e-01
