5.485804080963134766e-01 7.423542439937591553e-03 8.577256202697753906e-01 1.596156358718872070e-01
4.112802743911743164e-01 8.924883604049682617e-01 4.692056775093078613e-01 9.612140655517578125e-01
4.306806027889251709e-01 1.869984269142150879e-01 8.626648187637329102e-01 4.326375722885131836e-01
4.374765753746032715e-01 7.080717086791992188e-01 4.629799127578735352e-01 7.318596839904785156e-01
4.585345983505249023e-01 5.478631258010864258e-01 5.458391904830932617e-01 5.873833894729614258e-01
4.355378448963165283e-01 6.526459455490112305e-01 4.623554050922393799e-01 6.760730743408203125e-01
4.390460848808288574e-01 7.534146308898925781e-01 4.658042788505554199e-01 7.791237831115722656e-01
4.255477786064147949e-01 8.439738750457763672e-01 4.708095192909240723e-01 8.858826160430908203e-01
4.648688137531280518e-01 4.139284193515777588e-01 5.164217948913574219e-01 4.480786621570587158e-01
4.072237610816955566e-01 9.468176960945129395e-01 4.630658626556396484e-01 9.959467053413391113e-01
4.411736428737640381e-01 5.539827942848205566e-01 4.752766191959381104e-01 5.780914425849914551e-01
4.720076620578765869e-01 3.908685743808746338e-01 5.411964654922485352e-01 4.262571632862091064e-01
4.351388514041900635e-01 8.298360705375671387e-01 4.663785398006439209e-01 8.595846295356750488e-01
4.448999464511871338e-01 6.208221316337585449e-01 4.748467504978179932e-01 6.360252499580383301e-01
