4.973943233489990234e-01 6.558179259300231934e-01 9.912501573562622070e-01 1.000000000000000000e+00
5.139720439910888672e-01 2.276563346385955811e-01 7.928668260574340820e-01 3.857812583446502686e-01
5.526154041290283203e-01 1.175443828105926514e-02 9.957915544509887695e-01 3.171013593673706055e-01
4.854737818241119385e-01 5.232517719268798828e-01 5.963205695152282715e-01 5.840193033218383789e-01
4.764770567417144775e-01 3.851865231990814209e-01 5.423960089683532715e-01 4.194351136684417725e-01
4.768014550209045410e-01 4.352194964885711670e-01 5.420532822608947754e-01 4.639430940151214600e-01
4.769063293933868408e-01 4.774838984012603760e-01 5.405365824699401855e-01 5.104141831398010254e-01
5.057885050773620605e-01 3.196848630905151367e-01 5.948231816291809082e-01 3.791678547859191895e-01
4.837405383586883545e-01 3.277650177478790283e-01 5.348513126373291016e-01 3.770594894886016846e-01
4.877970814704895020e-01 4.202574491500854492e-01 5.780692696571350098e-01 4.626979231834411621e-01
4.826560616493225098e-01 4.564237296581268311e-01 5.890775322914123535e-01 5.071867704391479492e-01
