4.710550606250762939e-01 5.672211199998855591e-02 7.298439741134643555e-01 2.349369525909423828e-01
4.731805324554443359e-01 2.587734460830688477e-01 7.296668291091918945e-01 3.785101175308227539e-01
4.841036498546600342e-01 3.835512399673461914e-01 5.807587504386901855e-01 4.325815439224243164e-01
4.815490245819091797e-01 3.845600783824920654e-01 5.483607053756713867e-01 4.195892512798309326e-01
4.757245182991027832e-01 4.618591368198394775e-01 5.504670739173889160e-01 5.032514929771423340e-01
5.047372579574584961e-01 2.239658087491989136e-01 6.011959314346313477e-01 2.727981507778167725e-01
4.717186391353607178e-01 4.400429129600524902e-01 5.513302683830261230e-01 4.726400375366210938e-01
4.988970756530761719e-01 3.182480931282043457e-01 5.851833820343017578e-01 3.771597743034362793e-01
4.778478145599365234e-01 3.526400625705718994e-01 5.210543870925903320e-01 3.808531463146209717e-01
4.846542775630950928e-01 2.167534083127975464e-03 7.213964462280273438e-01 7.437178492546081543e-02
4.956646263599395752e-01 4.293167591094970703e-01 5.778862833976745605e-01 4.670822620391845703e-01
