4.980661273002624512e-01 6.437304615974426270e-01 9.303322434425354004e-01 8.621615767478942871e-01
5.035483837127685547e-01 5.676426738500595093e-02 7.486931085586547852e-01 2.790027558803558350e-01
4.760501980781555176e-01 3.564760386943817139e-01 5.961483120918273926e-01 4.209732711315155029e-01
4.728421866893768311e-01 4.363832175731658936e-01 5.209051370620727539e-01 4.647034704685211182e-01
4.723756909370422363e-01 4.935339689254760742e-01 5.154377222061157227e-01 5.223364830017089844e-01
4.719817340373992920e-01 3.742940723896026611e-01 5.638031959533691406e-01 4.231068193912506104e-01
4.871378242969512939e-01 3.134997487068176270e-01 6.236948370933532715e-01 3.822542428970336914e-01
4.711147546768188477e-01 5.651023387908935547e-01 6.348350048065185547e-01 6.266819238662719727e-01
4.867952466011047363e-01 2.437634766101837158e-01 6.476129889488220215e-01 3.636503517627716064e-01
4.701198637485504150e-01 5.670630335807800293e-01 5.621908307075500488e-01 6.233583092689514160e-01
