5.428584218025207520e-01 7.701988816261291504e-01 9.882418513298034668e-01 1.000000000000000000e+00
5.107427239418029785e-01 1.089458018541336060e-01 8.194306492805480957e-01 2.800012230873107910e-01
4.464434385299682617e-01 2.818980515003204346e-01 5.763293504714965820e-01 3.940437734127044678e-01
4.768176674842834473e-01 5.840783715248107910e-01 5.548735260963439941e-01 6.514902710914611816e-01
4.738578200340270996e-01 4.913305640220642090e-01 5.299287438392639160e-01 5.262225270271301270e-01
4.554242491722106934e-01 3.831459581851959229e-01 5.324988365173339844e-01 4.279525578022003174e-01
4.656778573989868164e-01 4.362198710441589355e-01 5.143426656723022461e-01 4.721803069114685059e-01
4.742000699043273926e-01 4.322074353694915771e-03 8.964676260948181152e-01 1.282702386379241943e-01
5.713087320327758789e-01 8.263229727745056152e-01 9.108605384826660156e-01 9.948186278343200684e-01
4.724887609481811523e-01 1.565573364496231079e-02 8.601740598678588867e-01 2.628661692142486572e-01
