4.995112121105194092e-01 9.010239690542221069e-02 5.733971595764160156e-01 1.690503060817718506e-01
4.921555519104003906e-01 2.399316430091857910e-01 7.440816164016723633e-01 3.522896170616149902e-01
4.922865629196166992e-01 4.093146324157714844e-01 5.204281806945800781e-01 4.268152713775634766e-01
4.898737668991088867e-01 4.438583850860595703e-01 5.301301479339599609e-01 4.614952802658081055e-01
4.940551817417144775e-01 4.257450401782989502e-01 5.745977163314819336e-01 4.589162170886993408e-01
4.994850158691406250e-01 1.542299091815948486e-01 5.668903589248657227e-01 2.001723051071166992e-01
5.056654214859008789e-01 4.032184779644012451e-01 5.694910287857055664e-01 4.401777088642120361e-01
4.866205155849456787e-01 4.867227673530578613e-01 5.340571403503417969e-01 5.039469003677368164e-01
4.977219104766845703e-01 4.718668758869171143e-01 5.759681463241577148e-01 5.046278238296508789e-01
4.815960228443145752e-01 3.616971969604492188e-01 5.096241235733032227e-01 3.805131912231445312e-01
4.819025993347167969e-01 2.370201051235198975e-03 5.945935249328613281e-01 8.655387908220291138e-02
