5.458422899246215820e-01 6.528117656707763672e-01 9.890520572662353516e-01 8.747352361679077148e-01
4.912551641464233398e-01 1.110218465328216553e-01 7.473429441452026367e-01 2.822270989418029785e-01
4.772816300392150879e-01 4.394991397857666016e-01 5.171954035758972168e-01 4.648433327674865723e-01
4.795105755329132080e-01 3.815596103668212891e-01 5.533520579338073730e-01 4.233916997909545898e-01
5.134185552597045898e-01 9.636357426643371582e-04 9.968171119689941406e-01 1.830701828002929688e-01
4.731108546257019043e-01 2.358777225017547607e-01 7.095136046409606934e-01 3.607319891452789307e-01
4.832471609115600586e-01 5.753993988037109375e-01 6.419218778610229492e-01 7.813131809234619141e-01
4.922509491443634033e-01 3.563808798789978027e-01 5.706013441085815430e-01 4.134646058082580566e-01
4.954797625541687012e-01 3.120386302471160889e-01 5.815575718879699707e-01 3.781543672084808350e-01
4.821117222309112549e-01 4.887446761131286621e-01 5.242036581039428711e-01 5.119057297706604004e-01
