4.769745171070098877e-01 4.792981743812561035e-01 5.276647210121154785e-01 5.114655494689941406e-01
5.036601424217224121e-01 1.647474765777587891e-01 6.246038079261779785e-01 2.780572772026062012e-01
4.750169217586517334e-01 4.351759552955627441e-01 5.410267710685729980e-01 4.737750887870788574e-01
4.924494922161102295e-01 3.513627648353576660e-01 5.809252858161926270e-01 4.157001376152038574e-01
4.752269089221954346e-01 5.600434541702270508e-01 5.084555745124816895e-01 5.769313573837280273e-01
4.460600316524505615e-01 7.075067758560180664e-01 4.797358810901641846e-01 7.459604740142822266e-01
4.436596930027008057e-01 9.162499904632568359e-01 4.799546897411346436e-01 9.487184286117553711e-01
4.490486979484558105e-01 8.632246851921081543e-01 4.816775321960449219e-01 8.906555771827697754e-01
4.531602263450622559e-01 8.093395233154296875e-01 4.858597517013549805e-01 8.377287387847900391e-01
4.657789468765258789e-01 6.046198010444641113e-01 5.186978578567504883e-01 6.247122883796691895e-01
4.866583943367004395e-01 3.034555613994598389e-01 5.926076769828796387e-01 3.950271308422088623e-01
4.373363852500915527e-01 9.556500911712646484e-01 4.880091547966003418e-01 9.878468513488769531e-01
4.791622757911682129e-01 3.917049765586853027e-01 5.437807440757751465e-01 4.270330071449279785e-01
4.742134809494018555e-01 3.089187443256378174e-01 5.665309429168701172e-01 3.858967125415802002e-01
4.518329501152038574e-01 7.562051415443420410e-01 4.778653979301452637e-01 7.803862690925598145e-01
