4.857210516929626465e-01 9.432911872863769531e-03 8.444110751152038574e-01 2.432840764522552490e-01
4.739146232604980469e-01 4.399722814559936523e-01 5.325342416763305664e-01 4.688897132873535156e-01
4.758126735687255859e-01 3.848142027854919434e-01 5.428553819656372070e-01 4.279749393463134766e-01
4.633707702159881592e-01 2.017365097999572754e-01 7.016316652297973633e-01 3.432642817497253418e-01
4.878230988979339600e-01 5.488651990890502930e-01 5.360121726989746094e-01 5.750515460968017578e-01
5.054180622100830078e-01 5.802272558212280273e-01 5.954664945602416992e-01 6.350572109222412109e-01
4.731920957565307617e-01 3.043048083782196045e-01 6.227521896362304688e-01 3.790269196033477783e-01
4.809065759181976318e-01 5.080131888389587402e-01 5.212246775627136230e-01 5.290541052818298340e-01
5.141492486000061035e-01 5.475221276283264160e-01 5.853762030601501465e-01 5.739422440528869629e-01
5.223446488380432129e-01 5.673391819000244141e-01 6.946548819541931152e-01 6.516300439834594727e-01
4.727610945701599121e-01 3.453132212162017822e-01 5.983702540397644043e-01 4.195184409618377686e-01
