5.385872125625610352e-01 7.276378870010375977e-01 9.897896051406860352e-01 9.950051307678222656e-01
4.970549941062927246e-01 6.511236429214477539e-01 7.606903910636901855e-01 7.854256629943847656e-01
4.844946861267089844e-01 4.281263947486877441e-01 5.286203622817993164e-01 4.535641670227050781e-01
5.294215679168701172e-01 1.093789190053939819e-01 8.851592540740966797e-01 3.027117252349853516e-01
4.815875589847564697e-01 4.893461763858795166e-01 5.104957818984985352e-01 5.085194110870361328e-01
4.802105426788330078e-01 5.534927845001220703e-01 5.323885679244995117e-01 5.762364864349365234e-01
4.738255739212036133e-01 5.722273588180541992e-01 6.354932785034179688e-01 6.381295919418334961e-01
5.054571628570556641e-01 3.258986771106719971e-01 6.374281644821166992e-01 3.835550248622894287e-01
4.975541234016418457e-01 4.105831086635589600e-01 5.323613286018371582e-01 4.324826300144195557e-01
5.160804390907287598e-01 3.734931051731109619e-01 5.724026560783386230e-01 4.020319879055023193e-01
