4.940000474452972412e-01 1.109181419014930725e-01 8.304232358932495117e-01 3.098037540912628174e-01
4.764679670333862305e-01 4.999807476997375488e-01 5.251407623291015625e-01 5.346456170082092285e-01
4.842081665992736816e-01 4.821200668811798096e-01 6.365684866905212402e-01 5.533478856086730957e-01
4.937982261180877686e-01 5.917329788208007812e-01 5.270616412162780762e-01 6.110646724700927734e-01
4.838954210281372070e-01 5.580753684043884277e-01 5.208226442337036133e-01 5.776322484016418457e-01
4.973491430282592773e-01 5.071915686130523682e-03 8.085671663284301758e-01 1.384314298629760742e-01
4.828065037727355957e-01 4.460972547531127930e-01 5.229838490486145020e-01 4.679068922996520996e-01
4.811149835586547852e-01 7.340808212757110596e-02 6.220481395721435547e-01 1.547710746526718140e-01
4.587537050247192383e-01 1.961252838373184204e-01 5.180813074111938477e-01 2.662451863288879395e-01
4.931511878967285156e-01 1.784761250019073486e-02 7.099182605743408203e-01 1.480778157711029053e-01
