5.974175930023193359e-01 1.195730045437812805e-01 9.813836812973022461e-01 3.596411645412445068e-01
5.208494663238525391e-01 4.865653812885284424e-03 8.848932981491088867e-01 1.623139381408691406e-01
6.335547566413879395e-01 7.354821562767028809e-01 1.000000000000000000e+00 9.964008927345275879e-01
4.896701574325561523e-01 4.734348952770233154e-01 5.914523601531982422e-01 5.163915157318115234e-01
6.155576109886169434e-01 6.317098736763000488e-01 9.946944117546081543e-01 8.743936419486999512e-01
4.766253232955932617e-01 4.416688382625579834e-01 5.355402231216430664e-01 4.691146314144134521e-01
4.869859218597412109e-01 4.300485551357269287e-01 5.915255546569824219e-01 4.746634066104888916e-01
5.133270025253295898e-01 2.881357073783874512e-01 7.185244560241699219e-01 4.042528271675109863e-01
4.813428521156311035e-01 3.948989510536193848e-01 5.281439423561096191e-01 4.213870763778686523e-01
5.005164742469787598e-01 1.643793284893035889e-01 5.943184494972229004e-01 2.269949913024902344e-01
4.838648140430450439e-01 5.635108947753906250e-01 7.485946416854858398e-01 6.604580879211425781e-01
5.510357618331909180e-01 6.028809547424316406e-01 9.015725851058959961e-01 8.629405498504638672e-01
5.047898292541503906e-01 3.853237032890319824e-01 6.000510454177856445e-01 4.175317883491516113e-01
4.827046096324920654e-01 4.903945326805114746e-01 5.429049134254455566e-01 5.230512022972106934e-01
5.249230265617370605e-01 3.717198967933654785e-01 6.760553717613220215e-01 4.208187460899353027e-01
4.983121752738952637e-01 5.327975153923034668e-01 5.773907303810119629e-01 5.695942044258117676e-01
5.682386755943298340e-01 5.885619521141052246e-01 8.377143740653991699e-01 7.487966418266296387e-01
