5.064047574996948242e-01 1.676125824451446533e-02 9.657657146453857422e-01 2.794243097305297852e-01
4.803686439990997314e-01 4.441238343715667725e-01 5.282235741615295410e-01 4.791187345981597900e-01
4.733132719993591309e-01 5.504266023635864258e-01 5.229197740554809570e-01 5.729222297668457031e-01
5.041012167930603027e-01 2.448742389678955078e-01 7.491030097007751465e-01 3.666294217109680176e-01
4.758709967136383057e-01 4.928249716758728027e-01 5.124940872192382812e-01 5.129389166831970215e-01
4.625512361526489258e-01 5.717960000038146973e-01 6.065053939819335938e-01 6.558406949043273926e-01
4.955701828002929688e-01 2.802560329437255859e-01 7.254559993743896484e-01 3.844128251075744629e-01
4.749118387699127197e-01 5.873337984085083008e-01 5.473675727844238281e-01 6.336455345153808594e-01
4.996639192104339600e-01 3.180916309356689453e-01 6.614734530448913574e-01 3.885185718536376953e-01
5.124614238739013672e-01 1.631472408771514893e-01 8.068016767501831055e-01 2.964431643486022949e-01
