4.414924979209899902e-01 6.823010444641113281e-01 8.746986985206604004e-01 8.830770254135131836e-01
4.774359464645385742e-01 5.441339612007141113e-01 5.345389842987060547e-01 5.702454447746276855e-01
4.628432393074035645e-01 6.047918796539306641e-01 6.963086724281311035e-01 7.014542818069458008e-01
4.828964173793792725e-01 4.932618439197540283e-01 5.290469527244567871e-01 5.189040303230285645e-01
4.809346199035644531e-01 3.834702968597412109e-01 5.208903551101684570e-01 4.060947299003601074e-01
5.043841004371643066e-01 3.624879121780395508e-01 5.618005394935607910e-01 4.052383303642272949e-01
4.727718532085418701e-01 5.825035572052001953e-01 5.499691367149353027e-01 6.243978738784790039e-01
4.741305112838745117e-01 4.561320543289184570e-01 5.069658160209655762e-01 4.728345274925231934e-01
4.650323092937469482e-01 4.533886909484863281e-01 4.882307350635528564e-01 4.697284102439880371e-01
5.534222126007080078e-01 5.317267775535583496e-01 6.397867202758789062e-01 5.932802557945251465e-01
4.750300049781799316e-01 8.665990829467773438e-01 9.956710934638977051e-01 9.999916553497314453e-01
4.514761865139007568e-01 5.554525256156921387e-01 4.786664545536041260e-01 5.746200680732727051e-01
