4.708127975463867188e-01 6.270344257354736328e-01 7.116041183471679688e-01 7.668224573135375977e-01
4.305395483970642090e-01 0.000000000000000000e+00 8.629719614982604980e-01 2.250283211469650269e-01
4.727018177509307861e-01 4.492858350276947021e-01 5.094846487045288086e-01 4.730881154537200928e-01
5.105813145637512207e-01 7.721340060234069824e-01 9.381275773048400879e-01 9.930679202079772949e-01
4.761997163295745850e-01 4.885024726390838623e-01 5.313637256622314453e-01 5.190799832344055176e-01
4.792062938213348389e-01 3.941892981529235840e-01 5.369219779968261719e-01 4.191422462463378906e-01
5.345427393913269043e-01 6.951915621757507324e-01 8.111906647682189941e-01 8.484258055686950684e-01
4.879706501960754395e-01 2.235789597034454346e-01 6.950153708457946777e-01 3.829327523708343506e-01
4.435155987739562988e-01 1.177559047937393188e-01 7.495160698890686035e-01 2.483769208192825317e-01
4.791088700294494629e-01 2.830361127853393555e-01 5.458789467811584473e-01 3.790741562843322754e-01
5.172590017318725586e-01 7.837747335433959961e-01 8.424944877624511719e-01 9.532839059829711914e-01
