4.873272776603698730e-01 2.168939709663391113e-01 6.916844248771667480e-01 3.709973692893981934e-01
4.847134053707122803e-01 4.584796726703643799e-01 5.976544618606567383e-01 5.136173963546752930e-01
5.048829913139343262e-01 3.876564651727676392e-02 7.221375107765197754e-01 2.030788660049438477e-01
4.810712635517120361e-01 3.696387112140655518e-01 6.039767265319824219e-01 4.283785521984100342e-01
4.972705841064453125e-01 3.176299631595611572e-01 6.189078092575073242e-01 3.832235038280487061e-01
4.789126813411712646e-01 4.051049053668975830e-01 5.998352169990539551e-01 4.625071585178375244e-01
4.706323742866516113e-01 3.815252184867858887e-01 5.406715273857116699e-01 4.242594838142395020e-01
4.743103981018066406e-01 4.321468472480773926e-01 5.445225238800048828e-01 4.653387665748596191e-01
4.737436175346374512e-01 5.370438694953918457e-01 5.322660803794860840e-01 5.658391118049621582e-01
4.871706962585449219e-01 5.335144400596618652e-01 6.148620843887329102e-01 5.685808062553405762e-01
