4.949572980403900146e-01 6.570875048637390137e-01 9.898382425308227539e-01 9.640564322471618652e-01
4.869929552078247070e-01 5.000550746917724609e-01 5.241259336471557617e-01 5.193680524826049805e-01
4.881457388401031494e-01 5.407379865646362305e-01 5.359273552894592285e-01 5.638233423233032227e-01
4.846853017807006836e-01 4.518186151981353760e-01 5.167312622070312500e-01 4.696228206157684326e-01
5.106171369552612305e-01 5.325377583503723145e-01 5.756179094314575195e-01 5.630244612693786621e-01
4.753662645816802979e-01 3.986869454383850098e-01 5.262830853462219238e-01 4.185433983802795410e-01
5.442250967025756836e-01 6.220664829015731812e-03 6.687017679214477539e-01 7.199141383171081543e-02
5.598371624946594238e-01 3.097977116703987122e-02 6.663050055503845215e-01 9.376055002212524414e-02
5.360677838325500488e-01 1.350947469472885132e-01 6.563102602958679199e-01 2.211884409189224243e-01
4.787718951702117920e-01 5.489917993545532227e-01 6.750603318214416504e-01 6.610033512115478516e-01
