4.756491482257843018e-01 1.108481213450431824e-01 7.022555470466613770e-01 2.473407983779907227e-01
5.112818479537963867e-01 1.066036522388458252e-02 7.548487186431884766e-01 1.224495172500610352e-01
5.025706291198730469e-01 3.840214312076568604e-01 5.738675594329833984e-01 4.171826541423797607e-01
4.866763949394226074e-01 3.888927996158599854e-01 5.401272177696228027e-01 4.172380268573760986e-01
4.739140868186950684e-01 2.837749123573303223e-01 7.077006697654724121e-01 3.844404220581054688e-01
4.842728078365325928e-01 4.676363468170166016e-01 5.437418222427368164e-01 4.984155297279357910e-01
5.025601983070373535e-01 2.376475930213928223e-02 6.158525347709655762e-01 1.291882991790771484e-01
4.788827896118164062e-01 4.420825242996215820e-01 5.426527261734008789e-01 4.682163596153259277e-01
5.096049308776855469e-01 4.307798743247985840e-01 5.721555948257446289e-01 4.623799920082092285e-01
5.060987472534179688e-01 2.586494684219360352e-01 6.141939163208007812e-01 3.065962195396423340e-01
4.986409544944763184e-01 3.000401854515075684e-01 6.243630051612854004e-01 3.709114789962768555e-01
