5.096679329872131348e-01 6.098816394805908203e-01 9.191259741783142090e-01 8.550205230712890625e-01
4.823989570140838623e-01 1.649027466773986816e-01 7.015421390533447266e-01 3.137717247009277344e-01
4.841880202293395996e-01 2.060680836439132690e-02 7.757449746131896973e-01 2.445314228534698486e-01
4.780259728431701660e-01 1.080545932054519653e-01 7.545952200889587402e-01 2.967630028724670410e-01
4.725822508335113525e-01 4.966267049312591553e-01 5.319082140922546387e-01 5.287603735923767090e-01
4.733552038669586182e-01 3.743020892143249512e-01 5.518165230751037598e-01 4.302540421485900879e-01
4.707266092300415039e-01 5.731325745582580566e-01 5.563142299652099609e-01 6.306993365287780762e-01
5.237090587615966797e-01 0.000000000000000000e+00 9.465253353118896484e-01 1.782727688550949097e-01
4.724051952362060547e-01 4.461527168750762939e-01 5.170592069625854492e-01 4.713990986347198486e-01
4.813906550407409668e-01 5.761684179306030273e-01 5.966446995735168457e-01 6.315226554870605469e-01
4.663327634334564209e-01 2.921315431594848633e-01 6.064108610153198242e-01 3.879251480102539062e-01
