4.822461605072021484e-01 3.361864984035491943e-01 5.128296017646789551e-01 3.582299053668975830e-01
4.853611588478088379e-01 3.988105952739715576e-01 5.158634781837463379e-01 4.152612388134002686e-01
4.842071533203125000e-01 4.500575363636016846e-01 5.172801017761230469e-01 4.674265086650848389e-01
4.876938164234161377e-01 4.863997995853424072e-01 5.198563933372497559e-01 5.043525099754333496e-01
4.791026115417480469e-01 1.602636277675628662e-01 6.115660667419433594e-01 2.304799556732177734e-01
4.890084862709045410e-01 5.577827692031860352e-01 5.170510411262512207e-01 5.745996236801147461e-01
4.964904487133026123e-01 4.297738671302795410e-01 5.733642578125000000e-01 4.625069499015808105e-01
4.948272705078125000e-01 4.687868654727935791e-01 5.807133913040161133e-01 5.039246082305908203e-01
5.115122795104980469e-01 4.037314355373382568e-01 5.591226816177368164e-01 4.282532632350921631e-01
4.731204509735107422e-01 4.038373231887817383e-01 4.867851734161376953e-01 4.135007262229919434e-01
