4.775721132755279541e-01 7.291585206985473633e-01 9.869617223739624023e-01 9.939124584197998047e-01
4.732969999313354492e-01 3.862888514995574951e-01 5.350136756896972656e-01 4.129473865032196045e-01
4.766890406608581543e-01 4.283832907676696777e-01 5.281364321708679199e-01 4.631063938140869141e-01
5.428065061569213867e-01 5.544068664312362671e-02 8.310720920562744141e-01 2.234388291835784912e-01
4.791135191917419434e-01 5.280544757843017578e-01 8.186221718788146973e-01 6.912521123886108398e-01
4.734369814395904541e-01 3.398386836051940918e-01 5.262011289596557617e-01 3.625594973564147949e-01
4.937174916267395020e-01 2.589899599552154541e-01 6.069163680076599121e-01 2.987510859966278076e-01
4.899084866046905518e-01 2.186489552259445190e-01 6.105478405952453613e-01 2.728079855442047119e-01
4.661004543304443359e-01 4.733481705188751221e-01 5.441098213195800781e-01 5.318760275840759277e-01
4.816856980323791504e-01 2.731010317802429199e-01 5.355938076972961426e-01 3.106554150581359863e-01
