5.283954143524169922e-01 3.575965762138366699e-03 9.899557828903198242e-01 2.762921452522277832e-01
5.024501681327819824e-01 2.452031970024108887e-01 6.182747483253479004e-01 3.080327510833740234e-01
5.063248872756958008e-01 2.147653251886367798e-01 5.939553976058959961e-01 2.681803405284881592e-01
4.873110055923461914e-01 4.402116537094116211e-01 5.470277070999145508e-01 4.695270657539367676e-01
4.916860461235046387e-01 3.868240714073181152e-01 5.271413922309875488e-01 4.117036461830139160e-01
5.308991074562072754e-01 3.541032373905181885e-01 6.570656895637512207e-01 4.243396222591400146e-01
4.870537817478179932e-01 3.334625363349914551e-01 5.278518795967102051e-01 3.605974316596984863e-01
5.039070844650268555e-01 3.154788911342620850e-01 5.887601375579833984e-01 3.509500324726104736e-01
5.078825950622558594e-01 4.365687072277069092e-01 5.600433349609375000e-01 4.678274691104888916e-01
4.924812018871307373e-01 4.673136472702026367e-01 5.423380732536315918e-01 4.996053576469421387e-01
5.163671374320983887e-01 3.783882856369018555e-01 5.860640406608581543e-01 4.144992828369140625e-01
4.886589348316192627e-01 2.813173234462738037e-01 5.220069885253906250e-01 3.072554767131805420e-01
