4.971587359905242920e-01 1.246060281991958618e-01 9.049775600433349609e-01 3.355551958084106445e-01
4.985865652561187744e-01 1.186969503760337830e-02 6.960507631301879883e-01 1.356474161148071289e-01
4.939028322696685791e-01 3.913837075233459473e-01 5.275558233261108398e-01 4.181061983108520508e-01
4.874688088893890381e-01 3.398688435554504395e-01 5.251473188400268555e-01 3.663107156753540039e-01
5.185889601707458496e-01 3.803053498268127441e-01 6.001119017601013184e-01 4.230981469154357910e-01
5.109626650810241699e-01 3.347961902618408203e-01 5.799502730369567871e-01 3.687872886657714844e-01
4.876486063003540039e-01 4.475942254066467285e-01 5.401378870010375977e-01 4.722995162010192871e-01
4.898974597454071045e-01 4.724366068840026855e-01 5.427781939506530762e-01 5.035744309425354004e-01
4.837879836559295654e-01 2.871369421482086182e-01 5.169762969017028809e-01 3.239100873470306396e-01
4.943970143795013428e-01 2.710127532482147217e-01 6.020773649215698242e-01 3.336876332759857178e-01
5.535079836845397949e-01 0.000000000000000000e+00 8.348031640052795410e-01 7.009191811084747314e-02
