5.367173552513122559e-01 6.326295435428619385e-03 7.774948477745056152e-01 1.610736250877380371e-01
4.922842681407928467e-01 3.756166100502014160e-01 5.867840647697448730e-01 4.129933118820190430e-01
4.989040195941925049e-01 3.241620659828186035e-01 6.072971820831298828e-01 3.780746459960937500e-01
4.813693463802337646e-01 4.456489980220794678e-01 5.371179580688476562e-01 4.699424803256988525e-01
4.776024520397186279e-01 3.919048607349395752e-01 5.538123250007629395e-01 4.213127791881561279e-01
7.945610284805297852e-01 2.749558538198471069e-03 9.968487024307250977e-01 1.124260276556015015e-01
4.824485182762145996e-01 2.334937453269958496e-01 7.050574421882629395e-01 3.441921472549438477e-01
4.871270358562469482e-01 3.377076089382171631e-01 5.281776785850524902e-01 3.723932802677154541e-01
4.985283017158508301e-01 2.437098622322082520e-01 6.261784434318542480e-01 3.361747264862060547e-01
5.110424757003784180e-01 4.359415173530578613e-01 5.584590435028076172e-01 4.611570835113525391e-01
