4.732718467712402344e-01 1.882350891828536987e-01 6.911133527755737305e-01 3.528651595115661621e-01
4.595227241516113281e-01 3.582315444946289062e-01 5.480097532272338867e-01 4.246024489402770996e-01
4.777358770370483398e-01 5.398955345153808594e-01 6.032342910766601562e-01 5.940170288085937500e-01
4.650128185749053955e-01 5.037415027618408203e-01 5.018878579139709473e-01 5.294767618179321289e-01
4.753791689872741699e-01 5.481345057487487793e-01 5.344298481941223145e-01 5.783380866050720215e-01
4.530501663684844971e-01 4.996386766433715820e-01 4.802485406398773193e-01 5.162843465805053711e-01
4.869154691696166992e-01 9.996667504310607910e-03 7.571154832839965820e-01 2.305396348237991333e-01
5.317413806915283203e-01 3.997825086116790771e-03 9.105672836303710938e-01 1.427495181560516357e-01
4.466769397258758545e-01 4.545356035232543945e-01 4.767384827136993408e-01 4.730566740036010742e-01
4.726980626583099365e-01 5.959687829017639160e-01 5.525249242782592773e-01 6.302695870399475098e-01
4.821035265922546387e-01 5.968367457389831543e-01 6.284932494163513184e-01 6.327798962593078613e-01
4.714485704898834229e-01 2.931125164031982422e-01 6.084829568862915039e-01 4.009925127029418945e-01
4.578927755355834961e-01 5.538989901542663574e-01 4.802056550979614258e-01 5.723248124122619629e-01
4.591224789619445801e-01 4.449494481086730957e-01 5.052810311317443848e-01 4.707988500595092773e-01
