4.711519181728363037e-01 3.761882781982421875e-01 5.162124037742614746e-01 4.052128791809082031e-01
4.589276015758514404e-01 4.455133378505706787e-01 4.864267408847808838e-01 4.661134183406829834e-01
4.663122892379760742e-01 4.377493560314178467e-01 5.085683465003967285e-01 4.633349478244781494e-01
4.787564873695373535e-01 2.644429802894592285e-01 5.356592535972595215e-01 3.146634101867675781e-01
4.939480125904083252e-01 4.512774050235748291e-01 5.903465151786804199e-01 5.192285776138305664e-01
4.807727336883544922e-01 3.523975610733032227e-01 5.334677696228027344e-01 3.803651928901672363e-01
4.923707246780395508e-01 2.654747366905212402e-01 5.813413858413696289e-01 3.191199302673339844e-01
4.673625528812408447e-01 4.884102642536163330e-01 5.093244910240173340e-01 5.144901871681213379e-01
4.563459455966949463e-01 5.043554306030273438e-01 4.819612801074981689e-01 5.225585699081420898e-01
4.457831680774688721e-01 3.911529779434204102e-01 4.844615757465362549e-01 4.171305298805236816e-01
