4.968351125717163086e-01 9.233831614255905151e-02 7.417144775390625000e-01 2.756843268871307373e-01
5.825208425521850586e-01 6.372516155242919922e-01 9.887776374816894531e-01 1.000000000000000000e+00
4.663351774215698242e-01 4.467588663101196289e-01 5.173372030258178711e-01 4.772219657897949219e-01
4.882342517375946045e-01 2.930880486965179443e-01 5.927033424377441406e-01 3.966722786426544189e-01
5.210196971893310547e-01 2.598729729652404785e-02 7.794990539550781250e-01 2.353064119815826416e-01
4.699239432811737061e-01 3.738688230514526367e-01 5.367050766944885254e-01 4.317384958267211914e-01
4.806948304176330566e-01 3.568429946899414062e-01 6.239528059959411621e-01 4.386236667633056641e-01
5.362257957458496094e-01 0.000000000000000000e+00 9.598379135131835938e-01 1.887522935867309570e-01
4.889739453792572021e-01 5.235031247138977051e-01 6.003178358078002930e-01 5.833551287651062012e-01
4.657756686210632324e-01 4.843224883079528809e-01 5.205872058868408203e-01 5.070483684539794922e-01
