5.360658764839172363e-01 1.709133833646774292e-01 9.837577939033508301e-01 3.855362534523010254e-01
4.967755973339080811e-01 5.381082892417907715e-01 6.189902424812316895e-01 5.889636874198913574e-01
4.814845025539398193e-01 3.857980966567993164e-01 5.381178259849548340e-01 4.267060160636901855e-01
4.931061267852783203e-01 3.777559399604797363e-01 5.840101242065429688e-01 4.206905364990234375e-01
4.915785193443298340e-01 4.332506060600280762e-01 5.763768553733825684e-01 4.751967191696166992e-01
4.823926091194152832e-01 4.395106434822082520e-01 5.401698946952819824e-01 4.734408855438232422e-01
4.985647499561309814e-01 1.310700774192810059e-01 5.930567979812622070e-01 2.166257500648498535e-01
4.841364324092864990e-01 3.247679173946380615e-01 5.320329666137695312e-01 3.732531368732452393e-01
4.902653992176055908e-01 2.097845673561096191e-01 5.388257503509521484e-01 2.737291455268859863e-01
5.638638138771057129e-01 3.981904685497283936e-02 9.829930663108825684e-01 3.380894660949707031e-01
5.011476278305053711e-01 5.006197690963745117e-01 5.758557319641113281e-01 5.302356481552124023e-01
7.149399518966674805e-01 0.000000000000000000e+00 9.934445619583129883e-01 2.763271331787109375e-01
5.011145472526550293e-01 5.986172556877136230e-01 5.889893174171447754e-01 6.265775561332702637e-01
