4.670605659484863281e-01 7.229074835777282715e-04 8.459384441375732422e-01 2.036240100860595703e-01
4.804776906967163086e-01 1.106764152646064758e-01 6.962323188781738281e-01 2.706967294216156006e-01
4.624856710433959961e-01 3.585078418254852295e-01 5.548676252365112305e-01 4.259553253650665283e-01
4.728622436523437500e-01 1.219245269894599915e-01 6.670463085174560547e-01 3.403178155422210693e-01
4.925395250320434570e-01 5.312973260879516602e-01 5.944259166717529297e-01 5.874119997024536133e-01
4.527731537818908691e-01 4.517283737659454346e-01 4.791736602783203125e-01 4.705937206745147705e-01
4.787212908267974854e-01 2.864135503768920898e-01 6.123244762420654297e-01 3.822445869445800781e-01
4.679100513458251953e-01 5.088213086128234863e-01 5.052415132522583008e-01 5.286639332771301270e-01
4.764859676361083984e-01 5.437825918197631836e-01 5.315277576446533203e-01 5.719153881072998047e-01
4.694182574748992920e-01 3.067612648010253906e-02 7.615666389465332031e-01 2.291421890258789062e-01
4.776448011398315430e-01 2.313621938228607178e-01 6.635874509811401367e-01 3.636058270931243896e-01
4.563781619071960449e-01 5.018681883811950684e-01 4.830196499824523926e-01 5.166152119636535645e-01
4.639199078083038330e-01 4.474927783012390137e-01 5.046515464782714844e-01 4.702849388122558594e-01
4.519769549369812012e-01 3.078227341175079346e-01 5.626598000526428223e-01 3.925048410892486572e-01
