4.498074650764465332e-01 2.894166409969329834e-01 5.417087674140930176e-01 4.053866565227508545e-01
4.715217649936676025e-01 4.766692817211151123e-01 5.162701606750488281e-01 5.129998326301574707e-01
4.797775447368621826e-01 1.705812513828277588e-01 5.830280184745788574e-01 2.756284773349761963e-01
4.679397940635681152e-01 3.661029040813446045e-01 5.427806973457336426e-01 4.232221543788909912e-01
4.618020951747894287e-01 9.155340790748596191e-01 4.867317378520965576e-01 9.494184851646423340e-01
4.631040692329406738e-01 5.354952812194824219e-01 4.999783039093017578e-01 5.681142807006835938e-01
4.525376260280609131e-01 6.567468643188476562e-01 4.886656105518341064e-01 6.770123243331909180e-01
4.729242026805877686e-01 4.408968687057495117e-01 5.300186872482299805e-01 4.795196652412414551e-01
4.530837237834930420e-01 7.566730976104736328e-01 4.834270775318145752e-01 7.805293798446655273e-01
4.561700522899627686e-01 8.605871796607971191e-01 4.852090775966644287e-01 8.891796469688415527e-01
4.570554196834564209e-01 8.202615976333618164e-01 4.857976138591766357e-01 8.397188186645507812e-01
4.543280005455017090e-01 5.414075255393981934e-01 4.852474927902221680e-01 5.673264861106872559e-01
4.539155066013336182e-01 7.225622534751892090e-01 4.840139448642730713e-01 7.420541644096374512e-01
4.523461461067199707e-01 6.174423694610595703e-01 4.850508570671081543e-01 6.344871520996093750e-01
4.799482524394989014e-01 9.621989727020263672e-01 5.158162117004394531e-01 9.963485002517700195e-01
4.605261087417602539e-01 6.170377731323242188e-01 5.042119026184082031e-01 6.354019641876220703e-01
