4.533865153789520264e-01 1.255119591951370239e-02 8.850988149642944336e-01 2.478911578655242920e-01
5.514568090438842773e-01 6.347385644912719727e-01 9.941353797912597656e-01 8.779329061508178711e-01
4.992919564247131348e-01 5.317281484603881836e-01 5.876466631889343262e-01 5.820065736770629883e-01
4.756947755813598633e-01 4.368215203285217285e-01 5.260925292968750000e-01 4.645979404449462891e-01
4.831809997558593750e-01 3.148684203624725342e-01 6.004939079284667969e-01 3.847038447856903076e-01
4.816512465476989746e-01 4.960551857948303223e-01 5.264543890953063965e-01 5.183590054512023926e-01
4.748015403747558594e-01 3.821566700935363770e-01 5.464515686035156250e-01 4.242133498191833496e-01
4.673904180526733398e-01 2.314518541097640991e-01 7.160243988037109375e-01 3.383660912513732910e-01
5.695940256118774414e-01 6.844837665557861328e-01 9.897344112396240234e-01 9.635938405990600586e-01
4.858343303203582764e-01 5.342109203338623047e-01 5.314118862152099609e-01 5.695198774337768555e-01
4.508768916130065918e-01 9.174531698226928711e-02 7.476889491081237793e-01 2.634792327880859375e-01
5.107454657554626465e-01 5.776244997978210449e-01 7.481966614723205566e-01 6.961329579353332520e-01
5.875902771949768066e-01 7.714390754699707031e-01 9.958502650260925293e-01 1.000000000000000000e+00
5.471626520156860352e-01 1.888640224933624268e-03 9.734144210815429688e-01 1.206545159220695496e-01
