5.306029319763183594e-01 1.352915167808532715e-01 7.829434871673583984e-01 2.972521781921386719e-01
4.735439717769622803e-01 4.421118497848510742e-01 5.257132649421691895e-01 4.712867736816406250e-01
5.766382813453674316e-01 6.168492138385772705e-03 9.431049227714538574e-01 1.472357809543609619e-01
4.835365712642669678e-01 2.953503727912902832e-01 6.250491142272949219e-01 3.742026090621948242e-01
4.628038108348846436e-01 5.450049042701721191e-01 5.240454673767089844e-01 5.754836201667785645e-01
4.708791077136993408e-01 5.841985344886779785e-01 7.752116918563842773e-01 7.482519745826721191e-01
4.719570875167846680e-01 5.086596012115478516e-01 5.103942751884460449e-01 5.274779796600341797e-01
4.605190157890319824e-01 5.785987973213195801e-01 5.202998518943786621e-01 6.155679821968078613e-01
4.475910961627960205e-01 5.509188175201416016e-01 4.802614152431488037e-01 5.794656276702880859e-01
4.373372495174407959e-01 7.119542360305786133e-01 4.879865348339080811e-01 7.964183092117309570e-01
4.875771701335906982e-01 4.062187969684600830e-01 5.393279790878295898e-01 4.266403615474700928e-01
5.014793872833251953e-01 3.849436342716217041e-01 5.706572532653808594e-01 4.091576635837554932e-01
