4.795318543910980225e-01 3.952894508838653564e-01 5.143299698829650879e-01 4.212854802608489990e-01
4.765326082706451416e-01 4.347344040870666504e-01 5.118163228034973145e-01 4.571274518966674805e-01
5.182865262031555176e-01 3.394067287445068359e-03 7.449602484703063965e-01 1.318868994712829590e-01
4.779399633407592773e-01 4.901638329029083252e-01 5.260293483734130859e-01 5.170106291770935059e-01
4.686948955059051514e-01 5.318891406059265137e-01 5.634814500808715820e-01 5.770447850227355957e-01
4.541545510292053223e-01 5.843065977096557617e-01 6.686361432075500488e-01 7.162556648254394531e-01
4.716572463512420654e-01 3.497037291526794434e-01 5.115776062011718750e-01 3.694967627525329590e-01
4.981349408626556396e-01 4.710254669189453125e-01 5.692650675773620605e-01 5.193665623664855957e-01
4.710280895233154297e-01 5.804632306098937988e-01 5.540022850036621094e-01 6.272901892662048340e-01
4.739002883434295654e-01 1.457660198211669922e-01 5.362426042556762695e-01 2.138651907444000244e-01
4.862980544567108154e-01 1.259519904851913452e-01 6.464700698852539062e-01 2.250418514013290405e-01
