4.552138149738311768e-01 6.197780966758728027e-01 5.694220066070556641e-01 6.928909420967102051e-01
4.525137543678283691e-01 6.666561961174011230e-01 5.791730284690856934e-01 7.658829092979431152e-01
4.559594988822937012e-01 5.893252491950988770e-01 5.329746007919311523e-01 6.291628479957580566e-01
5.327339172363281250e-01 1.099742501974105835e-01 5.733608007431030273e-01 1.445453315973281860e-01
4.687471091747283936e-01 5.348440408706665039e-01 5.494539737701416016e-01 5.926520824432373047e-01
5.405932068824768066e-01 7.461018860340118408e-02 5.765621066093444824e-01 1.043681502342224121e-01
4.595083892345428467e-01 4.083355367183685303e-01 5.409173369407653809e-01 4.501518309116363525e-01
5.125246047973632812e-01 1.493471413850784302e-01 8.637195825576782227e-01 3.749042749404907227e-01
3.879470229148864746e-01 8.419526815414428711e-01 6.430558562278747559e-01 9.927983283996582031e-01
4.500280022621154785e-01 7.078610658645629883e-01 5.852351784706115723e-01 7.823349237442016602e-01
4.278842508792877197e-01 7.851186394691467285e-01 5.875685214996337891e-01 8.656751513481140137e-01
4.690764546394348145e-01 5.245122313499450684e-01 6.199151873588562012e-01 5.968191027641296387e-01
4.789330065250396729e-01 3.720282912254333496e-01 6.032470464706420898e-01 4.321545362472534180e-01
4.577403068542480469e-01 3.790566921234130859e-01 5.750666856765747070e-01 4.479326605796813965e-01
