5.401645898818969727e-01 3.117893636226654053e-02 9.745424985885620117e-01 3.067287206649780273e-01
5.001797080039978027e-01 4.919897019863128662e-01 5.354068875312805176e-01 5.108165740966796875e-01
4.976295232772827148e-01 4.542464613914489746e-01 5.299900770187377930e-01 4.690554738044738770e-01
5.064736008644104004e-01 3.954251110553741455e-01 6.005727648735046387e-01 4.219777286052703857e-01
5.088515281677246094e-01 2.789149284362792969e-01 5.870709419250488281e-01 3.282215595245361328e-01
5.046214461326599121e-01 3.246886134147644043e-01 6.187962889671325684e-01 3.830198645591735840e-01
4.929780662059783936e-01 4.131968915462493896e-01 5.212182402610778809e-01 4.245318472385406494e-01
5.097094774246215820e-01 4.883009493350982666e-01 5.637397766113281250e-01 5.166611075401306152e-01
5.170676112174987793e-01 5.646982789039611816e-01 6.998186707496643066e-01 6.411157250404357910e-01
4.923903644084930420e-01 2.954089939594268799e-01 6.869060993194580078e-01 4.029981791973114014e-01
