4.612126350402832031e-01 7.801728248596191406e-01 9.918794631958007812e-01 9.982659816741943359e-01
5.002982616424560547e-01 0.000000000000000000e+00 9.752070903778076172e-01 1.662030518054962158e-01
4.952384531497955322e-01 4.611349105834960938e-01 5.946223139762878418e-01 5.126509666442871094e-01
4.797776937484741211e-01 2.931390404701232910e-01 6.166119575500488281e-01 3.906919360160827637e-01
4.757535159587860107e-01 7.072308659553527832e-02 8.292709589004516602e-01 3.167168200016021729e-01
4.763092696666717529e-01 4.264853298664093018e-01 5.540857315063476562e-01 4.648465216159820557e-01
4.840877056121826172e-01 4.979031383991241455e-01 5.290582180023193359e-01 5.258737802505493164e-01
4.911541938781738281e-01 4.218884408473968506e-01 5.781075954437255859e-01 4.632613360881805420e-01
4.882971048355102539e-01 3.709491789340972900e-01 6.009171009063720703e-01 4.171623289585113525e-01
4.884641766548156738e-01 5.326505899429321289e-01 5.263429284095764160e-01 5.566833019256591797e-01
4.837362766265869141e-01 7.415788173675537109e-01 7.303869724273681641e-01 8.628466129302978516e-01
4.876556992530822754e-01 7.588586211204528809e-01 5.931834578514099121e-01 8.587130904197692871e-01
4.751830697059631348e-01 3.760286569595336914e-01 5.583191514015197754e-01 4.262079000473022461e-01
