4.882203936576843262e-01 4.434632956981658936e-01 5.296965241432189941e-01 4.645739495754241943e-01
4.934022724628448486e-01 4.144946038722991943e-01 5.307509303092956543e-01 4.318237602710723877e-01
4.876746535301208496e-01 3.257081806659698486e-01 6.375228762626647949e-01 3.888071477413177490e-01
4.840589463710784912e-01 4.837127029895782471e-01 5.304771065711975098e-01 5.032352805137634277e-01
4.893463253974914551e-01 1.708832830190658569e-01 5.520747303962707520e-01 2.187398523092269897e-01
4.997950792312622070e-01 4.336471855640411377e-01 5.750615596771240234e-01 4.636752903461456299e-01
4.962060153484344482e-01 1.097220033407211304e-01 5.697391033172607422e-01 1.679516881704330444e-01
4.881725609302520752e-01 4.191877692937850952e-02 5.833016037940979004e-01 1.291560530662536621e-01
4.590795934200286865e-01 4.604713320732116699e-01 4.774025976657867432e-01 4.732813835144042969e-01
4.889053702354431152e-01 4.704499244689941406e-01 5.801725983619689941e-01 5.076879858970642090e-01
