4.269214868545532227e-01 5.887618660926818848e-01 8.355046510696411133e-01 8.170503973960876465e-01
5.616859793663024902e-01 7.735555171966552734e-01 9.980457425117492676e-01 1.000000000000000000e+00
5.276969671249389648e-01 0.000000000000000000e+00 9.907695055007934570e-01 2.133844792842864990e-01
5.063558816909790039e-01 1.721394360065460205e-01 9.473664760589599609e-01 3.350610435009002686e-01
5.072209835052490234e-01 3.812215030193328857e-01 5.822734832763671875e-01 4.259006083011627197e-01
4.892394542694091797e-01 3.978520035743713379e-01 5.269006490707397461e-01 4.238997101783752441e-01
4.904243052005767822e-01 4.473699331283569336e-01 5.190809369087219238e-01 4.656111598014831543e-01
5.158534646034240723e-01 4.909681081771850586e-01 5.613203644752502441e-01 5.296077728271484375e-01
5.017116069793701172e-01 4.932054877281188965e-01 5.330761671066284180e-01 5.184370875358581543e-01
5.321916937828063965e-01 5.217720866203308105e-01 5.948042273521423340e-01 5.692275166511535645e-01
