5.895320177078247070e-01 3.962570428848266602e-02 9.837625026702880859e-01 2.921528816223144531e-01
4.986384212970733643e-01 6.197407841682434082e-01 9.117074012756347656e-01 8.410525918006896973e-01
4.981719255447387695e-01 2.523028552532196045e-01 7.424799203872680664e-01 3.923134505748748779e-01
5.130594372749328613e-01 4.855111539363861084e-01 5.712066292762756348e-01 5.166143178939819336e-01
5.133737325668334961e-01 3.865988254547119141e-01 5.670233964920043945e-01 4.190081357955932617e-01
5.132881402969360352e-01 4.284790754318237305e-01 5.544265508651733398e-01 4.582045674324035645e-01
5.189276933670043945e-01 2.271361649036407471e-01 7.831642627716064453e-01 3.514338433742523193e-01
5.039205551147460938e-01 4.442383646965026855e-01 5.409806966781616211e-01 4.663758873939514160e-01
5.056495666503906250e-01 4.002909064292907715e-01 5.404943227767944336e-01 4.272255301475524902e-01
5.081301927566528320e-01 5.411527752876281738e-01 6.009013652801513672e-01 5.712024569511413574e-01
